91|145,0,0,0,0,0,0,0,0,0,0,0,0,0,0,0,0,,,,
117|126,0,0,0,0,0,0,0,0,0,0,0,0,0,0,0,0,,,,
104|139,0,0,0,0,0,0,0,0,0,0,0,1,0,0,0,0,,,,
14|138,0,0,0,0,0,0,0,0,0,0,0,0,0,0,0,0,,,,
23|90,0,0,0,0,0,0,0,0,0,0,0,0,0,0,0,0,,,,
63|8,0,0,0,0,1,0,0,0,0,0,0,0,0,0,0,0,,,,
40|76,0,0,0,0,0,0,0,0,0,0,0,0,0,0,0,0,,,,
104|99,0,0,0,0,0,0,0,0,0,0,0,0,0,0,0,0,,,,
1|91,0,0,0,0,0,0,0,0,0,0,0,0,0,0,0,0,,,,
88|22,0,0,0,0,0,0,0,0,0,0,0,0,0,0,0,0,0|0#1|0#2|0#3|0#4|0#5|0#6|0#7|0#8|0#9|0#10|0#11|0#12|0,,,
66|137,0,0,0,0,0,0,0,0,0,0,0,0,0,0,0,0,,,,
98|39,0,0,0,0,0,0,0,0,0,0,0,0,0,0,0,0,,,,
111|68,0,0,1,0,0,0,0,0,1,0,0,4,1,0,0,0,0|0#1|0#2|0#3|0#4|0#5|0#6|0#7|0#8|0#9|0#10|0#11|0#12|0,0|0#1|0#2|0#3|0#4|0#5|0#6|0#7|0#8|0#9|0#10|0#11|0#12|0,0|0#1|0#2|0#3|0#4|0#5|0#6|0#7|0#8|0#9|0#10|0#11|0#12|0,0|0#1|0#2|0#3|0#4|0#5|0#6|0#7|0#8|0#9|0#10|0#11|0#12|0
69|11,0,0,0,0,0,0,0,0,1,0,0,0,0,0,0,0,,,,
79|28,0,0,0,0,0,0,0,0,1,0,0,9,1,0,0,0,,,,
13|121,0,0,0,0,0,0,0,0,0,0,0,0,0,0,0,0,,,,
21|65,0,0,0,0,0,0,0,0,0,0,0,0,0,0,0,0,,,,
101|51,164,50,665,8,14,47,16,27,17,6,180,4,11,0,0,0,0|0#1|0#2|0#3|4#4|4#5|3#6|4#7|4#8|4#9|4#10|4#11|4#12|0,0|0#1|0#2|0#3|4#4|3#5|2#6|2#7|2#8|2#9|3#10|3#11|3#12|0,0|0#1|0#2|0#3|4#4|3#5|3#6|4#7|3#8|4#9|4#10|4#11|4#12|0,0|0#1|0#2|0#3|4#4|3#5|2#6|2#7|2#8|3#9|3#10|3#11|3#12|0
122|3,0,0,0,0,0,0,0,0,0,0,0,0,0,0,0,0,,,,
142|134,7,8,1,1,0,1,1,0,1,0,1,1,0,0,0,0,,,,
52|133,0,0,0,0,0,0,0,0,0,0,0,0,0,0,0,0,,,,
130|79,0,0,0,0,0,0,0,0,0,0,0,0,0,0,0,0,,,,
27|125,0,0,0,0,0,0,0,0,0,0,0,0,0,0,0,0,,,,
103|122,0,0,1,0,0,1,1,0,1,0,0,1,0,0,0,0,,,,
120|62,0,0,0,0,0,0,0,0,0,0,0,0,0,0,0,0,,,,
5|135,0,0,0,0,0,0,0,0,0,0,0,0,0,0,0,0,,,,
14|96,0,0,0,0,0,0,0,0,0,0,0,0,0,0,0,0,,,,
65|120,0,0,0,0,0,0,0,0,0,0,0,0,0,0,0,0,,,,
113|93,0,0,0,0,0,0,0,0,0,0,0,0,0,0,0,0,,,,
79|124,0,0,0,0,0,0,0,0,0,0,0,0,0,0,0,0,,,,
