12|106,0,0,0,0,0,0,0,0,0,0,0,0,0,0,0,0,,,,
103|78,0,0,0,0,0,0,0,0,0,0,0,0,0,0,0,0,0|0#1|0#2|0#3|0#4|0#5|0#6|0#7|0#8|0#9|0#10|0#11|0#12|0,0|0#1|0#2|0#3|0#4|2#5|2#6|0#7|0#8|0#9|0#10|0#11|0#12|0,0|0#1|0#2|0#3|0#4|0#5|0#6|0#7|0#8|0#9|0#10|0#11|0#12|0,0|0#1|0#2|0#3|0#4|2#5|0#6|0#7|0#8|0#9|0#10|0#11|0#12|0
32|86,0,0,0,0,0,0,0,0,0,0,0,0,0,0,0,0,,,,
110|47,0,0,0,0,0,0,0,0,0,0,0,0,0,0,0,0,,0|0#1|0#2|0#3|0#4|0#5|0#6|0#7|0#8|0#9|0#10|0#11|0#12|0,,0|0#1|0#2|0#3|0#4|0#5|0#6|0#7|0#8|0#9|0#10|0#11|0#12|0
41|80,0,0,0,0,0,0,0,0,0,0,0,0,0,0,0,0,,,,
122|89,0,0,0,0,0,0,0,0,0,0,0,2,0,0,0,0,,,,
60|91,0,0,0,0,0,0,0,0,0,0,0,0,0,0,0,0,,,,
141|119,0,0,0,0,0,0,0,0,0,0,0,0,0,0,0,0,,,,
51|118,0,0,0,0,0,0,0,0,0,0,0,0,0,0,0,0,,,,
150|94,0,0,0,0,0,0,0,0,0,0,0,0,0,0,0,0,,,,
99|43,1,7,0,0,0,1,0,0,0,0,0,0,1,0,0,0,0|0#1|0#2|0#3|1#4|2#5|2#6|2#7|2#8|2#9|2#10|2#11|2#12|0,0|0#1|0#2|0#3|0#4|1#5|2#6|1#7|2#8|2#9|1#10|1#11|2#12|0,0|0#1|0#2|0#3|2#4|2#5|2#6|2#7|2#8|2#9|2#10|2#11|2#12|0,0|0#1|0#2|0#3|0#4|2#5|2#6|2#7|2#8|1#9|0#10|1#11|0#12|0
97|18,0,0,0,0,0,0,0,0,0,0,0,0,0,0,0,0,,,,
119|141,0,0,0,0,0,0,0,1,0,0,0,0,0,0,0,0,,,,
0|70,0,0,0,0,0,0,0,0,0,0,0,0,0,0,0,0,,,,
140|5,0,0,0,0,0,0,0,0,0,0,0,0,0,0,0,0,,,,
112|72,2,2,2,0,0,0,0,2,0,1,2,3,1,0,0,0,0|0#1|0#2|0#3|0#4|0#5|0#6|0#7|0#8|0#9|0#10|0#11|0#12|0,0|0#1|0#2|0#3|0#4|0#5|0#6|0#7|0#8|0#9|0#10|0#11|0#12|0,0|0#1|0#2|0#3|0#4|0#5|1#6|0#7|1#8|0#9|0#10|0#11|0#12|0,0|0#1|0#2|0#3|0#4|0#5|0#6|0#7|0#8|0#9|0#10|0#11|0#12|0
13|75,0,0,0,0,0,0,0,0,0,0,0,0,0,0,0,0,,,,
50|101,0,0,0,0,0,0,0,0,0,0,0,0,0,0,0,0,,,,
114|7,0,0,0,0,0,0,0,0,0,0,0,0,0,0,0,0,,,,
64|105,0,0,0,0,0,0,0,0,0,0,0,0,0,0,0,0,,,,
10|0,1,0,0,0,0,0,0,0,0,0,0,2,0,0,0,0,,,,
51|97,0,0,0,0,0,0,0,0,0,0,0,0,0,0,0,0,,,,
78|109,2,0,4,0,3,1,1,0,3,0,4,1,0,0,0,0,,,,
3|103,0,0,0,0,0,0,0,0,0,0,0,0,0,0,0,0,,,,
29|140,0,0,0,0,0,0,0,0,0,0,0,0,0,0,0,0,,,,
100|30,0,0,0,0,0,0,0,0,0,0,0,0,0,0,0,0,,,,
131|83,4,3,9,6,0,0,0,0,0,0,0,8,0,0,0,0,0|0#1|0#2|0#3|2#4|0#5|2#6|1#7|2#8|2#9|2#10|1#11|1#12|0,0|0#1|0#2|0#3|2#4|0#5|0#6|0#7|2#8|0#9|0#10|0#11|0#12|0,0|0#1|0#2|0#3|1#4|1#5|1#6|2#7|2#8|2#9|2#10|1#11|1#12|0,0|0#1|0#2|0#3|1#4|0#5|0#6|1#7|0#8|0#9|0#10|0#11|0#12|0
20|44,0,0,0,0,0,0,0,0,0,0,0,0,0,0,0,0,,,,
102|107,0,0,0,0,0,0,0,0,0,0,0,0,0,0,0,0,,,,
140|102,0,0,0,0,0,0,0,0,0,0,0,0,0,0,0,0,,,,
