59|76,0,0,0,0,0,0,1,0,1,0,0,0,0,0,0,0,,,,
97|98,0,0,0,0,0,0,0,0,0,0,0,0,0,0,0,0,,,,
139|62,0,0,0,0,0,1,0,0,0,0,0,0,0,0,0,0,,,,
146|31,16,14,12,8,2,2,0,1,1,1,6,9,2,0,0,0,0|0#1|0#2|0#3|0#4|0#5|0#6|0#7|0#8|0#9|0#10|0#11|0#12|0,0|0#1|0#2|0#3|0#4|0#5|0#6|0#7|0#8|0#9|0#10|0#11|0#12|0,0|0#1|0#2|0#3|0#4|0#5|0#6|0#7|0#8|0#9|0#10|0#11|0#12|0,0|0#1|0#2|0#3|0#4|0#5|0#6|0#7|0#8|0#9|0#10|0#11|0#12|0
78|87,0,0,0,0,0,0,1,0,1,0,0,0,0,0,0,0,,,,
21|126,0,0,0,0,0,0,0,0,0,0,0,0,0,0,0,0,,,,
68|70,0,0,0,0,0,0,0,0,0,0,0,0,0,0,0,0,,,,
19|29,0,0,0,0,0,0,0,0,1,0,0,0,0,0,0,0,,,,
66|45,0,0,0,0,0,0,0,0,0,0,0,0,0,0,0,0,,,,
94|50,9,4,28,2,5,1,1,3,2,0,12,2,1,0,0,0,0|0#1|0#2|0#3|0#4|0#5|1#6|0#7|1#8|0#9|0#10|0#11|0#12|0,0|0#1|0#2|0#3|0#4|0#5|0#6|0#7|0#8|0#9|0#10|0#11|0#12|0,0|0#1|0#2|0#3|0#4|0#5|0#6|1#7|1#8|0#9|0#10|0#11|0#12|0,0|0#1|0#2|0#3|0#4|0#5|0#6|0#7|0#8|0#9|0#10|0#11|0#12|0
66|6,0,0,0,0,0,0,0,0,0,0,0,0,0,0,0,0,,,,
110|110,0,0,0,0,0,0,0,0,1,0,0,0,0,0,0,0,,,,
137|37,0,0,0,0,0,0,0,0,0,0,0,0,1,0,0,0,0|0#1|0#2|0#3|0#4|0#5|0#6|0#7|0#8|0#9|0#10|0#11|0#12|0,,0|0#1|0#2|0#3|0#4|0#5|0#6|0#7|0#8|0#9|0#10|0#11|0#12|0,
149|79,0,0,0,0,0,0,0,0,0,0,0,0,0,0,0,0,,,0|0#1|0#2|0#3|0#4|0#5|0#6|0#7|0#8|0#9|0#10|0#11|0#12|0,
48|117,0,0,0,0,0,0,0,0,0,0,0,0,0,0,0,0,,,,
86|112,0,0,0,0,0,0,0,1,0,0,0,0,0,0,0,0,,,,
138|118,0,0,0,0,0,0,0,0,0,0,0,0,0,0,0,0,,,,
73|125,0,0,0,0,0,0,0,0,0,0,0,0,0,0,0,0,,,,
34|113,0,0,0,0,0,0,0,0,0,0,0,0,0,0,0,0,,,,
28|23,0,1,0,0,1,1,1,0,0,0,0,0,0,0,0,0,,,0|0#1|0#2|0#3|0#4|0#5|0#6|0#7|0#8|0#9|0#10|0#11|0#12|0,
47|34,0,0,0,1,0,0,0,0,0,0,0,3,1,0,0,0,,,,
47|100,0,0,0,0,0,0,0,0,0,0,0,0,0,0,0,0,,,,
87|129,0,0,0,0,0,0,0,0,0,0,0,0,0,0,0,0,,,,
127|20,0,0,0,0,0,0,0,0,0,0,0,0,0,0,0,0,,,,
60|138,0,0,0,0,0,0,0,0,0,0,0,0,0,0,0,0,,,,
85|56,1,4,0,0,0,1,1,1,0,0,0,1,0,0,0,0,0|0#1|0#2|0#3|2#4|2#5|2#6|2#7|2#8|2#9|2#10|2#11|2#12|0,0|0#1|0#2|0#3|2#4|1#5|1#6|1#7|1#8|2#9|1#10|1#11|2#12|0,0|0#1|0#2|0#3|2#4|2#5|2#6|2#7|2#8|2#9|2#10|2#11|2#12|0,0|0#1|0#2|0#3|2#4|0#5|1#6|0#7|1#8|1#9|1#10|1#11|2#12|0
124|114,1,0,0,0,0,0,0,0,1,0,0,26,0,0,0,0,,,,
137|101,0,0,0,0,0,0,0,0,0,0,0,0,0,0,0,0,,,,
92|4,0,0,0,0,0,0,0,0,1,0,0,0,0,0,0,0,,,,
73|14,0,0,0,0,0,0,0,0,2,0,0,0,0,0,0,0,,,,
125|1,0,0,0,0,0,0,0,0,0,0,0,0,0,0,0,0,,,,
150|139,0,0,0,0,0,0,0,0,0,0,0,0,0,0,0,0,,,,
118|26,0,0,0,0,0,0,0,0,0,0,0,0,1,0,0,0,,,,
92|25,0,0,0,0,0,0,0,0,0,0,0,0,1,0,0,0,,,,
6|24,0,0,0,0,0,0,0,0,0,0,0,0,0,0,0,0,,,,
87|81,0,1,0,0,0,0,1,2,0,0,0,0,0,0,0,0,0|0#1|0#2|0#3|0#4|0#5|0#6|0#7|0#8|0#9|0#10|0#11|0#12|0,,0|0#1|0#2|0#3|0#4|0#5|0#6|0#7|0#8|0#9|0#10|0#11|0#12|0,
111|127,0,0,0,0,0,0,0,0,0,0,0,0,0,0,0,0,,,,
