106|46,0,0,0,0,0,0,0,0,0,0,0,0,0,0,0,0,,0|0#1|0#2|0#3|0#4|0#5|0#6|0#7|0#8|0#9|0#10|0#11|0#12|0,0|0#1|0#2|0#3|0#4|0#5|0#6|0#7|0#8|0#9|0#10|0#11|0#12|0,0|0#1|0#2|0#3|0#4|0#5|0#6|0#7|0#8|0#9|0#10|0#11|0#12|0
138|2,0,0,0,0,0,0,0,0,0,0,0,0,0,0,0,0,,,,
23|12,0,0,0,0,0,0,0,0,0,0,0,0,0,0,0,0,,,,
79|7,0,0,0,0,0,0,0,0,1,0,0,4,1,0,0,0,,,,
42|23,0,0,0,0,0,0,0,0,0,0,0,0,0,0,0,0,,,,
127|82,0,0,0,0,0,0,0,0,0,0,0,0,0,0,0,0,0|0#1|0#2|0#3|0#4|0#5|0#6|0#7|0#8|0#9|0#10|0#11|0#12|0,0|0#1|0#2|0#3|0#4|0#5|0#6|0#7|0#8|0#9|0#10|0#11|0#12|0,0|0#1|0#2|0#3|0#4|0#5|0#6|0#7|0#8|0#9|0#10|0#11|0#12|0,0|0#1|0#2|0#3|0#4|0#5|0#6|0#7|0#8|0#9|0#10|0#11|0#12|0
115|40,0,0,0,0,0,0,0,0,0,0,0,0,0,0,0,0,,,,
1|13,0,0,0,0,0,0,0,0,0,0,0,0,0,0,0,0,,,,
92|87,0,0,0,0,0,2,1,0,0,0,0,3,1,0,0,0,0|0#1|0#2|0#3|2#4|1#5|0#6|0#7|1#8|1#9|0#10|0#11|0#12|0,0|0#1|0#2|0#3|0#4|0#5|0#6|0#7|0#8|0#9|0#10|0#11|0#12|0,0|0#1|0#2|0#3|2#4|0#5|0#6|0#7|1#8|0#9|0#10|0#11|0#12|0,0|0#1|0#2|0#3|0#4|0#5|0#6|0#7|0#8|0#9|0#10|0#11|0#12|0
33|29,0,0,0,0,0,0,0,0,0,0,0,0,0,0,0,0,,,,
56|102,2,3,0,0,0,0,0,3,0,1,1,0,1,0,0,0,,,,
47|96,0,0,0,0,0,0,0,0,0,0,0,0,0,0,0,0,,,,
133|116,24,9,17,1,1,0,0,47,2,1,4,4,2,2,0,0,,,,
9|104,0,0,0,0,0,0,0,0,0,0,0,0,0,0,0,0,,,,
6|86,0,0,0,0,0,0,0,0,0,0,0,0,0,0,0,0,,,,
43|115,0,0,0,0,0,0,0,0,0,0,0,0,0,0,0,0,,,,
82|127,0,0,0,0,0,0,0,0,0,0,0,0,0,0,0,0,,,,
125|57,0,0,0,0,0,0,0,2,0,0,0,0,0,0,0,0,,,,
146|103,0,0,3,0,3,1,1,0,0,0,4,0,0,0,0,0,,,,
144|68,0,1,7,5,0,6,1,0,0,0,0,26,0,0,0,0,0|0#1|0#2|0#3|0#4|0#5|0#6|0#7|0#8|0#9|0#10|0#11|0#12|0,,0|0#1|0#2|0#3|0#4|0#5|0#6|0#7|0#8|0#9|0#10|0#11|0#12|0,0|0#1|0#2|0#3|0#4|0#5|0#6|0#7|0#8|0#9|0#10|0#11|0#12|0
35|54,0,0,0,0,0,0,0,0,0,0,0,0,0,0,0,0,,,,
54|65,0,0,0,0,0,0,0,6,0,0,0,0,0,0,0,0,,,,
30|128,0,0,0,0,0,0,0,0,0,0,0,0,0,0,0,0,,,,
18|107,0,0,0,0,0,0,0,0,0,0,0,0,0,0,0,0,,,,
108|71,0,0,0,0,0,0,0,0,0,0,1,0,6,0,0,0,0|0#1|0#2|0#3|0#4|0#5|0#6|0#7|0#8|0#9|0#10|0#11|0#12|0,0|0#1|0#2|0#3|0#4|0#5|0#6|0#7|0#8|0#9|0#10|0#11|0#12|0,0|0#1|0#2|0#3|0#4|1#5|0#6|0#7|0#8|0#9|0#10|0#11|0#12|0,0|0#1|0#2|0#3|0#4|1#5|0#6|0#7|0#8|0#9|0#10|0#11|0#12|0
28|85,0,0,0,0,0,0,0,0,0,0,0,0,0,0,0,0,,,,
56|90,0,0,0,0,0,0,0,1,0,0,0,0,0,0,0,0,,,,
137|99,0,0,0,0,0,0,0,0,0,0,0,0,0,0,0,0,,,,
141|20,0,0,0,0,0,0,0,0,0,0,0,0,0,0,0,0,,,,
120|129,1,0,1,0,5,3,0,2,2,0,1,1,1,0,0,0,,,,
61|34,0,0,0,0,0,0,0,0,2,0,0,0,0,0,0,0,,,,
108|108,0,0,0,0,0,0,0,0,0,0,0,0,0,0,0,0,,,,
134|51,0,0,0,0,0,0,0,0,0,0,0,0,0,0,0,0,,,,
80|45,0,0,0,0,0,0,0,0,0,0,0,0,0,0,0,0,,,,
82|70,0,0,0,0,0,0,0,0,0,0,0,0,0,0,0,0,,,0|0#1|0#2|0#3|0#4|0#5|0#6|0#7|0#8|0#9|0#10|0#11|0#12|0,
14|18,0,0,0,0,0,0,0,1,0,0,0,0,0,0,0,0,,,,
57|119,0,0,0,0,0,0,0,0,0,0,0,0,0,0,0,0,,,,
146|93,0,0,0,0,0,0,0,0,0,0,0,0,0,0,0,0,,,,
16|43,0,0,0,0,0,0,0,0,0,0,0,0,0,0,0,0,,,,
73|76,0,0,0,0,0,0,0,0,0,0,0,0,0,0,0,0,,,,
132|26,0,0,0,0,0,0,0,0,0,0,0,0,0,0,0,0,,,,
118|88,173,38,263,19,18,21,10,15,7,7,118,32,47,0,0,0,0|0#1|0#2|0#3|0#4|0#5|0#6|0#7|0#8|0#9|0#10|0#11|0#12|0,,0|0#1|0#2|0#3|0#4|0#5|0#6|0#7|0#8|0#9|0#10|0#11|0#12|0,0|0#1|0#2|0#3|0#4|0#5|0#6|0#7|0#8|0#9|0#10|0#11|0#12|0
151|37,0,0,0,0,0,0,0,0,0,0,0,0,0,0,0,0,,,,
81|110,0,0,0,0,0,0,0,0,0,0,0,0,0,0,0,0,,,,
95|114,0,0,0,0,0,0,0,0,0,0,0,0,0,0,0,0,,,,
113|15,0,0,0,0,0,0,0,0,0,0,0,0,0,0,0,0,,,,
