122|56,115,43,401,18,7,33,5,48,3,6,87,12,11,0,0,0,0|0#1|0#2|0#3|0#4|0#5|1#6|2#7|1#8|0#9|0#10|1#11|0#12|0,0|0#1|0#2|0#3|0#4|0#5|0#6|0#7|0#8|0#9|0#10|0#11|0#12|0,0|0#1|0#2|0#3|0#4|0#5|1#6|1#7|0#8|0#9|0#10|0#11|0#12|0,0|0#1|0#2|0#3|0#4|0#5|0#6|0#7|0#8|0#9|0#10|0#11|0#12|0
75|4,0,0,0,0,0,0,0,0,0,0,0,0,0,0,0,0,,,,
110|14,0,0,0,0,0,0,0,0,0,0,0,0,0,0,0,0,,,,
49|6,0,0,0,0,0,0,0,0,0,0,0,0,0,0,0,0,,,,
143|92,0,0,0,0,0,0,0,0,0,0,0,0,0,0,0,0,,,,
51|64,0,0,0,0,0,0,0,1,0,0,0,0,0,0,0,0,,,,
103|45,0,0,0,0,0,0,0,1,0,0,0,0,0,0,0,0,0|0#1|0#2|0#3|0#4|0#5|0#6|0#7|0#8|0#9|0#10|0#11|0#12|0,0|0#1|0#2|0#3|0#4|0#5|0#6|0#7|0#8|0#9|0#10|0#11|0#12|0,0|0#1|0#2|0#3|0#4|0#5|0#6|0#7|0#8|0#9|0#10|0#11|0#12|0,0|0#1|0#2|0#3|0#4|0#5|0#6|0#7|0#8|0#9|0#10|0#11|0#12|0
70|75,0,0,0,0,0,0,0,0,0,0,0,1,0,0,0,0,,,,
8|5,0,1,0,0,0,0,0,0,0,0,0,0,0,0,0,0,,,,
44|95,0,0,0,0,0,0,0,0,0,0,0,0,0,0,0,0,,,,
105|70,2,0,9,0,0,1,0,5,0,0,1,2,2,0,0,0,0|0#1|0#2|0#3|2#4|4#5|4#6|3#7|3#8|2#9|2#10|1#11|1#12|0,0|0#1|0#2|0#3|1#4|2#5|3#6|2#7|2#8|2#9|0#10|0#11|0#12|0,0|0#1|0#2|0#3|2#4|4#5|4#6|3#7|3#8|2#9|1#10|1#11|1#12|0,0|0#1|0#2|0#3|2#4|3#5|3#6|2#7|2#8|2#9|0#10|0#11|0#12|0
69|136,0,0,0,0,0,0,0,0,0,0,0,0,0,0,0,0,,,,
150|61,0,0,0,0,0,0,0,0,0,0,0,0,0,0,0,0,,,,
145|133,0,0,0,0,0,0,0,1,0,0,0,0,0,0,0,0,,,,
55|132,0,0,0,0,0,0,0,0,0,0,0,0,0,0,0,0,,,,
30|28,0,0,0,0,0,1,0,0,0,0,0,0,0,0,0,0,,,,
99|10,0,0,0,0,0,0,0,0,0,0,0,0,0,0,0,0,,,,
11|17,0,0,0,0,0,0,0,0,0,0,0,0,0,0,0,0,,,,
141|67,0,0,0,0,0,0,0,0,0,0,0,0,0,0,0,0,,,,
107|138,0,0,0,0,0,0,0,0,0,0,0,0,0,0,0,0,,,,
132|146,0,0,0,0,0,0,0,0,0,0,0,0,0,0,0,0,,,,
25|84,0,0,0,0,0,0,0,0,0,0,0,0,0,0,0,0,,,,
94|144,0,0,0,0,0,0,0,0,0,0,0,0,0,0,0,0,,,,
8|134,0,0,0,0,0,0,0,0,0,0,0,0,0,0,0,0,,,,
32|53,0,0,0,0,0,0,0,0,0,0,0,0,0,0,0,0,,,,
108|1,0,0,0,0,0,0,0,0,0,0,0,0,0,0,0,0,,,,
115|87,0,0,0,0,0,0,2,0,0,0,0,1,0,0,0,0,0|0#1|0#2|0#3|0#4|0#5|0#6|0#7|0#8|0#9|0#10|0#11|0#12|0,0|0#1|0#2|0#3|0#4|0#5|0#6|0#7|0#8|0#9|0#10|0#11|0#12|0,0|0#1|0#2|0#3|0#4|0#5|0#6|0#7|0#8|0#9|0#10|0#11|0#12|0,0|0#1|0#2|0#3|0#4|0#5|0#6|0#7|0#8|0#9|0#10|0#11|0#12|0
42|145,0,0,0,0,0,0,0,0,0,0,0,0,0,0,0,0,,,,
124|81,0,0,0,0,0,0,0,0,0,0,0,0,0,0,0,0,,,0|0#1|0#2|0#3|0#4|0#5|0#6|0#7|0#8|0#9|0#10|0#11|0#12|0,
106|121,0,0,0,0,0,0,0,0,0,0,0,1,0,0,0,0,,,,
131|50,0,0,0,0,0,0,0,0,0,0,0,0,0,0,0,0,,,,
13|42,0,0,0,0,0,0,0,0,0,0,0,0,0,0,1,0,,,,
23|59,0,0,0,0,0,0,0,0,0,0,0,0,0,0,0,0,,,,
80|140,0,0,0,0,0,0,0,0,0,0,0,0,0,0,0,0,,,,
16|120,0,0,0,0,0,0,0,0,0,0,0,0,0,0,0,0,,,,
3|85,0,0,0,0,0,0,0,0,0,0,0,0,0,0,0,0,,,,
134|98,0,0,1,1,0,0,0,2,0,0,0,0,2,0,0,0,,,,
20|11,0,0,0,0,0,0,0,0,0,0,0,0,0,0,0,0,,,,
17|137,0,0,0,0,0,0,0,0,0,0,0,0,0,0,0,0,,,,
