121|143,0,0,0,0,0,0,0,0,0,0,0,0,0,0,0,0,,,,
135|71,0,0,0,0,0,0,0,0,0,0,0,0,0,0,0,0,,,,
60|29,0,0,0,0,0,0,0,0,0,0,0,0,0,0,0,0,,,,
19|121,0,0,0,0,0,0,0,0,0,0,0,0,0,0,0,0,,,,
87|2,0,0,0,0,0,0,0,0,0,0,0,0,0,0,0,0,,,,
152|57,0,0,0,0,0,0,0,0,0,0,0,0,0,0,0,0,,,,
31|142,0,0,0,0,0,0,0,0,0,0,0,0,0,0,0,0,,,,
83|141,0,0,0,0,0,0,0,0,0,0,0,0,0,0,0,0,,,,
97|145,0,0,0,0,0,0,0,0,0,0,0,0,0,0,0,0,,,,
58|133,0,0,0,0,0,0,0,0,0,0,0,0,0,0,0,0,,,,
41|18,0,0,0,0,0,0,0,0,0,0,0,0,0,0,0,0,,,,
116|60,0,0,0,0,0,0,0,0,0,0,0,0,0,0,0,0,,,0|0#1|0#2|0#3|0#4|0#5|0#6|0#7|0#8|0#9|0#10|0#11|0#12|0,
135|147,0,0,0,0,0,0,0,0,0,0,0,1,0,0,0,0,,,,
142|40,0,0,0,0,0,0,0,0,0,0,0,0,0,0,0,0,,,,
148|134,0,0,0,0,0,0,0,0,1,0,0,0,0,0,0,0,,,,
50|12,0,0,0,0,0,0,0,1,0,0,0,0,0,0,0,0,,,,
81|65,33,18,51,6,4,3,1,5,0,0,29,13,14,0,0,0,0|0#1|0#2|0#3|0#4|0#5|0#6|0#7|0#8|0#9|0#10|0#11|0#12|0,0|0#1|0#2|0#3|0#4|0#5|0#6|0#7|0#8|0#9|0#10|0#11|0#12|0,0|0#1|0#2|0#3|0#4|0#5|0#6|0#7|0#8|0#9|0#10|0#11|0#12|0,0|0#1|0#2|0#3|0#4|0#5|0#6|0#7|0#8|0#9|0#10|0#11|0#12|0
114|35,0,0,0,0,0,0,0,0,0,0,0,0,0,0,0,0,,,,
126|77,0,0,0,0,0,0,0,13,0,0,0,0,0,0,0,0,,,,
145|88,0,0,0,0,0,0,0,0,0,0,0,0,0,0,0,0,,,,
43|43,0,0,0,0,0,0,0,0,0,0,0,1,0,0,0,0,,,,
140|15,0,0,0,0,0,0,0,0,0,0,0,0,0,0,0,0,,,,
55|85,0,0,0,0,0,0,0,0,0,0,0,0,0,0,0,0,0|0#1|0#2|0#3|0#4|0#5|0#6|0#7|0#8|0#9|0#10|0#11|0#12|0,0|0#1|0#2|0#3|0#4|0#5|0#6|0#7|0#8|0#9|0#10|0#11|0#12|0,0|0#1|0#2|0#3|0#4|0#5|0#6|0#7|0#8|0#9|0#10|0#11|0#12|0,0|0#1|0#2|0#3|0#4|0#5|0#6|0#7|0#8|0#9|0#10|0#11|0#12|0
24|32,0,0,0,0,0,0,0,0,0,0,0,0,0,0,0,0,,,,
133|46,2,1,0,0,0,0,0,4,1,0,0,0,0,0,0,0,,,,
34|49,0,0,0,0,0,0,1,0,1,0,0,0,0,0,0,0,,,,
83|90,0,0,0,0,0,1,0,0,0,0,0,0,0,0,0,0,,,,
17|63,0,0,0,0,0,0,0,0,0,0,0,0,0,0,0,0,,,,
109|122,0,0,1,0,0,0,0,0,0,0,0,3,0,0,0,0,,,,
15|38,0,0,0,0,0,0,0,0,0,0,0,0,0,0,0,0,,,,
134|130,0,0,0,0,0,0,0,0,0,0,0,1,0,0,0,0,,,,
36|74,0,0,0,0,0,0,0,1,1,0,0,0,0,0,0,0,,,,
2|33,0,0,0,0,0,0,0,0,0,0,0,0,0,0,0,0,,,,
45|146,0,0,0,0,0,0,0,0,0,0,0,0,0,0,0,0,,,,
74|96,0,0,0,0,0,0,0,0,0,0,0,0,0,0,0,0,0|0#1|0#2|0#3|1#4|0#5|0#6|0#7|0#8|0#9|0#10|0#11|0#12|0,0|0#1|0#2|0#3|0#4|0#5|0#6|0#7|0#8|0#9|0#10|0#11|0#12|0,0|0#1|0#2|0#3|0#4|0#5|0#6|0#7|0#8|0#9|0#10|0#11|0#12|0,0|0#1|0#2|0#3|0#4|0#5|0#6|0#7|0#8|0#9|0#10|0#11|0#12|0
62|54,1,0,1,0,0,3,1,0,0,0,2,2,0,0,0,0,0|0#1|0#2|0#3|0#4|0#5|0#6|0#7|0#8|0#9|0#10|0#11|0#12|0,0|0#1|0#2|0#3|0#4|0#5|0#6|0#7|0#8|0#9|0#10|0#11|0#12|0,0|0#1|0#2|0#3|0#4|0#5|0#6|0#7|0#8|0#9|0#10|0#11|0#12|0,
107|66,2,1,3,2,0,1,0,0,0,0,0,6,1,0,0,0,0|0#1|0#2|0#3|4#4|4#5|4#6|4#7|4#8|4#9|4#10|4#11|4#12|0,0|0#1|0#2|0#3|3#4|3#5|4#6|3#7|3#8|3#9|3#10|3#11|3#12|0,0|0#1|0#2|0#3|4#4|4#5|4#6|4#7|4#8|4#9|4#10|4#11|4#12|0,0|0#1|0#2|0#3|3#4|3#5|4#6|3#7|3#8|3#9|3#10|3#11|3#12|0
109|91,0,0,0,0,0,0,0,0,0,0,0,0,0,0,0,0,,,,
