41|27,0,0,0,0,0,0,0,0,0,0,0,0,0,0,0,0,,,,
15|47,0,0,0,0,0,0,0,0,0,0,0,0,0,0,0,0,,,,
60|38,0,0,0,0,0,1,0,1,0,0,0,1,0,0,0,0,,,,
121|13,0,0,0,0,0,0,0,0,0,0,0,0,0,0,0,0,,,,
17|72,0,0,0,0,0,0,0,0,0,0,0,0,0,0,0,0,,,,
24|41,0,0,0,0,0,0,0,1,0,0,0,0,0,0,0,0,,,,
31|10,0,0,0,0,0,0,0,0,0,0,0,0,0,0,0,0,,,,
36|83,0,0,0,0,0,0,0,0,0,0,0,0,0,0,0,0,,,,
22|16,0,0,0,0,0,0,0,0,0,0,0,0,0,0,0,0,,,,
41|108,0,0,0,0,0,0,0,0,0,0,0,0,0,0,0,0,,,,
114|44,0,0,0,0,0,0,0,0,0,0,0,2,0,0,0,0,0|0#1|0#2|0#3|0#4|0#5|0#6|0#7|0#8|0#9|0#10|0#11|0#12|0,,,
135|80,0,0,0,0,0,1,0,0,0,0,0,1,0,0,0,0,,,,
43|52,0,0,0,0,0,0,0,0,2,0,0,0,0,0,0,0,,,,
145|97,0,0,0,0,0,0,0,0,0,0,0,0,0,0,0,0,,,,
58|142,0,0,0,0,0,0,0,0,0,0,0,0,0,0,0,0,,,,
112|19,0,0,0,0,0,0,0,0,0,0,0,0,0,0,0,0,,,,
131|109,1,4,1,0,0,0,0,0,0,0,0,0,0,0,0,0,,,,
19|130,0,0,0,0,0,0,0,0,0,0,0,0,0,0,0,0,,,,
55|94,0,0,0,0,0,0,0,0,0,0,0,0,0,0,0,0,,,0|0#1|0#2|0#3|0#4|0#5|0#6|0#7|0#8|0#9|0#10|0#11|0#12|0,
0|17,0,0,0,0,0,0,0,0,0,0,0,0,0,0,0,0,,,,
148|143,0,0,0,0,0,0,0,0,0,0,0,0,0,0,0,0,,,,
126|86,0,0,0,0,0,0,0,1,1,0,0,2,1,0,0,0,,,,
27|89,0,0,0,0,0,0,0,0,0,0,0,0,0,0,0,0,,,,
34|58,0,0,0,0,0,0,0,0,0,0,0,0,0,0,0,0,,,,
95|9,0,0,0,0,0,0,0,0,0,0,0,0,0,0,0,0,,,,
140|24,0,0,6,0,3,1,1,0,8,0,3,0,0,0,0,0,,0|0#1|0#2|0#3|0#4|0#5|0#6|0#7|0#8|0#9|0#10|0#11|0#12|0,,0|0#1|0#2|0#3|0#4|0#5|0#6|0#7|0#8|0#9|0#10|0#11|0#12|0
109|131,0,0,0,0,0,0,0,0,0,0,0,0,0,0,0,0,,,,
107|75,0,0,0,0,0,0,0,0,0,0,0,0,0,0,0,0,0|0#1|0#2|0#3|0#4|0#5|0#6|0#7|0#8|0#9|0#10|0#11|0#12|0,,0|0#1|0#2|0#3|0#4|0#5|0#6|0#7|0#8|0#9|0#10|0#11|0#12|0,
93|107,0,0,0,0,0,0,0,0,0,0,0,0,0,0,0,0,,,,
2|42,0,0,0,0,0,0,0,0,0,0,0,0,0,0,0,0,,,,
128|6,0,0,0,0,0,0,0,0,0,0,0,0,0,0,0,0,,,,
133|55,0,0,0,0,0,0,0,0,0,0,0,0,0,0,0,0,,,,
152|66,1,1,8,0,2,2,0,1,1,0,2,4,4,0,0,0,,,,
81|74,0,0,0,0,0,0,0,0,0,0,0,0,0,0,0,0,0|0#1|0#2|0#3|0#4|0#5|0#6|0#7|0#8|0#9|0#10|0#11|0#12|0,0|0#1|0#2|0#3|0#4|0#5|0#6|0#7|0#8|0#9|0#10|0#11|0#12|0,0|0#1|0#2|0#3|0#4|0#5|0#6|0#7|0#8|0#9|0#10|0#11|0#12|0,
50|21,0,0,0,0,0,0,0,0,0,0,0,0,0,0,0,0,,,,
53|69,0,0,0,0,0,0,0,0,0,0,0,0,0,0,0,0,,,,0|0#1|0#2|0#3|0#4|0#5|0#6|0#7|0#8|0#9|0#10|0#11|0#12|0
62|63,0,0,1,0,0,0,0,0,1,0,0,0,0,0,0,0,,0|0#1|0#2|0#3|0#4|0#5|0#6|0#7|0#8|0#9|0#10|0#11|0#12|0,,0|0#1|0#2|0#3|0#4|0#5|0#6|0#7|0#8|0#9|0#10|0#11|0#12|0
