137|35,0,0,0,0,0,0,0,0,0,0,0,0,0,0,0,0,,,,
125|129,0,0,0,0,0,0,0,0,0,0,0,0,0,0,0,0,,,,
6|22,0,0,0,0,0,0,0,0,0,0,0,0,0,0,0,0,,,,
97|96,0,0,0,0,0,0,0,0,0,0,0,0,0,0,0,0,,,,
19|27,0,0,0,0,0,0,0,0,0,0,0,0,0,0,0,0,,,,
92|23,0,0,0,0,0,0,0,0,0,0,0,0,0,0,0,0,,,,
48|115,0,0,0,0,0,0,0,0,0,0,0,0,0,0,0,0,,,,
73|123,0,0,0,0,0,0,0,0,0,0,0,0,0,0,0,0,,,,
78|85,0,0,0,0,0,1,0,0,1,0,0,0,0,0,0,0,,0|0#1|0#2|0#3|0#4|0#5|0#6|0#7|0#8|0#9|0#10|0#11|0#12|0,,0|0#1|0#2|0#3|0#4|0#5|0#6|0#7|0#8|0#9|0#10|0#11|0#12|0
92|2,0,0,0,0,0,0,0,0,0,0,0,0,0,0,0,0,,,,
139|60,0,0,0,0,0,0,0,0,0,0,0,0,0,0,0,0,,,,
28|21,0,0,0,0,0,0,0,0,0,0,0,0,0,0,0,0,,,,
138|116,0,0,0,0,0,0,0,0,0,0,0,0,0,0,0,0,,,,
86|110,0,0,0,0,0,0,0,0,0,0,0,0,0,0,0,0,,,,
87|127,0,0,0,0,0,0,0,0,0,0,0,0,0,0,0,0,,,,
21|124,0,0,0,0,0,0,0,0,0,0,0,0,0,0,0,0,,,,
111|125,0,0,0,0,0,0,0,0,0,0,0,0,0,0,0,0,,,,
150|137,0,0,0,0,0,0,0,0,0,0,0,0,0,0,0,0,,,,
34|111,0,0,0,0,0,0,0,0,0,0,0,0,0,0,0,0,,,,
47|32,0,0,0,0,0,0,0,0,0,0,0,0,0,0,0,0,,,,
64|18,0,0,0,0,1,1,0,0,0,0,0,0,0,0,0,0,,,,
66|4,0,0,0,0,0,0,0,0,0,0,0,0,0,0,0,0,,,,
73|12,0,0,0,0,0,0,0,0,0,0,0,0,0,0,0,0,,,,
59|74,0,0,0,0,0,0,0,0,0,0,0,0,0,0,0,0,,,,
83|29,0,0,0,0,0,0,0,0,0,0,0,1,0,0,0,0,,,,
60|136,0,0,0,0,0,0,0,0,0,0,0,0,0,0,0,0,,,,
38|38,0,0,0,0,0,0,0,0,0,0,0,1,0,0,0,0,,,0|0#1|0#2|0#3|0#4|0#5|0#6|0#7|0#8|0#9|0#10|0#11|0#12|0,
35|128,0,0,0,0,0,0,0,0,0,0,0,0,0,0,0,0,,,,
57|49,0,0,0,0,0,0,0,1,0,0,0,0,0,0,0,0,0|0#1|0#2|0#3|0#4|0#5|0#6|0#7|0#8|0#9|0#10|0#11|0#12|0,,0|0#1|0#2|0#3|0#4|0#5|0#6|0#7|0#8|0#9|0#10|0#11|0#12|0,0|0#1|0#2|0#3|0#4|0#5|0#6|0#7|0#8|0#9|0#10|0#11|0#12|0
66|43,0,0,0,0,0,0,0,0,0,0,0,0,0,0,0,0,,,,
85|54,126,27,88,13,12,19,11,40,22,3,84,14,6,0,0,0,0|0#1|0#2|0#3|3#4|2#5|1#6|2#7|1#8|1#9|2#10|2#11|2#12|0,0|0#1|0#2|0#3|2#4|2#5|1#6|1#7|0#8|0#9|0#10|0#11|0#12|0,0|0#1|0#2|0#3|2#4|1#5|1#6|1#7|1#8|2#9|2#10|2#11|2#12|0,0|0#1|0#2|0#3|2#4|1#5|1#6|1#7|1#8|0#9|0#10|0#11|1#12|0
124|112,0,0,0,0,0,0,0,0,0,0,0,1,1,0,0,0,,,,
118|24,0,0,0,0,0,0,0,0,0,0,0,0,0,0,0,0,,,,
149|77,0,0,0,0,0,0,0,0,0,0,0,0,0,0,0,0,,,,
