7|11,0,0,0,0,0,0,0,0,0,0,0,0,0,0,0,0,,,,
58|38,0,0,0,0,0,0,0,0,0,0,0,0,0,0,0,0,,,,
127|129,17,3,21,1,2,4,1,3,6,0,6,0,0,0,0,0,,,,
0|3,0,0,0,0,0,0,0,0,0,0,0,0,0,0,0,0,,,,
89|127,0,0,0,0,0,0,0,0,0,0,0,0,0,0,0,0,,,,
79|74,0,0,0,0,0,0,0,0,0,0,0,0,0,0,0,0,,,,
41|4,0,0,0,0,0,0,0,0,0,0,0,0,0,0,0,0,,,,
48|21,0,0,0,0,0,0,0,0,0,0,0,0,0,0,0,0,,,,
93|12,0,0,0,0,0,0,0,0,0,0,0,0,0,0,0,0,,,,
84|18,0,0,0,0,0,0,0,0,0,0,0,0,0,0,0,0,,,,
100|138,0,0,0,0,0,0,0,0,0,0,0,0,0,0,0,0,,,,
29|10,0,0,0,0,0,0,0,0,0,0,0,0,0,0,0,0,,,,
1|134,0,0,0,0,0,0,0,0,0,0,0,0,0,0,0,0,,,,
23|124,0,0,0,0,0,0,0,0,0,0,0,0,0,0,0,0,,,,
86|43,0,0,0,0,0,0,0,0,0,0,0,0,0,0,0,0,0|0#1|0#2|0#3|0#4|0#5|0#6|0#7|0#8|0#9|0#10|0#11|0#12|0,,0|0#1|0#2|0#3|0#4|0#5|0#6|0#7|0#8|0#9|0#10|0#11|0#12|0,
37|128,0,0,0,0,0,0,0,0,0,0,0,0,0,0,0,0,,,,
67|32,0,0,0,0,0,0,0,0,0,0,0,22,0,0,0,0,0|0#1|0#2|0#3|0#4|0#5|0#6|0#7|0#8|0#9|0#10|0#11|0#12|0,,,
75|123,0,0,0,0,0,0,0,0,0,0,0,0,0,0,0,0,,,,
39|27,0,0,0,0,0,0,0,0,0,0,0,0,0,0,0,0,,,,
151|120,0,0,0,0,0,0,0,0,0,0,0,0,0,0,0,0,,,,
138|24,0,0,0,0,0,0,0,0,0,0,0,0,0,0,0,0,,,,
62|136,0,0,0,0,0,0,0,0,0,0,0,0,0,0,0,0,,,,
10|137,0,0,0,0,0,0,0,0,0,0,0,0,0,0,0,0,,,,
36|111,0,0,0,0,0,0,0,0,0,0,0,0,0,0,0,0,,,,
88|110,0,1,0,0,0,0,0,0,0,0,0,0,0,0,0,0,,,,
113|125,0,0,0,0,0,0,0,0,0,0,0,0,0,0,0,0,,,,
126|112,0,1,0,2,0,1,0,0,1,0,0,10,1,0,0,0,,,,
15|6,0,0,0,0,0,0,0,0,0,0,0,0,0,0,0,0,,,,
77|49,0,0,0,0,0,0,0,0,0,0,0,0,0,0,0,0,0|0#1|0#2|0#3|0#4|0#5|0#6|0#7|0#8|0#9|0#10|0#11|0#12|0,0|0#1|0#2|0#3|0#4|0#5|0#6|0#7|0#8|0#9|0#10|0#11|0#12|0,0|0#1|0#2|0#3|0#4|0#5|0#6|0#7|0#8|0#9|0#10|0#11|0#12|0,
152|137,0,0,0,0,0,0,0,0,1,0,0,0,0,0,0,0,,,,
98|85,0,0,0,0,0,0,0,0,0,0,0,0,0,0,0,0,,,,
119|13,0,0,0,0,0,0,0,0,0,0,0,0,0,0,0,0,,,,
