9|72,0,0,0,0,0,0,0,0,0,0,0,0,0,0,0,0,,,,
119|49,0,0,0,0,0,0,0,5,0,0,0,0,0,0,0,0,,,,
35|130,0,0,0,0,0,0,0,0,0,0,0,0,0,0,0,0,,,,
57|51,0,0,0,0,0,0,0,0,0,0,0,0,0,0,0,0,,,,
36|15,0,0,0,0,0,0,0,0,0,0,0,0,0,0,0,0,,,,
88|146,0,1,0,0,0,0,0,1,0,0,0,0,0,0,0,0,,,,
22|143,0,0,0,0,0,0,0,0,0,0,0,0,0,0,0,0,,,,
55|26,0,0,0,0,0,0,0,0,0,0,0,0,0,0,0,0,,,,
83|31,0,0,0,0,0,0,0,0,0,0,0,0,0,0,0,0,,,,
135|12,0,0,0,0,0,0,0,0,0,0,0,0,0,0,0,0,,,,
128|43,0,0,0,0,0,0,0,3,0,0,0,0,2,0,0,0,0|0#1|0#2|0#3|0#4|0#5|0#6|0#7|0#8|0#9|0#10|0#11|0#12|0,0|0#1|0#2|0#3|0#4|0#5|0#6|0#7|0#8|0#9|0#10|0#11|0#12|0,0|0#1|0#2|0#3|0#4|0#5|0#6|0#7|0#8|0#9|0#10|0#11|0#12|0,0|0#1|0#2|0#3|0#4|0#5|0#6|0#7|0#8|0#9|0#10|0#11|0#12|0
7|5,0,0,0,0,0,0,0,0,0,0,0,0,0,0,0,0,,,,
49|134,0,0,0,0,0,0,0,0,0,0,0,0,0,0,0,0,,,,
64|20,0,0,0,0,0,0,0,0,0,0,0,0,3,0,0,0,,,,
67|68,0,0,0,0,0,0,0,0,0,0,0,0,0,0,0,0,,,,
109|32,0,0,1,0,0,2,0,0,0,0,0,0,0,0,0,0,0|0#1|0#2|0#3|0#4|0#5|0#6|0#7|0#8|0#9|0#10|0#11|0#12|0,,,
69|93,0,0,0,0,0,0,0,0,0,0,0,0,0,0,0,0,,,,
74|142,0,0,0,0,0,0,0,0,0,0,0,0,0,0,0,0,,,,
126|18,0,0,0,0,0,0,0,0,0,0,0,0,0,0,0,0,,,,
36|147,0,0,0,0,0,0,0,0,0,0,0,0,0,0,0,0,,,,
29|46,0,0,0,0,0,0,0,0,1,0,0,0,0,0,0,0,,,,
125|131,0,0,0,0,0,0,0,0,0,0,0,0,0,0,0,0,,,,
74|37,3,1,3,2,0,1,0,1,6,0,0,17,0,0,0,0,0|0#1|0#2|0#3|0#4|0#5|0#6|0#7|0#8|0#9|0#10|0#11|0#12|0,0|0#1|0#2|0#3|0#4|0#5|0#6|0#7|0#8|0#9|0#10|0#11|0#12|0,0|0#1|0#2|0#3|0#4|0#5|0#6|0#7|0#8|0#9|0#10|0#11|0#12|0,0|0#1|0#2|0#3|0#4|0#5|0#6|0#7|0#8|0#9|0#10|0#11|0#12|0
7|47,0,0,0,0,0,0,0,0,0,0,0,0,0,0,0,0,,,,
48|6,0,0,0,0,0,0,0,0,0,0,0,0,0,0,0,0,,,,
76|62,0,0,0,0,0,0,0,1,0,0,0,2,0,0,0,0,0|0#1|0#2|0#3|0#4|0#5|0#6|0#7|1#8|0#9|0#10|0#11|0#12|0,0|0#1|0#2|0#3|0#4|0#5|0#6|0#7|0#8|0#9|0#10|0#11|0#12|0,0|0#1|0#2|0#3|0#4|0#5|0#6|0#7|0#8|0#9|0#10|0#11|0#12|0,0|0#1|0#2|0#3|0#4|0#5|0#6|0#7|0#8|0#9|0#10|0#11|0#12|0
38|40,0,0,0,0,0,3,1,0,0,0,2,1,0,0,0,0,,,,
74|4,0,0,0,0,0,0,0,0,0,0,0,0,0,0,0,0,,,,
95|73,50,8,94,18,0,10,3,10,1,0,23,1,5,0,0,0,0|0#1|0#2|0#3|4#4|3#5|3#6|2#7|3#8|3#9|3#10|3#11|3#12|0,0|0#1|0#2|0#3|4#4|2#5|2#6|2#7|2#8|2#9|2#10|2#11|2#12|0,0|0#1|0#2|0#3|4#4|3#5|3#6|3#7|3#8|3#9|3#10|3#11|3#12|0,0|0#1|0#2|0#3|3#4|2#5|2#6|2#7|2#8|2#9|2#10|2#11|3#12|0
93|48,0,0,0,0,1,0,0,0,0,0,0,0,0,1,0,0,0|0#1|0#2|0#3|0#4|0#5|0#6|0#7|0#8|0#9|0#10|0#11|0#12|0,0|0#1|0#2|0#3|0#4|0#5|0#6|0#7|0#8|0#9|0#10|0#11|0#12|0,0|0#1|0#2|0#3|0#4|0#5|0#6|0#7|0#8|0#9|0#10|0#11|0#12|0,0|0#1|0#2|0#3|0#4|0#5|0#6|0#7|0#8|0#9|0#10|0#11|0#12|0
112|144,0,0,0,0,0,0,0,0,0,0,0,0,0,0,0,0,,,,
145|29,0,0,0,0,0,0,0,0,0,0,0,0,0,0,0,0,,,,
139|135,0,0,0,0,0,0,0,0,0,0,0,0,0,0,0,0,,,,
107|1,0,0,0,0,0,0,0,0,0,0,0,0,0,0,0,0,,,,
147|54,0,0,0,0,0,0,0,0,0,0,0,0,0,0,0,0,,,,
48|57,0,0,0,0,0,0,0,0,0,0,0,0,0,0,0,0,,,,
86|79,0,0,0,0,0,0,0,0,0,0,0,45,1,0,0,0,0|0#1|0#2|0#3|0#4|0#5|0#6|0#7|0#8|0#9|0#10|0#11|0#12|0,,0|0#1|0#2|0#3|0#4|0#5|0#6|0#7|0#8|0#9|0#10|0#11|0#12|0,
