3|65,0,0,0,0,0,0,0,0,0,0,0,0,0,0,0,0,,,,
51|44,0,0,0,0,0,0,0,0,0,0,0,0,0,0,0,0,,,,
8|114,0,0,0,0,0,0,0,0,0,0,0,0,0,0,0,0,,,,
17|117,0,0,0,0,0,0,0,0,0,0,0,0,0,0,0,0,,,,
131|30,0,0,0,0,0,0,0,0,0,0,0,0,0,0,0,0,0|0#1|0#2|0#3|0#4|0#5|0#6|0#7|0#8|0#9|0#10|0#11|0#12|0,,,
44|75,0,0,0,0,0,0,0,0,0,0,0,0,0,0,0,0,,,,
56|129,0,0,0,0,0,0,0,0,0,0,0,0,0,0,0,0,,,,
107|118,0,0,0,0,0,0,0,0,0,0,0,0,0,0,0,0,,,,
77|9,0,0,0,0,0,0,0,0,0,0,0,0,0,0,0,0,,,,
16|100,0,0,0,0,0,0,0,0,0,0,0,0,0,0,0,0,,,,
55|112,0,0,0,0,0,0,0,0,0,0,0,0,0,0,0,0,,,,
82|97,0,0,0,0,0,0,0,0,0,0,0,0,0,0,0,0,,,,
91|91,0,0,6,0,3,0,1,2,1,0,1,1,1,0,0,0,0|0#1|0#2|0#3|0#4|0#5|0#6|0#7|0#8|0#9|0#10|0#11|0#12|0,0|0#1|0#2|0#3|0#4|0#5|0#6|0#7|0#8|0#9|0#10|0#11|0#12|0,0|0#1|0#2|0#3|0#4|0#5|0#6|0#7|0#8|0#9|0#10|0#11|0#12|0,0|0#1|0#2|0#3|0#4|0#5|0#6|0#7|0#8|0#9|0#10|0#11|0#12|0
117|92,0,0,0,0,0,0,0,1,2,0,1,3,1,0,0,0,0|0#1|0#2|0#3|0#4|0#5|0#6|0#7|0#8|0#9|0#10|0#11|0#12|0,0|0#1|0#2|0#3|0#4|0#5|0#6|0#7|0#8|0#9|0#10|0#11|0#12|0,0|0#1|0#2|0#3|0#4|0#5|0#6|0#7|0#8|0#9|0#10|0#11|0#12|0,
108|98,0,0,0,0,0,0,0,0,0,0,0,0,0,0,0,0,,,,
94|124,0,0,0,0,0,0,0,0,0,0,0,0,0,0,0,0,,,,
145|113,0,0,0,0,0,0,0,0,0,0,0,0,0,0,0,0,,,,
70|55,0,0,0,0,0,0,0,1,0,0,0,1,0,0,0,0,,,,
143|72,0,0,0,0,0,0,0,0,0,0,0,0,0,0,0,0,,,,
72|80,0,0,0,0,0,1,0,0,0,0,0,0,0,0,0,0,0|0#1|0#2|0#3|0#4|0#5|0#6|0#7|0#8|0#9|0#10|0#11|0#12|0,0|0#1|0#2|0#3|0#4|0#5|0#6|0#7|0#8|0#9|0#10|0#11|0#12|0,0|0#1|0#2|0#3|0#4|0#5|0#6|0#7|0#8|0#9|0#10|0#11|0#12|0,0|0#1|0#2|0#3|0#4|0#5|0#6|0#7|0#8|0#9|0#10|0#11|0#12|0
134|78,0,0,0,0,0,0,0,0,0,0,0,0,0,0,0,0,0|0#1|0#2|0#3|0#4|0#5|0#6|0#7|0#8|0#9|0#10|0#11|0#12|0,0|0#1|0#2|0#3|0#4|0#5|0#6|0#7|0#8|0#9|0#10|0#11|0#12|0,0|0#1|0#2|0#3|0#4|0#5|0#6|0#7|0#8|0#9|0#10|0#11|0#12|0,0|0#1|0#2|0#3|0#4|0#5|0#6|0#7|0#8|0#9|0#10|0#11|0#12|0
150|41,0,0,0,0,0,0,0,0,0,0,0,0,0,0,0,0,,,,
80|120,0,0,0,0,0,0,0,0,0,0,0,0,0,0,0,0,,,,
63|86,0,0,0,0,0,1,0,0,0,0,0,0,0,0,0,0,0|0#1|0#2|0#3|0#4|0#5|0#6|0#7|0#8|0#9|0#10|0#11|0#12|0,,0|0#1|0#2|0#3|0#4|0#5|0#6|0#7|0#8|0#9|0#10|0#11|0#12|0,
115|67,0,0,0,0,0,0,0,0,0,0,0,0,0,0,0,0,0|0#1|0#2|0#3|0#4|0#5|0#6|0#7|0#8|0#9|0#10|0#11|0#12|0,0|0#1|0#2|0#3|0#4|0#5|0#6|0#7|0#8|0#9|0#10|0#11|0#12|0,0|0#1|0#2|0#3|0#4|0#5|0#6|0#7|0#8|0#9|0#10|0#11|0#12|0,
5|90,0,0,0,0,0,0,0,0,0,0,0,0,0,0,0,0,,,,
124|61,46,18,149,16,1,9,5,6,3,0,28,2,21,0,1,0,0|0#1|0#2|0#3|0#4|0#5|0#6|0#7|0#8|0#9|0#10|0#11|0#12|0,0|0#1|0#2|0#3|0#4|0#5|0#6|0#7|0#8|0#9|0#10|0#11|0#12|0,0|0#1|0#2|0#3|0#4|0#5|0#6|0#7|0#8|0#9|0#10|0#11|0#12|0,0|0#1|0#2|0#3|0#4|0#5|0#6|0#7|0#8|0#9|0#10|0#11|0#12|0
132|126,4,0,4,0,1,1,1,0,0,0,1,3,1,0,0,0,,,,
25|64,0,0,0,0,0,0,0,0,0,0,0,0,0,0,0,0,,,,
122|36,0,0,0,0,0,0,1,1,5,0,1,0,0,0,0,0,,,,
18|95,0,0,0,0,0,0,0,0,0,0,0,0,0,0,0,0,,,,
23|39,0,0,0,0,0,0,0,0,0,0,0,0,0,0,0,0,,,,
13|22,0,0,0,0,0,0,0,2,0,0,0,0,0,0,0,0,,,,
32|33,0,0,0,0,0,0,0,0,0,0,0,0,0,0,0,0,,,,
81|137,0,1,0,0,0,0,0,3,0,0,1,0,0,0,0,0,,,,
69|116,0,0,0,0,0,0,0,0,0,0,0,0,0,0,0,0,,,,
105|50,0,0,0,0,0,0,0,0,0,0,0,0,0,0,0,0,0|0#1|0#2|0#3|1#4|0#5|0#6|0#7|0#8|0#9|0#10|0#11|0#12|0,0|0#1|0#2|0#3|1#4|0#5|0#6|0#7|0#8|0#9|0#10|0#11|0#12|0,0|0#1|0#2|0#3|1#4|0#5|0#6|0#7|0#8|0#9|0#10|0#11|0#12|0,0|0#1|0#2|0#3|0#4|0#5|0#6|0#7|0#8|0#9|0#10|0#11|0#12|0
106|101,0,0,0,0,0,1,0,0,1,0,0,0,0,0,0,0,,,,
136|4,0,0,0,0,0,0,0,0,0,0,0,0,0,0,0,0,,,,
141|47,0,0,0,0,0,0,0,0,1,0,0,0,0,0,0,0,,,,
103|25,0,0,0,0,0,0,0,0,0,0,0,0,0,0,0,0,,,,
42|125,0,0,0,0,0,0,0,0,0,0,0,0,0,0,0,0,,,,
