64|43,0,0,0,0,0,0,0,0,0,0,0,0,0,0,0,0,,,,
90|23,0,0,0,0,0,0,0,0,0,0,0,0,0,0,0,0,,,,
83|54,0,1,0,0,1,2,0,2,8,3,1,1,2,0,0,0,0|0#1|0#2|0#3|0#4|0#5|0#6|0#7|0#8|0#9|0#10|0#11|0#12|0,0|0#1|0#2|0#3|0#4|0#5|0#6|0#7|0#8|0#9|0#10|0#11|0#12|0,0|0#1|0#2|0#3|0#4|0#5|0#6|0#7|0#8|0#9|0#10|0#11|0#12|0,0|0#1|0#2|0#3|0#4|0#5|0#6|0#7|0#8|0#9|0#10|0#11|0#12|0
29|69,0,0,0,0,0,0,0,0,0,0,0,0,0,0,0,0,,,,
57|74,0,0,0,0,0,0,0,0,0,0,0,0,0,0,0,0,,,,
147|77,0,0,0,0,0,0,0,0,0,0,0,0,0,0,0,0,,,,
45|32,0,0,7,0,2,1,0,0,1,0,5,0,1,0,0,0,,,,
62|18,0,0,0,0,0,0,0,0,0,0,0,0,0,0,0,0,,,,
83|105,0,0,0,0,0,0,1,0,1,0,0,0,0,0,0,0,,,,
5|3,0,0,0,0,0,0,0,0,0,0,0,0,0,0,0,0,,,,
76|85,0,0,0,0,0,0,0,0,0,0,0,0,0,0,0,0,0|0#1|0#2|0#3|0#4|0#5|0#6|0#7|0#8|0#9|0#10|0#11|0#12|0,,0|0#1|0#2|0#3|0#4|0#5|0#6|0#7|0#8|0#9|0#10|0#11|0#12|0,
19|52,0,0,0,0,0,0,0,0,0,0,0,0,0,0,0,0,,,,
36|38,0,0,0,0,0,0,0,1,0,0,0,0,1,0,0,0,,,,
17|27,0,0,0,0,0,0,0,0,0,0,0,0,0,0,0,0,,,,
97|109,0,0,0,0,0,0,0,0,0,0,0,0,0,0,0,0,,,,
95|96,0,0,0,0,0,0,0,0,0,0,0,0,0,0,0,0,0|0#1|0#2|0#3|0#4|0#5|0#6|0#7|0#8|0#9|0#10|0#11|0#12|0,,0|0#1|0#2|0#3|0#4|0#5|0#6|0#7|0#8|0#9|0#10|0#11|0#12|0,
70|118,0,0,0,0,0,0,0,0,0,0,0,0,0,0,0,0,,,,
38|63,0,0,0,0,0,0,0,0,0,0,0,0,0,0,0,0,,,,
121|107,0,0,0,0,0,0,0,0,0,0,0,0,0,0,0,0,,,,
48|140,0,0,0,0,0,0,0,0,0,0,0,0,0,0,0,0,,,,
72|2,0,0,0,0,0,0,0,0,0,0,0,0,0,0,0,0,,,,
55|49,0,0,0,0,0,0,0,0,0,0,0,0,0,0,0,0,,,,
4|22,0,0,0,0,0,0,0,0,0,0,0,0,0,0,0,0,,,,
71|12,0,0,0,0,0,0,0,0,0,0,0,0,0,0,0,0,,,,
26|21,0,0,0,0,0,0,0,0,0,0,0,0,0,0,0,0,0|0#1|0#2|0#3|0#4|0#5|0#6|0#7|0#8|0#9|0#10|0#11|0#12|0,,,
81|29,0,0,0,0,0,0,0,0,0,0,0,0,0,0,0,0,,,,
128|66,0,0,0,0,0,0,0,0,0,0,0,0,0,0,0,0,,,,
138|141,0,0,0,0,0,0,0,0,0,0,0,0,0,0,0,0,,,,
46|4,0,0,0,0,0,0,0,0,0,0,0,0,0,0,0,0,,,,
9|95,0,0,0,0,0,0,0,0,0,0,0,0,0,0,0,0,,,,
137|60,0,0,0,0,0,0,0,0,0,0,0,0,0,0,0,0,,,,
135|35,0,0,0,0,0,0,0,0,0,0,0,0,0,0,0,0,,,,
116|24,0,0,0,0,0,0,0,0,0,0,0,0,0,0,0,0,0|0#1|0#2|0#3|0#4|0#5|0#6|0#7|0#8|0#9|0#10|0#11|0#12|0,,0|0#1|0#2|0#3|0#4|0#5|0#6|0#7|0#8|0#9|0#10|0#11|0#12|0,0|0#1|0#2|0#3|0#4|0#5|0#6|0#7|0#8|0#9|0#10|0#11|0#12|0
109|55,1,0,0,0,0,0,0,0,0,0,0,2,0,0,0,0,0|0#1|0#2|0#3|2#4|2#5|1#6|1#7|2#8|2#9|2#10|2#11|2#12|0,0|0#1|0#2|0#3|2#4|2#5|0#6|0#7|1#8|1#9|1#10|1#11|2#12|0,0|0#1|0#2|0#3|2#4|2#5|1#6|2#7|2#8|2#9|2#10|2#11|2#12|0,0|0#1|0#2|0#3|1#4|2#5|0#6|2#7|1#8|1#9|1#10|1#11|2#12|0
31|106,0,0,0,0,0,0,0,0,0,0,0,0,0,0,0,0,,,,
