55|106,0,3,0,0,0,0,0,0,0,0,1,0,0,0,0,0,,,,
145|107,0,0,0,0,0,0,0,0,0,0,0,0,0,0,0,0,,,,
103|19,0,0,0,0,0,0,0,0,0,0,0,0,0,0,0,0,,,,
95|3,0,0,0,0,0,0,0,0,0,0,0,0,0,0,0,0,,,,
70|49,0,0,0,0,0,0,1,0,1,0,0,0,0,0,0,0,0|0#1|0#2|0#3|0#4|0#5|0#6|0#7|0#8|0#9|0#10|0#11|0#12|0,0|0#1|0#2|0#3|0#4|0#5|0#6|0#7|0#8|0#9|0#10|0#11|0#12|0,,0|0#1|0#2|0#3|0#4|0#5|0#6|0#7|0#8|0#9|0#10|0#11|0#12|0
126|80,0,0,0,0,0,0,0,0,0,0,0,1,0,0,0,0,,,0|0#1|0#2|0#3|0#4|0#5|0#6|0#7|0#8|0#9|0#10|0#11|0#12|0,
112|13,0,0,0,0,0,0,0,0,0,0,0,0,0,0,0,0,,,,
3|59,0,0,0,0,0,0,0,0,0,0,0,0,0,0,0,0,,,,
117|86,3,1,3,12,0,0,0,1,0,0,2,3,4,0,0,0,0|0#1|0#2|0#3|0#4|0#5|0#6|0#7|0#8|0#9|0#10|0#11|0#12|0,,0|0#1|0#2|0#3|0#4|0#5|0#6|0#7|0#8|0#9|0#10|0#11|0#12|0,
124|55,0,0,0,0,0,0,0,0,0,0,0,0,0,0,0,0,,,,
72|74,0,0,0,0,0,0,0,0,1,0,0,0,0,0,0,0,0|0#1|0#2|0#3|0#4|0#5|0#6|0#7|0#8|0#9|0#10|0#11|0#12|0,0|0#1|0#2|0#3|0#4|0#5|0#6|0#7|0#8|0#9|0#10|0#11|0#12|0,0|0#1|0#2|0#3|0#4|0#5|0#6|0#7|0#8|0#9|0#10|0#11|0#12|0,0|0#1|0#2|0#3|0#4|0#5|0#6|0#7|0#8|0#9|0#10|0#11|0#12|0
145|91,0,0,0,0,0,0,0,0,0,0,0,0,0,0,0,0,,,,
27|83,0,0,0,0,0,0,0,0,0,0,0,0,0,0,0,0,,,,
128|0,0,0,0,0,0,0,0,0,0,0,0,0,0,0,0,0,,,,
22|10,2,1,5,0,4,3,0,0,0,0,3,1,2,0,0,0,,,,
80|114,0,0,0,0,0,0,0,0,0,0,0,0,0,0,0,0,,,,
93|101,0,0,0,0,0,0,0,0,1,0,0,0,0,0,0,0,0|0#1|0#2|0#3|0#4|0#5|0#6|0#7|0#8|0#9|0#10|0#11|0#12|0,,0|0#1|0#2|0#3|0#4|0#5|0#6|0#7|0#8|0#9|0#10|0#11|0#12|0,
5|84,0,0,0,0,0,0,0,0,0,0,0,0,0,0,0,0,,,,
41|21,0,0,0,0,0,0,0,0,0,0,0,0,0,0,0,0,,,,
152|60,0,0,0,0,0,0,0,0,0,0,0,0,0,0,0,0,,,,
131|103,0,0,0,0,0,0,0,0,0,0,0,0,0,0,0,0,,,,
131|24,0,0,0,0,0,1,0,0,0,0,0,0,0,0,0,0,,,,
91|85,0,0,0,0,0,0,0,0,0,0,0,0,0,0,0,0,,,,
136|97,0,0,0,0,0,0,0,0,0,0,0,0,0,0,0,0,,,,
41|102,0,0,0,0,0,0,0,0,0,0,0,0,0,0,0,0,,,,
13|16,0,0,0,0,0,0,0,0,0,0,0,0,0,0,0,0,,,,
42|119,0,0,0,0,0,0,0,0,0,0,0,0,0,0,0,0,,,,
60|32,0,0,0,0,0,0,0,0,0,0,0,0,0,0,0,0,,,,
150|35,0,0,0,0,0,0,0,0,0,0,0,0,0,0,0,0,,,,
101|9,0,0,0,0,0,0,0,0,0,0,0,0,0,0,0,0,,,,
94|118,0,0,0,0,0,0,0,0,0,0,0,3,0,0,0,0,,,,
46|94,0,0,0,0,0,0,0,0,0,0,0,0,0,0,0,0,,,,
105|44,0,1,0,0,0,0,1,0,0,0,0,1,0,0,0,0,,,,
0|11,0,0,0,0,0,0,0,0,0,0,0,0,0,0,0,0,,,,
8|108,0,0,0,0,0,0,0,0,0,0,0,0,0,0,0,0,,,,
32|27,0,0,0,0,0,0,0,0,0,0,0,0,0,0,0,0,0|0#1|0#2|0#3|0#4|0#5|0#6|0#7|0#8|0#9|0#10|0#11|0#12|0,0|0#1|0#2|0#3|0#4|0#5|0#6|0#7|0#8|0#9|0#10|0#11|0#12|0,0|0#1|0#2|0#3|0#4|0#5|0#6|0#7|0#8|0#9|0#10|0#11|0#12|0,0|0#1|0#2|0#3|0#4|0#5|0#6|0#7|0#8|0#9|0#10|0#11|0#12|0
51|38,0,0,0,0,0,0,0,0,0,0,0,0,0,0,0,0,,,,
69|5,0,0,0,0,0,0,0,0,0,0,0,0,0,0,0,0,,,,
15|41,0,0,0,0,0,0,0,0,0,0,0,0,0,0,0,0,,,,
18|89,0,0,0,0,0,0,0,0,0,0,0,0,0,0,0,0,,,,
34|52,0,0,0,0,0,0,0,0,0,0,0,0,0,0,0,0,,,,
44|69,0,0,0,0,0,0,1,2,0,0,0,0,0,0,0,0,,,,
53|63,0,0,0,0,0,0,0,1,0,0,0,0,0,0,0,0,0|0#1|0#2|0#3|0#4|0#5|0#6|0#7|0#8|0#9|0#10|0#11|0#12|0,,0|0#1|0#2|0#3|0#4|0#5|0#6|0#7|0#8|0#9|0#10|0#11|0#12|0,
143|66,0,0,0,0,0,0,0,1,0,0,0,0,0,0,0,0,0|0#1|0#2|0#3|0#4|0#5|0#6|0#7|0#8|0#9|0#10|0#11|0#12|0,,,
25|58,0,0,0,0,0,0,0,0,0,0,0,0,0,0,0,0,,,,
