14|119,0,0,0,0,0,0,0,0,0,0,0,0,0,0,0,0,,,,
79|105,0,2,0,0,0,0,1,0,0,0,0,0,0,0,0,0,,,,
61|93,1,0,0,0,0,0,0,0,0,0,0,0,0,0,0,0,0|0#1|0#2|0#3|0#4|0#5|0#6|0#7|0#8|0#9|0#10|0#11|0#12|0,,,
23|71,0,0,0,0,0,0,0,0,0,0,0,0,0,0,0,0,,,,
30|40,0,0,0,0,0,0,0,0,0,0,0,0,0,0,0,0,,,,
124|9,0,0,0,0,0,0,0,0,0,0,0,0,0,0,0,0,,,,
142|115,0,0,0,0,0,0,0,0,0,0,0,0,1,0,0,0,,,,
14|77,0,0,0,0,0,0,0,0,0,0,0,0,0,0,0,0,,,,
150|7,0,0,0,0,0,0,0,0,0,0,0,0,0,0,0,0,,,,
27|106,0,0,0,0,0,0,0,0,0,0,0,0,0,0,0,0,,,,
111|49,0,0,0,0,0,0,0,0,0,1,0,9,2,0,0,0,0|0#1|0#2|0#3|0#4|0#5|0#6|0#7|0#8|0#9|0#10|0#11|0#12|0,,0|0#1|0#2|0#3|0#4|0#5|0#6|0#7|0#8|0#9|0#10|0#11|0#12|0,
33|88,0,0,0,0,0,0,0,0,0,0,0,0,0,0,0,0,,,,
5|116,0,0,0,0,0,0,0,0,0,0,0,0,0,0,0,0,,,,
20|2,0,0,0,0,0,0,0,0,0,0,0,0,0,0,0,0,,,,
132|85,106,43,210,13,25,26,12,20,43,13,115,25,35,1,0,0,0|0#1|0#2|0#3|0#4|0#5|0#6|0#7|0#8|0#9|0#10|0#11|0#12|0,0|0#1|0#2|0#3|0#4|0#5|0#6|0#7|0#8|0#9|0#10|0#11|0#12|0,0|0#1|0#2|0#3|0#4|0#5|0#6|0#7|0#8|0#9|0#10|0#11|0#12|0,0|0#1|0#2|0#3|0#4|0#5|0#6|0#7|0#8|0#9|0#10|0#11|0#12|0
103|103,2,1,25,0,1,2,3,0,6,0,6,0,3,0,0,0,,,,
42|82,0,0,0,0,0,0,0,2,0,0,0,0,0,0,0,0,,,,
66|118,0,0,0,0,0,0,0,0,0,0,0,0,0,0,0,0,,,,
91|126,0,0,0,0,0,0,0,0,0,0,0,0,0,0,0,0,,,,
65|101,0,0,0,0,0,0,0,0,0,0,0,0,0,0,0,0,,,,
21|46,0,0,0,0,0,0,0,0,0,0,0,0,0,0,0,0,,,,
52|99,0,0,0,0,0,0,0,1,0,0,0,0,0,0,0,0,,,,
101|32,0,0,0,0,0,0,0,0,0,0,0,0,0,0,0,0,,,,
1|72,0,0,0,0,0,0,0,0,0,0,0,0,0,0,0,0,,,,
120|43,0,0,0,0,0,0,0,0,0,0,0,0,0,0,0,0,,,,
151|96,0,0,0,0,0,0,0,0,0,0,0,0,0,0,0,0,,,,
40|57,0,0,0,0,0,0,0,0,0,0,0,0,0,0,0,0,,,,
13|102,0,0,0,0,0,0,0,0,0,0,0,0,0,0,0,0,,,,
113|74,0,0,0,0,0,0,0,0,1,0,0,2,0,0,0,0,,0|0#1|0#2|0#3|0#4|0#5|0#6|0#7|0#8|0#9|0#10|0#11|0#12|0,,0|0#1|0#2|0#3|0#4|0#5|0#6|0#7|0#8|0#9|0#10|0#11|0#12|0
117|107,0,0,0,0,0,0,0,0,0,0,0,0,0,0,0,0,,,,
52|114,0,0,0,0,0,0,0,0,0,0,0,0,0,0,0,0,,,,
