136|117,0,0,0,0,0,0,0,0,0,0,0,0,0,0,0,0,,,,
126|30,0,0,0,0,0,0,0,0,0,0,0,0,0,0,0,0,0|0#1|0#2|0#3|0#4|0#5|0#6|0#7|0#8|0#9|0#10|0#11|0#12|0,,0|0#1|0#2|0#3|0#4|0#5|0#6|0#7|0#8|0#9|0#10|0#11|0#12|0,
143|16,0,0,0,0,0,0,0,0,0,0,0,0,0,0,0,0,,,,
5|34,0,0,0,0,0,0,0,0,0,0,0,0,0,0,0,0,,,,
145|41,0,0,0,0,0,0,0,0,0,0,0,0,0,0,0,0,,,,
65|55,4,0,1,0,0,0,0,1,0,0,0,14,0,0,0,0,0|0#1|0#2|0#3|0#4|0#5|0#6|0#7|0#8|0#9|0#10|0#11|0#12|0,,0|0#1|0#2|0#3|0#4|0#5|0#6|0#7|0#8|0#9|0#10|0#11|0#12|0,
58|86,0,0,0,0,0,0,0,0,1,0,0,0,0,0,0,0,,,,
149|104,0,0,0,0,0,1,0,0,0,0,0,0,0,0,0,0,,,,
93|60,51,48,97,9,21,16,8,14,10,8,64,11,15,1,0,0,0|0#1|0#2|0#3|4#4|4#5|4#6|4#7|4#8|4#9|4#10|4#11|4#12|0,0|0#1|0#2|0#3|4#4|4#5|4#6|4#7|4#8|4#9|4#10|4#11|4#12|0,0|0#1|0#2|0#3|4#4|4#5|4#6|4#7|4#8|4#9|4#10|4#11|4#12|0,0|0#1|0#2|0#3|4#4|4#5|4#6|4#7|4#8|4#9|4#10|4#11|4#12|0
33|129,0,0,0,0,0,0,0,0,0,0,0,0,0,0,0,0,,,,
117|36,0,0,0,0,0,0,0,0,0,0,0,0,0,0,0,0,,,,
84|66,0,0,0,0,0,0,0,0,0,0,0,1,0,0,0,0,0|0#1|0#2|0#3|2#4|2#5|2#6|0#7|2#8|2#9|1#10|2#11|2#12|0,0|0#1|0#2|0#3|1#4|0#5|0#6|0#7|0#8|0#9|0#10|0#11|0#12|0,0|0#1|0#2|0#3|2#4|2#5|1#6|2#7|1#8|2#9|1#10|2#11|2#12|0,0|0#1|0#2|0#3|1#4|0#5|0#6|0#7|0#8|0#9|0#10|0#11|0#12|0
84|111,0,0,0,0,0,0,1,0,0,0,0,0,0,0,0,0,,,,
18|39,0,0,0,0,0,0,0,0,0,0,0,0,0,0,0,0,,,,
122|113,0,0,0,0,0,0,0,0,0,0,0,0,0,0,0,0,,,,
71|124,0,0,0,0,0,0,0,0,1,0,0,0,0,0,0,0,,,,
67|80,0,0,0,0,0,0,0,0,0,0,0,0,0,0,0,0,,,,
72|24,0,0,0,0,0,0,0,0,0,0,0,0,0,0,0,0,,,,
138|72,0,0,0,0,0,0,0,0,0,0,0,0,0,0,0,0,,0|0#1|0#2|0#3|0#4|0#5|0#6|0#7|0#8|0#9|0#10|0#11|0#12|0,,0|0#1|0#2|0#3|0#4|0#5|0#6|0#7|0#8|0#9|0#10|0#11|0#12|0
91|35,29,6,27,9,3,2,3,14,2,0,10,1,1,0,0,0,0|0#1|0#2|0#3|0#4|0#5|0#6|0#7|0#8|0#9|0#10|0#11|0#12|0,0|0#1|0#2|0#3|0#4|0#5|0#6|0#7|0#8|0#9|0#10|0#11|0#12|0,0|0#1|0#2|0#3|0#4|0#5|0#6|0#7|0#8|0#9|0#10|0#11|0#12|0,0|0#1|0#2|0#3|0#4|0#5|0#6|0#7|0#8|0#9|0#10|0#11|0#12|0
77|97,0,0,0,0,0,0,0,0,0,0,0,0,0,0,0,0,,,,
119|61,0,0,1,0,0,0,0,0,0,0,0,2,0,0,0,0,0|0#1|0#2|0#3|0#4|0#5|1#6|0#7|0#8|0#9|0#10|0#11|0#12|0,0|0#1|0#2|0#3|0#4|0#5|0#6|0#7|0#8|0#9|0#10|0#11|0#12|0,0|0#1|0#2|0#3|0#4|0#5|0#6|1#7|0#8|0#9|0#10|0#11|0#12|0,0|0#1|0#2|0#3|0#4|0#5|0#6|0#7|0#8|0#9|0#10|0#11|0#12|0
44|19,0,0,0,0,0,0,0,0,0,0,0,0,0,0,0,0,,,,
32|112,0,0,0,0,0,0,0,0,0,0,0,0,0,0,0,0,,,,
46|44,0,0,0,0,0,0,0,0,0,0,0,0,0,0,0,0,0|0#1|0#2|0#3|0#4|0#5|0#6|0#7|0#8|0#9|0#10|0#11|0#12|0,0|0#1|0#2|0#3|0#4|0#5|0#6|0#7|0#8|0#9|0#10|0#11|0#12|0,0|0#1|0#2|0#3|0#4|0#5|0#6|0#7|0#8|0#9|0#10|0#11|0#12|0,0|0#1|0#2|0#3|0#4|0#5|0#6|0#7|0#8|0#9|0#10|0#11|0#12|0
53|13,0,0,0,0,0,0,0,0,0,0,0,0,0,0,0,0,,,,
39|75,0,0,0,0,0,0,0,0,0,0,0,0,0,0,0,0,,,,
136|47,0,0,0,0,0,0,0,0,0,0,0,0,0,0,0,0,,,,
59|103,0,2,6,1,0,1,0,0,3,0,0,1,2,0,0,0,,,,
148|89,0,0,0,0,0,0,0,0,0,0,0,0,0,0,0,0,,,,
129|78,0,0,0,0,0,0,0,0,0,0,0,0,0,0,0,0,,,,
152|10,0,0,0,0,0,0,0,0,0,0,0,0,0,0,0,0,,,,
27|33,0,0,0,0,0,0,0,0,0,0,0,0,0,0,0,0,,,,
85|128,0,0,0,0,0,0,0,0,0,0,0,0,0,0,0,0,,,,
98|115,0,0,0,0,0,0,0,0,0,0,0,0,0,0,0,0,,,,
123|9,0,0,0,0,0,0,0,0,0,0,0,0,0,0,0,0,,,,
135|100,0,0,0,0,0,0,0,0,0,0,0,1,0,0,0,0,,,,
46|116,0,0,0,0,0,0,0,0,0,0,0,0,0,0,0,0,,,,
86|91,2,0,1,0,0,0,0,0,0,0,0,0,1,0,0,0,0|0#1|0#2|0#3|0#4|0#5|0#6|0#7|0#8|0#9|0#10|0#11|0#12|0,,,
