15|65,0,0,0,0,0,0,0,0,0,0,0,0,0,0,0,0,,,,
7|115,0,0,0,0,0,0,0,0,0,0,0,0,0,0,0,0,,,,
107|93,0,0,0,0,0,0,0,0,0,0,0,0,0,0,0,0,,,,
114|62,21,10,24,3,3,5,0,5,7,0,17,10,3,0,0,0,0|0#1|0#2|0#3|3#4|2#5|1#6|2#7|1#8|1#9|1#10|2#11|1#12|0,0|0#1|0#2|0#3|2#4|2#5|0#6|1#7|0#8|0#9|1#10|0#11|0#12|0,0|0#1|0#2|0#3|2#4|1#5|1#6|2#7|1#8|1#9|2#10|1#11|2#12|0,0|0#1|0#2|0#3|2#4|1#5|0#6|1#7|0#8|0#9|0#10|0#11|0#12|0
102|20,0,0,0,0,0,0,0,0,0,0,0,0,0,0,0,0,,,,
112|37,14,3,68,2,5,8,1,4,9,0,12,3,2,0,0,0,,,,
43|70,0,0,0,0,0,0,0,0,0,0,0,0,0,0,0,0,,,,
62|81,0,0,0,0,0,0,1,0,0,0,0,0,1,0,0,0,,,,
105|102,0,0,0,0,0,0,0,0,1,0,0,0,0,0,0,0,,,,
130|110,0,1,0,8,0,0,0,1,0,0,0,2,0,0,0,0,,,,
72|98,0,0,0,0,0,0,0,0,0,0,0,0,0,0,0,0,0|0#1|0#2|0#3|0#4|0#5|0#6|0#7|0#8|0#9|0#10|0#11|0#12|0,,0|0#1|0#2|0#3|0#4|0#5|0#6|0#7|0#8|0#9|0#10|0#11|0#12|0,
150|59,0,0,0,0,0,0,0,0,0,0,0,0,0,0,0,0,,,,
41|45,0,0,0,0,0,0,0,0,0,0,0,1,2,0,0,0,0|0#1|0#2|0#3|0#4|0#5|0#6|0#7|0#8|0#9|0#10|0#11|0#12|0,,0|0#1|0#2|0#3|0#4|0#5|0#6|0#7|0#8|0#9|0#10|0#11|0#12|0,0|0#1|0#2|0#3|0#4|0#5|0#6|0#7|0#8|0#9|0#10|0#11|0#12|0
22|34,0,0,1,0,1,1,1,1,5,0,3,0,0,0,0,0,0|0#1|0#2|0#3|0#4|0#5|0#6|0#7|0#8|0#9|0#10|0#11|0#12|0,,0|0#1|0#2|0#3|0#4|0#5|0#6|0#7|0#8|0#9|0#10|0#11|0#12|0,
15|101,0,0,0,0,0,0,0,0,0,0,0,0,0,0,0,0,,,,
16|118,0,0,0,0,0,0,0,0,0,0,0,0,0,0,0,0,,,,
131|127,0,0,0,0,0,0,0,0,0,0,0,0,0,0,0,0,,,,
60|56,0,0,0,0,0,0,0,0,0,0,0,0,0,0,0,0,0|0#1|0#2|0#3|0#4|0#5|0#6|0#7|0#8|0#9|0#10|0#11|0#12|0,,0|0#1|0#2|0#3|0#4|0#5|0#6|0#7|0#8|0#9|0#10|0#11|0#12|0,
105|68,0,0,1,0,0,0,0,0,1,0,0,1,0,0,0,0,0|0#1|0#2|0#3|4#4|4#5|4#6|4#7|4#8|4#9|4#10|3#11|3#12|0,0|0#1|0#2|0#3|3#4|3#5|4#6|3#7|3#8|3#9|2#10|3#11|2#12|0,0|0#1|0#2|0#3|4#4|4#5|4#6|4#7|4#8|4#9|4#10|3#11|3#12|0,0|0#1|0#2|0#3|3#4|3#5|3#6|3#7|3#8|2#9|3#10|2#11|2#12|0
53|87,13,11,22,4,1,4,2,9,2,0,7,2,1,0,0,0,0|0#1|0#2|0#3|0#4|0#5|0#6|0#7|0#8|0#9|0#10|0#11|0#12|0,0|0#1|0#2|0#3|0#4|0#5|0#6|0#7|0#8|0#9|0#10|0#11|0#12|0,0|0#1|0#2|0#3|0#4|0#5|0#6|0#7|0#8|0#9|0#10|0#11|0#12|0,0|0#1|0#2|0#3|0#4|0#5|0#6|0#7|0#8|0#9|0#10|0#11|0#12|0
119|106,0,0,11,0,4,2,2,0,8,0,3,1,1,0,0,0,,,,
93|2,0,0,0,0,0,0,0,0,0,0,0,0,0,0,0,0,,,,
41|126,0,0,0,0,0,0,0,0,0,0,0,0,0,0,0,0,,,,
124|79,0,0,0,0,0,0,0,0,0,0,0,0,1,0,0,0,,,0|0#1|0#2|0#3|0#4|0#5|0#6|0#7|0#8|0#9|0#10|0#11|0#12|0,
0|35,0,0,0,0,0,0,0,0,0,0,0,0,0,0,0,0,,,,
67|4,0,0,0,0,0,0,0,0,0,0,0,0,0,0,0,0,,,,
133|73,0,0,0,0,0,0,0,0,0,0,0,0,0,0,0,0,,,,
2|60,0,0,0,0,0,0,0,0,0,0,0,0,0,0,0,0,,,,
34|76,0,0,0,0,0,0,0,0,0,0,0,0,0,0,0,0,,,,
67|100,0,0,0,0,0,0,0,0,0,0,0,1,1,0,0,0,,,,
68|117,0,0,0,0,0,0,0,0,0,0,0,0,0,0,0,0,,,,
93|125,0,0,0,0,0,0,0,0,0,0,0,0,0,0,0,0,,,,
106|119,0,0,0,0,0,0,0,0,0,0,0,1,1,0,0,0,,,,
29|105,0,0,0,0,0,0,0,0,0,0,0,0,0,0,0,0,,,,
131|48,0,0,0,0,0,0,0,0,0,0,0,0,0,0,0,0,,,,
121|31,0,0,0,0,0,0,0,0,0,0,0,0,0,0,0,0,,,,
140|42,0,0,0,0,0,0,0,0,0,0,0,0,0,0,0,0,,,,
80|138,0,0,0,0,0,0,0,0,0,0,0,0,0,0,0,0,,,,
17|90,0,0,0,0,0,0,0,0,0,0,0,0,0,0,0,0,,,,
81|92,0,0,0,0,0,1,0,0,0,0,0,0,0,0,0,0,0|0#1|0#2|0#3|0#4|0#5|0#6|0#7|0#8|0#9|0#10|0#11|0#12|0,,,
54|113,0,0,0,0,0,0,0,0,0,0,0,0,0,0,0,0,,,,
144|114,0,0,1,0,0,2,0,0,0,0,2,1,0,0,0,0,,,,
152|84,0,0,0,0,0,0,0,0,0,0,0,0,0,0,0,0,,,,
