105|90,0,0,0,0,0,1,0,3,0,0,0,1,1,0,0,0,0|0#1|0#2|0#3|0#4|0#5|0#6|0#7|0#8|0#9|0#10|0#11|0#12|0,0|0#1|0#2|0#3|0#4|0#5|0#6|0#7|0#8|0#9|0#10|0#11|0#12|0,0|0#1|0#2|0#3|0#4|0#5|0#6|0#7|0#8|0#9|0#10|0#11|0#12|0,0|0#1|0#2|0#3|0#4|0#5|0#6|0#7|0#8|0#9|0#10|0#11|0#12|0
16|140,0,0,0,0,0,0,0,0,0,0,0,0,0,0,0,0,,,,
32|73,0,0,0,0,0,0,0,1,0,0,0,0,0,0,0,0,,,,
6|0,0,0,0,0,0,0,0,0,0,0,0,0,0,0,0,0,,,,
103|65,121,70,394,12,26,24,19,30,14,9,156,39,25,6,0,0,0|0#1|0#2|0#3|4#4|4#5|4#6|4#7|4#8|4#9|4#10|4#11|4#12|0,0|0#1|0#2|0#3|4#4|4#5|4#6|4#7|4#8|4#9|4#10|4#11|4#12|0,0|0#1|0#2|0#3|4#4|4#5|4#6|4#7|4#8|4#9|4#10|4#11|4#12|0,0|0#1|0#2|0#3|4#4|4#5|4#6|4#7|4#8|4#9|4#10|4#11|4#12|0
11|37,0,0,0,0,0,0,0,0,0,0,0,0,0,0,0,0,,,,
122|76,0,0,0,0,0,0,0,0,0,0,0,0,0,0,0,0,,,,
150|81,0,0,0,0,0,0,0,0,0,0,0,0,0,0,0,0,0|0#1|0#2|0#3|0#4|0#5|0#6|0#7|0#8|0#9|0#10|0#11|0#12|0,,0|0#1|0#2|0#3|0#4|0#5|0#6|0#7|0#8|0#9|0#10|0#11|0#12|0,0|0#1|0#2|0#3|0#4|0#5|0#6|0#7|0#8|0#9|0#10|0#11|0#12|0
20|31,1,0,0,0,0,0,1,0,0,0,0,0,0,0,0,0,,,,
141|106,0,0,0,0,0,0,0,0,0,0,0,0,0,0,0,0,,,,
141|87,0,0,0,0,0,0,0,0,0,0,0,0,0,0,0,0,0|0#1|0#2|0#3|0#4|0#5|0#6|0#7|0#8|0#9|0#10|0#11|0#12|0,,,
110|34,0,0,0,0,0,0,0,1,1,0,0,0,0,0,0,0,,,,
47|1,0,0,0,0,0,0,0,0,0,0,0,0,0,0,0,0,,,,
23|79,0,0,0,0,0,0,0,0,0,0,0,0,0,0,0,0,,,,
90|117,0,0,0,0,0,0,0,0,0,0,0,0,0,0,0,0,,,,
131|70,0,0,0,0,0,0,0,0,0,0,0,0,0,0,0,0,,,,
4|107,0,0,0,0,0,0,0,0,0,0,0,0,0,0,0,0,,,,
13|62,0,0,0,0,0,0,0,0,0,0,0,0,0,0,0,0,,,,
30|48,0,0,0,0,0,0,0,0,1,0,0,0,0,0,0,0,,,,
99|30,0,0,0,0,0,0,0,0,0,0,0,0,1,0,0,0,,,,
51|84,0,0,0,0,0,0,0,2,1,0,0,0,0,0,0,0,0|0#1|0#2|0#3|0#4|0#5|0#6|0#7|0#8|0#9|0#10|0#11|0#12|0,,,
65|109,0,0,0,0,0,0,0,0,0,0,0,0,0,0,0,0,,,,
51|105,0,0,0,0,0,0,0,0,0,0,0,0,0,0,0,0,,,,
70|95,0,0,0,0,0,0,0,0,0,0,0,0,0,0,0,0,0|0#1|0#2|0#3|0#4|0#5|0#6|0#7|0#8|0#9|0#10|0#11|0#12|0,0|0#1|0#2|0#3|0#4|0#5|0#6|0#7|0#8|0#9|0#10|0#11|0#12|0,,0|0#1|0#2|0#3|0#4|0#5|0#6|0#7|0#8|0#9|0#10|0#11|0#12|0
106|141,0,0,0,0,0,0,0,0,0,0,0,2,0,0,0,0,,,,
