85|140,0,0,0,0,0,0,0,0,0,0,0,0,0,0,0,0,,,,
82|53,2,0,1,0,0,5,2,3,2,1,0,5,2,0,0,0,0|0#1|0#2|0#3|0#4|0#5|0#6|0#7|0#8|0#9|0#10|0#11|0#12|0,,0|0#1|0#2|0#3|0#4|0#5|0#6|0#7|0#8|0#9|0#10|0#11|0#12|0,
123|142,0,0,0,0,0,0,0,0,0,0,0,0,0,0,0,0,,,,
47|79,0,1,0,0,0,0,1,8,2,0,0,0,0,0,0,0,0|0#1|0#2|0#3|0#4|0#5|0#6|0#7|0#8|0#9|0#10|0#11|0#12|0,,0|0#1|0#2|0#3|0#4|0#5|0#6|0#7|0#8|0#9|0#10|0#11|0#12|0,
25|20,0,0,0,0,0,0,0,0,0,0,0,0,0,0,0,0,,,,
37|62,0,0,0,0,0,0,0,0,0,0,0,0,0,0,0,0,,,,
80|28,0,0,0,0,0,0,0,0,0,0,0,2,0,0,0,0,,,,
47|145,0,0,0,0,0,0,1,0,0,0,0,0,1,0,0,0,,,,
75|84,0,0,0,0,0,0,0,0,0,0,0,0,0,0,0,0,0|0#1|0#2|0#3|0#4|0#5|0#6|0#7|0#8|0#9|0#10|0#11|0#12|0,0|0#1|0#2|0#3|0#4|0#5|0#6|0#7|0#8|0#9|0#10|0#11|0#12|0,0|0#1|0#2|0#3|0#4|0#5|0#6|0#7|0#8|0#9|0#10|0#11|0#12|0,
134|34,0,0,0,0,0,0,0,0,0,0,0,0,0,0,0,0,,,,
44|31,0,0,0,0,0,1,0,0,0,0,0,1,1,0,0,0,,,0|0#1|0#2|0#3|0#4|0#5|0#6|0#7|0#8|0#9|0#10|0#11|0#12|0,
6|69,0,0,0,0,0,0,0,0,0,0,0,0,0,0,0,0,,,,
35|37,0,0,0,0,0,0,0,0,0,0,0,0,0,0,0,0,,,,
3|21,0,0,0,0,0,0,0,0,0,0,0,0,0,0,0,0,,,,
115|23,0,0,0,0,0,0,0,0,0,0,0,0,0,0,0,0,,,0|0#1|0#2|0#3|0#4|0#5|0#6|0#7|0#8|0#9|0#10|0#11|0#12|0,
63|42,0,0,0,0,0,0,0,0,0,0,0,0,0,0,0,0,,,,
56|73,0,0,0,0,0,0,0,0,0,0,0,0,0,0,0,0,,,,
70|11,0,0,0,0,0,1,1,0,6,0,0,0,0,0,0,0,,,,
137|146,0,0,0,0,0,0,0,0,0,0,0,0,1,0,0,0,,,,
28|68,0,0,0,0,0,0,0,0,0,0,0,0,0,0,0,0,,,,
54|48,0,0,0,0,0,0,0,0,0,0,0,0,0,0,0,0,,,,
33|141,0,0,0,0,0,0,0,0,0,0,0,0,0,0,0,0,,,,
146|76,0,0,0,0,0,0,0,0,0,0,0,0,0,0,0,0,,,,0|0#1|0#2|0#3|0#4|0#5|0#6|0#7|0#8|0#9|0#10|0#11|0#12|0
8|94,0,0,0,0,0,0,0,0,0,0,0,0,0,0,0,0,,,,
73|59,0,0,0,0,0,0,0,0,0,0,0,0,0,0,0,0,,,,
94|95,0,0,0,0,0,0,0,0,0,0,0,0,0,0,0,0,,,,
16|26,0,0,0,0,0,0,0,0,0,0,0,0,0,0,0,0,,,,
99|144,0,0,0,0,0,0,0,0,0,0,0,0,0,0,0,0,,,,
129|90,0,0,0,0,0,0,0,1,0,0,0,2,0,0,0,0,0|0#1|0#2|0#3|0#4|0#5|0#6|0#7|0#8|0#9|0#10|0#11|0#12|0,0|0#1|0#2|0#3|0#4|0#5|0#6|0#7|0#8|0#9|0#10|0#11|0#12|0,0|0#1|0#2|0#3|0#4|0#5|0#6|0#7|0#8|0#9|0#10|0#11|0#12|0,
61|17,0,0,0,0,0,0,0,0,0,0,0,0,0,0,0,0,,,,
62|1,0,0,0,0,0,0,0,0,0,0,0,0,0,0,0,0,,,,
36|3,0,0,0,0,0,0,0,0,0,0,0,0,0,0,0,0,,,,
106|29,0,0,0,0,1,0,1,0,0,0,0,0,0,0,0,0,,0|0#1|0#2|0#3|0#4|0#5|0#6|0#7|0#8|0#9|0#10|0#11|0#12|0,,0|0#1|0#2|0#3|0#4|0#5|0#6|0#7|0#8|0#9|0#10|0#11|0#12|0
108|54,28,2,7,3,0,0,2,65,1,3,9,1,9,0,0,0,0|0#1|0#2|0#3|0#4|0#5|0#6|0#7|0#8|0#9|0#10|0#11|0#12|0,0|0#1|0#2|0#3|0#4|0#5|0#6|1#7|1#8|0#9|0#10|0#11|0#12|0,0|0#1|0#2|0#3|0#4|0#5|0#6|0#7|0#8|0#9|0#10|0#11|0#12|0,0|0#1|0#2|0#3|0#4|0#5|1#6|1#7|1#8|1#9|0#10|0#11|0#12|0
18|51,0,0,0,0,0,0,0,0,0,0,0,0,0,0,0,0,,,,
127|65,0,0,0,0,0,0,0,0,0,0,0,1,0,0,0,0,,,,
