118|18,0,0,0,0,0,0,0,0,0,0,0,0,0,0,0,0,,,,
94|42,0,0,0,0,0,0,0,0,0,0,0,0,0,0,0,0,0|0#1|0#2|0#3|0#4|0#5|0#6|0#7|0#8|0#9|0#10|0#11|0#12|0,,0|0#1|0#2|0#3|0#4|0#5|0#6|0#7|0#8|0#9|0#10|0#11|0#12|0,
66|37,0,0,0,0,0,0,0,0,0,0,0,0,0,0,0,0,,,,
59|68,0,0,0,0,0,0,0,0,0,0,0,1,0,0,0,0,,,,
34|105,0,0,0,0,0,0,0,0,0,0,0,0,0,0,0,0,,,,
47|26,0,0,0,0,0,0,0,0,0,0,0,0,0,0,0,0,,,,
78|79,0,0,0,0,0,0,0,0,0,0,0,0,0,0,0,0,0|0#1|0#2|0#3|2#4|0#5|0#6|0#7|0#8|0#9|0#10|0#11|0#12|0,0|0#1|0#2|0#3|1#4|0#5|0#6|0#7|0#8|0#9|0#10|0#11|0#12|0,0|0#1|0#2|0#3|2#4|0#5|0#6|0#7|0#8|0#9|0#10|0#11|0#12|0,0|0#1|0#2|0#3|1#4|0#5|0#6|0#7|0#8|0#9|0#10|0#11|0#12|0
85|48,0,0,0,0,0,0,0,0,0,0,0,0,0,0,0,0,0|0#1|0#2|0#3|0#4|0#5|0#6|0#7|0#8|0#9|0#10|0#11|0#12|0,,0|0#1|0#2|0#3|0#4|0#5|0#6|0#7|0#8|0#9|0#10|0#11|0#12|0,
56|20,0,0,0,0,0,0,0,3,0,0,0,1,1,0,0,0,,,,
68|62,1,0,6,0,0,1,0,2,8,0,2,0,2,0,0,0,0|0#1|0#2|0#3|0#4|0#5|0#6|0#7|0#8|0#9|0#10|0#11|0#12|0,0|0#1|0#2|0#3|0#4|0#5|0#6|0#7|0#8|0#9|0#10|0#11|0#12|0,0|0#1|0#2|0#3|0#4|0#5|0#6|0#7|0#8|0#9|0#10|0#11|0#12|0,0|0#1|0#2|0#3|0#4|0#5|0#6|0#7|0#8|0#9|0#10|0#11|0#12|0
127|12,0,0,0,0,0,0,0,0,0,0,0,0,0,0,0,0,,,,
31|9,0,0,0,0,0,0,0,0,0,0,0,0,0,0,0,0,,,,
139|54,0,0,0,0,0,0,0,0,0,0,0,0,0,0,0,0,,,,
72|100,0,0,0,0,0,0,2,0,0,0,0,0,2,0,0,0,,,,
124|106,1,0,0,0,0,0,0,0,0,0,0,2,0,0,0,0,,,,
48|109,0,0,0,0,0,0,0,0,0,0,0,0,0,0,0,0,,,,
137|29,0,0,0,0,0,0,0,0,0,0,0,0,0,0,0,0,0|0#1|0#2|0#3|0#4|0#5|0#6|0#7|0#8|0#9|0#10|0#11|0#12|0,,0|0#1|0#2|0#3|0#4|0#5|0#6|0#7|0#8|0#9|0#10|0#11|0#12|0,
146|23,0,0,0,0,0,0,0,0,0,0,0,0,0,0,0,0,,,,
87|73,0,2,0,0,0,0,0,2,0,0,1,2,12,0,0,0,0|0#1|0#2|0#3|2#4|2#5|2#6|2#7|2#8|1#9|1#10|2#11|2#12|0,0|0#1|0#2|0#3|1#4|0#5|2#6|1#7|0#8|0#9|0#10|0#11|0#12|0,0|0#1|0#2|0#3|2#4|2#5|2#6|0#7|2#8|2#9|2#10|2#11|2#12|0,0|0#1|0#2|0#3|0#4|0#5|2#6|0#7|0#8|0#9|0#10|0#11|1#12|0
58|0,0,0,0,0,0,0,0,0,0,0,0,0,0,0,0,0,,,,
75|31,0,0,0,0,0,0,0,2,0,0,0,0,0,0,0,0,,,,
28|15,0,0,0,1,0,0,0,0,0,0,0,0,0,0,0,0,,,,
110|102,0,0,0,0,0,0,0,0,0,0,0,0,0,0,0,0,,,,
111|119,0,0,0,0,0,0,0,0,0,0,0,0,0,0,0,0,,,,
20|101,0,0,0,0,0,0,0,0,0,0,0,0,0,0,0,0,,,,
8|41,0,0,0,0,0,0,0,0,0,0,0,0,0,0,0,0,,,,
21|118,0,0,0,0,0,0,0,0,0,0,0,0,0,0,0,0,,,,
92|17,0,0,0,0,0,0,0,0,0,0,0,0,0,0,0,0,,,,
6|16,0,0,0,0,0,0,0,0,0,0,0,0,0,0,0,0,,,,
49|51,14,2,7,1,1,1,3,4,0,0,0,9,4,0,0,0,0|0#1|0#2|0#3|0#4|0#5|0#6|0#7|0#8|0#9|0#10|0#11|0#12|0,0|0#1|0#2|0#3|0#4|0#5|0#6|0#7|0#8|0#9|0#10|0#11|0#12|0,,0|0#1|0#2|0#3|0#4|0#5|0#6|0#7|0#8|0#9|0#10|0#11|0#12|0
86|104,0,0,0,1,0,0,0,0,0,0,0,0,0,0,0,0,,,,
73|117,0,0,0,0,0,0,0,0,0,0,0,0,0,0,0,0,,,,
