89|82,0,1,0,0,0,0,0,0,0,0,0,0,0,0,0,0,,,,
68|46,0,0,0,0,0,0,0,0,0,0,0,5,0,0,0,0,,,,
10|83,0,0,0,0,0,0,0,0,0,0,0,0,0,0,0,0,,,,
49|35,0,0,0,0,0,0,0,0,0,0,0,0,0,0,0,0,,,,
101|146,0,0,0,0,0,0,0,0,0,0,0,0,0,0,0,0,,,,
100|86,0,0,0,0,0,0,0,0,0,0,0,0,0,0,0,0,0|0#1|0#2|0#3|0#4|0#5|0#6|0#7|0#8|0#9|0#10|0#11|0#12|0,,0|0#1|0#2|0#3|0#4|0#5|0#6|0#7|0#8|0#9|0#10|0#11|0#12|0,
77|40,0,0,0,0,0,0,0,0,0,0,0,0,0,0,0,0,,,,
86|7,0,0,0,0,0,0,0,0,0,0,0,0,0,0,0,0,,,,
114|133,0,0,0,0,0,0,0,0,0,0,0,7,0,0,0,0,,,,
11|145,0,0,0,0,0,0,0,0,0,0,0,0,0,0,0,0,,,,
129|21,0,0,0,0,0,0,0,0,4,0,0,0,0,0,0,0,,,,
76|131,0,0,0,0,0,0,0,3,0,0,0,0,1,0,0,0,,,,
148|32,0,0,0,0,0,0,0,0,0,0,0,1,1,0,0,0,0|0#1|0#2|0#3|0#4|0#5|0#6|0#7|0#8|0#9|0#10|0#11|0#12|0,,0|0#1|0#2|0#3|0#4|0#5|0#6|0#7|0#8|0#9|0#10|0#11|0#12|0,
139|38,0,0,0,0,0,0,0,0,0,0,0,0,0,0,0,0,,,,
38|136,0,0,0,0,0,0,0,0,0,0,0,0,0,0,0,0,,,,
119|4,0,0,0,0,0,0,0,0,0,0,0,0,0,0,0,0,,,,
145|2,0,0,0,0,0,0,0,0,0,0,0,0,0,0,0,0,,,,
94|26,0,0,0,0,0,0,0,0,0,0,0,0,0,0,0,0,,,,
24|132,0,0,0,0,0,0,0,0,0,0,0,0,0,0,0,0,,,,
63|144,0,0,0,0,0,0,0,0,0,0,0,0,0,0,0,0,,,,
99|99,0,0,0,0,0,1,0,0,0,0,0,0,0,0,0,0,,,,
128|137,0,0,0,0,0,0,0,0,0,0,0,0,0,0,0,0,,,,
127|120,0,0,0,0,0,0,0,0,0,0,0,2,0,0,0,0,,,,
75|15,0,0,0,0,0,0,0,0,0,0,0,0,0,0,0,0,,,,
2|142,0,0,0,0,0,0,0,0,0,0,0,0,0,0,0,0,,,,
96|51,118,53,282,15,15,23,18,22,5,3,121,4,40,0,0,0,0|0#1|0#2|0#3|4#4|4#5|4#6|4#7|4#8|4#9|4#10|4#11|4#12|0,0|0#1|0#2|0#3|3#4|3#5|3#6|3#7|3#8|3#9|3#10|2#11|2#12|0,0|0#1|0#2|0#3|4#4|4#5|4#6|4#7|4#8|4#9|4#10|4#11|4#12|0,0|0#1|0#2|0#3|3#4|3#5|3#6|2#7|3#8|3#9|3#10|2#11|3#12|0
8|25,0,0,0,0,0,0,0,0,0,0,0,0,0,0,0,0,,,,
87|57,1,0,7,2,0,0,1,2,0,0,1,4,1,0,0,0,0|0#1|0#2|0#3|0#4|1#5|1#6|1#7|0#8|2#9|2#10|1#11|2#12|0,0|0#1|0#2|0#3|0#4|0#5|0#6|0#7|0#8|0#9|1#10|0#11|0#12|0,0|0#1|0#2|0#3|0#4|1#5|1#6|2#7|1#8|2#9|2#10|2#11|2#12|0,0|0#1|0#2|0#3|0#4|0#5|0#6|0#7|0#8|0#9|0#10|0#11|0#12|0
