15|121,0,0,0,0,0,0,0,0,0,0,0,0,0,0,0,0,,,,
29|125,0,0,0,0,0,0,0,0,0,0,0,0,0,0,0,0,,,,
43|90,0,3,0,0,0,0,0,1,0,0,0,0,0,0,0,0,,,,
89|11,0,0,0,0,0,0,0,0,0,0,0,0,0,0,0,0,,,,
124|99,0,0,0,0,0,0,0,0,1,0,0,1,5,0,0,0,0|0#1|0#2|0#3|0#4|0#5|0#6|0#7|0#8|0#9|0#10|0#11|0#12|0,0|0#1|0#2|0#3|0#4|0#5|0#6|0#7|0#8|0#9|0#10|0#11|0#12|0,0|0#1|0#2|0#3|0#4|0#5|0#6|0#7|0#8|0#9|0#10|0#11|0#12|0,0|0#1|0#2|0#3|0#4|0#5|0#6|0#7|0#8|0#9|0#10|0#11|0#12|0
22|54,2,1,1,0,1,2,1,1,5,0,1,0,1,0,0,0,,,,
39|1,0,0,0,0,0,0,0,0,0,0,0,0,0,0,0,0,,,,
150|79,0,0,0,0,0,0,0,0,0,0,0,0,0,0,0,0,,,,
68|137,0,0,0,0,0,0,0,0,0,0,0,0,0,0,0,0,,,,
10|12,0,0,0,0,0,0,0,0,0,0,0,0,0,0,0,0,,,,
121|51,0,0,0,0,0,0,0,3,0,0,0,0,0,0,0,0,,,,
20|29,0,0,0,0,0,0,0,0,0,0,0,0,0,0,0,0,,,,
16|138,0,0,0,0,0,0,0,0,0,0,0,0,0,0,0,0,,,,
15|85,0,0,0,0,0,0,0,0,0,0,0,0,0,0,0,0,,,,
54|133,0,0,0,0,0,0,0,0,0,0,0,0,0,0,0,0,,,,
67|120,0,0,0,0,0,0,0,0,0,0,0,0,0,0,0,0,,,,
93|145,0,0,0,0,0,0,0,0,0,0,0,0,0,0,0,0,,,,
130|130,0,0,0,0,0,0,0,0,0,0,0,0,0,0,0,0,,,,
41|65,0,0,0,0,0,0,0,0,0,0,0,0,0,0,0,0,,,,
119|126,0,0,0,0,0,0,0,0,0,0,0,2,0,0,0,0,,,,
140|62,0,0,0,0,0,0,0,0,0,0,0,0,0,0,0,0,,,,
144|134,0,0,0,0,0,0,0,1,1,0,0,1,0,0,0,0,,,,
41|146,0,0,0,0,0,0,0,0,0,0,0,0,0,0,0,0,,,,
105|88,0,0,0,0,0,0,0,1,0,0,0,0,0,0,0,0,,,0|0#1|0#2|0#3|0#4|0#5|0#6|0#7|0#8|0#9|0#10|0#11|0#12|0,
0|55,0,0,0,0,0,0,0,0,0,0,0,0,0,0,0,0,,,,
131|68,0,0,0,0,0,0,0,0,0,0,0,0,0,0,0,0,,,,
100|15,4,1,15,1,2,1,1,1,0,0,1,2,2,0,0,0,,,,
2|80,0,0,0,0,0,0,0,0,0,0,0,0,0,0,0,0,,,,
106|139,0,0,0,0,0,0,0,0,0,0,0,0,0,0,0,0,,,,
105|122,0,0,0,0,0,0,0,0,0,0,0,0,0,0,0,0,,,,
131|147,0,0,0,0,0,0,0,0,0,0,0,0,0,0,0,0,,,,
60|76,0,0,0,0,0,0,0,0,0,0,0,0,0,0,0,0,0|0#1|0#2|0#3|0#4|0#5|0#6|0#7|0#8|0#9|0#10|0#11|0#12|0,,0|0#1|0#2|0#3|0#4|0#5|0#6|0#7|0#8|0#9|0#10|0#11|0#12|0,
34|96,0,0,0,0,0,0,0,0,0,0,0,0,0,0,0,0,,,,
133|93,0,0,0,0,0,0,0,0,0,0,0,0,0,0,0,0,0|0#1|0#2|0#3|0#4|0#5|0#6|0#7|0#8|0#9|0#10|0#11|0#12|0,,0|0#1|0#2|0#3|0#4|0#5|0#6|0#7|0#8|0#9|0#10|0#11|0#12|0,
7|135,0,0,0,0,0,0,0,0,0,0,0,0,0,0,0,0,,,,
102|40,0,0,0,0,0,2,2,0,0,0,1,1,0,0,0,0,,0|0#1|0#2|0#3|0#4|0#5|0#6|0#7|0#8|0#9|0#10|0#11|0#12|0,,
112|57,0,0,1,0,0,0,0,0,0,0,0,0,0,0,0,0,0|0#1|0#2|0#3|0#4|0#5|0#6|0#7|1#8|0#9|0#10|0#11|0#12|0,0|0#1|0#2|0#3|0#4|0#5|0#6|0#7|0#8|0#9|0#10|0#11|0#12|0,0|0#1|0#2|0#3|0#4|0#5|0#6|0#7|0#8|0#9|0#10|0#11|0#12|0,0|0#1|0#2|0#3|0#4|0#5|0#6|0#7|0#8|0#9|0#10|0#11|0#12|0
99|28,0,0,0,0,0,0,0,0,0,0,0,0,6,0,0,0,0|0#1|0#2|0#3|0#4|0#5|0#6|0#7|0#8|0#9|0#10|0#11|0#12|0,,0|0#1|0#2|0#3|0#4|0#5|0#6|0#7|0#8|0#9|0#10|0#11|0#12|0,0|0#1|0#2|0#3|0#4|0#5|0#6|0#7|0#8|0#9|0#10|0#11|0#12|0
114|82,3,1,22,0,3,3,1,3,0,0,3,17,1,0,0,0,0|0#1|0#2|0#3|2#4|0#5|0#6|0#7|0#8|0#9|0#10|0#11|0#12|0,0|0#1|0#2|0#3|1#4|0#5|0#6|0#7|0#8|0#9|0#10|0#11|0#12|0,0|0#1|0#2|0#3|0#4|0#5|0#6|0#7|0#8|0#9|0#10|0#11|0#12|0,0|0#1|0#2|0#3|0#4|0#5|0#6|0#7|0#8|0#9|0#10|0#11|0#12|0
