10|76,0,0,0,0,0,0,0,0,0,0,0,0,0,0,0,0,,,,
96|44,0,3,0,0,0,0,0,0,0,0,0,0,1,0,0,0,0|0#1|0#2|0#3|2#4|1#5|0#6|1#7|0#8|0#9|0#10|2#11|0#12|0,0|0#1|0#2|0#3|2#4|1#5|0#6|0#7|0#8|0#9|0#10|0#11|0#12|0,0|0#1|0#2|0#3|1#4|0#5|1#6|1#7|0#8|0#9|2#10|1#11|2#12|0,0|0#1|0#2|0#3|1#4|0#5|0#6|0#7|0#8|0#9|0#10|0#11|0#12|0
24|125,0,0,0,0,0,0,0,0,0,0,0,0,0,0,0,0,,,,
8|18,0,0,0,0,0,0,0,2,0,0,1,0,2,0,0,0,,,,
11|138,0,0,0,0,0,0,0,0,0,0,0,0,0,0,0,0,,,,
49|28,0,0,0,0,0,0,0,0,0,0,0,0,0,0,0,0,,,,
77|33,1,0,0,0,0,1,0,0,1,0,0,0,0,0,0,0,0|0#1|0#2|0#3|0#4|0#5|0#6|0#7|0#8|0#9|0#10|0#11|0#12|0,0|0#1|0#2|0#3|0#4|0#5|0#6|0#7|0#8|0#9|0#10|0#11|0#12|0,0|0#1|0#2|0#3|0#4|0#5|0#6|0#7|0#8|0#9|0#10|0#11|0#12|0,0|0#1|0#2|0#3|0#4|0#5|0#6|0#7|0#8|0#9|0#10|0#11|0#12|0
68|39,0,0,0,0,0,0,0,0,0,0,0,0,0,0,0,0,,,,
100|122,0,0,0,0,0,0,0,0,0,0,0,0,0,0,0,0,,,,
89|111,0,1,0,0,0,0,0,0,1,0,0,0,0,0,0,0,,,,
114|126,0,0,0,0,0,0,0,0,0,0,0,0,0,0,0,0,,,,
101|139,0,0,0,0,0,0,0,0,0,0,0,0,0,0,0,0,,,,
63|137,0,0,0,0,0,0,0,0,0,0,0,0,0,0,0,0,,,,
100|79,0,3,0,0,0,0,0,2,0,0,0,0,3,0,0,0,0|0#1|0#2|0#3|1#4|1#5|1#6|0#7|2#8|2#9|2#10|2#11|2#12|0,0|0#1|0#2|0#3|0#4|0#5|0#6|0#7|0#8|0#9|0#10|0#11|0#12|0,0|0#1|0#2|0#3|2#4|2#5|2#6|2#7|2#8|2#9|1#10|2#11|1#12|0,0|0#1|0#2|0#3|1#4|0#5|1#6|0#7|0#8|0#9|0#10|0#11|0#12|0
2|135,0,0,0,0,0,0,0,0,0,0,0,0,0,0,0,0,,,,
58|22,0,0,0,0,0,0,0,0,0,0,0,0,0,0,0,0,,,,
78|2,0,0,0,0,0,0,0,0,0,0,0,0,0,0,0,0,,,,
127|113,1,3,7,7,0,5,1,2,0,0,1,18,1,0,0,0,,,,
76|124,0,0,0,0,0,0,0,0,0,0,0,0,0,0,0,0,,,,
62|120,0,0,0,0,0,0,0,0,0,0,0,0,0,0,0,0,,,,
10|121,0,0,0,0,0,0,0,0,0,0,0,0,0,0,0,0,,,,
37|112,0,0,0,0,0,0,0,0,0,0,0,0,0,0,0,0,,,,
39|11,0,1,0,0,0,0,0,0,0,0,0,0,0,0,0,0,,,,
38|129,0,0,0,0,0,0,0,0,0,0,0,0,0,0,0,0,,,,
152|121,0,0,0,0,0,0,0,0,0,0,0,0,0,0,0,0,,,,
110|6,0,0,0,1,0,0,0,0,0,0,0,0,0,0,0,0,,,,
148|25,0,0,0,0,0,0,0,0,0,0,0,1,0,0,0,0,0|0#1|0#2|0#3|0#4|0#5|0#6|0#7|0#8|0#9|0#10|0#11|0#12|0,,0|0#1|0#2|0#3|0#4|0#5|0#6|0#7|0#8|0#9|0#10|0#11|0#12|0,
94|19,0,0,0,0,0,0,0,0,0,0,0,0,0,0,0,0,,,,
129|14,0,0,0,0,0,0,0,0,0,0,0,0,0,0,0,0,,,,
89|75,7,4,3,5,2,8,3,6,1,3,3,2,1,0,0,0,0|0#1|0#2|0#3|1#4|1#5|1#6|1#7|0#8|1#9|0#10|1#11|2#12|0,0|0#1|0#2|0#3|0#4|0#5|0#6|1#7|0#8|0#9|0#10|0#11|0#12|0,0|0#1|0#2|0#3|1#4|0#5|1#6|1#7|0#8|1#9|0#10|2#11|0#12|0,0|0#1|0#2|0#3|0#4|0#5|1#6|0#7|1#8|0#9|0#10|0#11|0#12|0
