67|79,1,0,0,0,0,0,0,1,1,0,0,1,0,0,0,0,,,0|0#1|0#2|0#3|0#4|0#5|0#6|0#7|0#8|0#9|0#10|0#11|0#12|0,
126|29,0,0,0,0,0,0,0,0,0,0,0,0,0,0,0,0,0|0#1|0#2|0#3|0#4|0#5|0#6|0#7|0#8|0#9|0#10|0#11|0#12|0,0|0#1|0#2|0#3|0#4|0#5|0#6|0#7|0#8|0#9|0#10|0#11|0#12|0,,0|0#1|0#2|0#3|0#4|0#5|0#6|0#7|0#8|0#9|0#10|0#11|0#12|0
141|8,0,0,0,0,0,0,0,0,0,0,0,0,0,0,0,0,,,,
139|146,0,0,0,0,0,0,0,0,0,0,0,0,1,0,0,0,,,,
90|11,0,0,0,0,0,0,0,0,0,0,0,0,0,0,0,0,,,,
135|23,0,0,0,0,0,0,0,0,0,0,0,0,0,0,0,0,,,,
29|57,0,0,0,0,0,0,0,0,0,0,0,0,0,0,0,0,0|0#1|0#2|0#3|0#4|0#5|0#6|0#7|0#8|0#9|0#10|0#11|0#12|0,,0|0#1|0#2|0#3|0#4|0#5|0#6|0#7|0#8|0#9|0#10|0#11|0#12|0,
38|51,0,0,0,0,0,0,0,0,0,0,0,0,0,0,0,0,,,,
76|73,0,0,0,0,0,0,0,0,1,0,0,0,0,0,0,0,0|0#1|0#2|0#3|0#4|0#5|0#6|0#7|0#8|0#9|0#10|0#11|0#12|0,,0|0#1|0#2|0#3|0#4|0#5|0#6|0#7|0#8|0#9|0#10|0#11|0#12|0,
70|106,0,0,0,0,0,0,0,0,0,0,0,0,0,0,0,0,,,,
64|31,0,0,0,0,0,0,0,0,0,0,0,1,1,0,0,0,,,,
93|59,19,28,48,2,9,7,1,4,2,4,27,7,17,0,0,0,0|0#1|0#2|0#3|4#4|4#5|4#6|4#7|4#8|4#9|4#10|4#11|4#12|0,0|0#1|0#2|0#3|4#4|4#5|4#6|4#7|4#8|4#9|4#10|4#11|4#12|0,0|0#1|0#2|0#3|4#4|4#5|4#6|4#7|4#8|4#9|4#10|4#11|4#12|0,0|0#1|0#2|0#3|4#4|4#5|4#6|4#7|4#8|4#9|4#10|4#11|4#12|0
49|145,0,0,0,0,0,0,0,0,0,0,0,0,0,0,0,0,,,,
116|12,0,0,0,0,0,0,0,0,0,0,0,0,0,0,0,0,,,,
125|142,0,0,0,0,0,0,0,0,0,0,0,0,0,0,0,0,,,,
57|62,0,0,0,0,0,0,0,0,0,0,0,0,0,0,0,0,,,,
7|58,0,0,0,0,0,0,0,0,0,0,0,0,0,0,0,0,,,,
83|42,0,2,0,0,0,0,0,0,0,0,0,0,0,0,0,0,,,,
74|48,0,0,0,0,0,0,0,0,0,0,0,0,0,0,0,0,,,,
107|18,0,0,0,0,0,0,0,0,0,0,0,0,0,0,0,0,,,,
128|54,0,0,0,0,0,0,0,0,0,0,0,0,0,0,0,0,,,,
36|26,0,0,0,0,0,0,0,0,0,0,0,0,0,0,0,0,0|0#1|0#2|0#3|0#4|0#5|0#6|0#7|0#8|0#9|0#10|0#11|0#12|0,,0|0#1|0#2|0#3|0#4|0#5|0#6|0#7|0#8|0#9|0#10|0#11|0#12|0,
87|140,0,0,0,0,0,0,0,0,0,0,0,0,0,0,0,0,,,,
11|3,0,0,0,0,0,0,0,0,0,0,0,0,0,0,0,0,,,,
55|37,0,0,0,0,0,0,0,0,0,0,0,0,0,0,0,0,,,,
109|43,0,0,0,0,0,0,0,0,0,0,0,0,0,0,0,0,0|0#1|0#2|0#3|0#4|0#5|0#6|0#7|0#8|0#9|0#10|0#11|0#12|0,0|0#1|0#2|0#3|0#4|0#5|0#6|0#7|0#8|0#9|0#10|0#11|0#12|0,0|0#1|0#2|0#3|0#4|0#5|0#6|0#7|0#8|0#9|0#10|0#11|0#12|0,0|0#1|0#2|0#3|0#4|0#5|0#6|0#7|0#8|0#9|0#10|0#11|0#12|0
147|65,0,0,0,0,0,0,0,0,0,0,0,0,0,0,0,0,0|0#1|0#2|0#3|0#4|0#5|0#6|0#7|0#8|0#9|0#10|0#11|0#12|0,0|0#1|0#2|0#3|0#4|0#5|0#6|0#7|0#8|0#9|0#10|0#11|0#12|0,0|0#1|0#2|0#3|0#4|0#5|0#6|0#7|0#8|0#9|0#10|0#11|0#12|0,0|0#1|0#2|0#3|0#4|0#5|0#6|0#7|0#8|0#9|0#10|0#11|0#12|0
149|90,0,0,0,0,0,0,0,0,0,0,0,0,0,0,0,0,,,,
45|20,0,0,0,0,0,0,0,0,0,0,0,0,0,0,0,0,,,,
48|68,0,0,0,0,0,0,0,0,0,0,0,0,0,0,0,0,,,,
81|17,3,0,1,0,0,0,0,0,3,0,0,0,0,0,0,0,,,,
17|15,0,0,0,0,0,0,0,0,0,0,0,0,0,0,0,0,,,,
35|141,0,0,0,0,0,0,0,0,0,0,0,0,0,0,0,0,,,,
95|84,0,1,0,0,1,0,0,0,0,0,0,1,0,0,0,0,,,0|0#1|0#2|0#3|0#4|0#5|0#6|0#7|0#8|0#9|0#10|0#11|0#12|0,
19|40,0,0,0,0,0,0,0,0,0,0,0,0,0,0,0,0,,,,
4|10,0,1,0,0,0,0,0,1,0,0,0,0,0,0,0,0,,,,
9|83,0,0,0,0,0,0,0,0,0,0,0,0,0,0,0,0,,,,
