44|34,1,0,0,3,0,0,0,0,0,0,3,18,0,0,0,0,0|0#1|0#2|0#3|0#4|0#5|0#6|0#7|0#8|0#9|0#10|0#11|0#12|0,,0|0#1|0#2|0#3|0#4|0#5|0#6|0#7|0#8|0#9|0#10|0#11|0#12|0,
65|70,0,0,0,0,0,0,0,0,0,0,0,0,0,0,0,0,,,,
37|65,0,0,0,0,0,0,0,0,0,0,0,0,0,0,0,0,,,,
70|14,0,0,0,0,0,0,0,0,0,0,0,0,0,0,0,0,,,,
3|24,0,0,0,0,0,0,0,0,0,0,0,0,0,0,0,0,,,,
134|37,0,0,0,0,0,0,0,0,0,0,0,0,0,0,0,0,,,,
143|31,1,0,0,0,0,0,2,1,0,0,0,3,0,0,0,0,,,,
46|131,0,0,0,0,0,0,0,0,0,0,0,0,0,0,0,0,,,,
99|147,0,0,0,0,0,0,0,0,0,0,0,0,0,0,0,0,,,,
82|56,1,0,6,1,0,0,2,0,1,0,0,6,0,0,0,0,0|0#1|0#2|0#3|0#4|0#5|0#6|0#7|0#8|1#9|0#10|0#11|0#12|0,0|0#1|0#2|0#3|0#4|0#5|0#6|0#7|0#8|0#9|0#10|0#11|0#12|0,0|0#1|0#2|0#3|0#4|0#5|0#6|0#7|0#8|0#9|0#10|0#11|0#12|0,0|0#1|0#2|0#3|0#4|0#5|0#6|0#7|0#8|0#9|0#10|0#11|0#12|0
18|54,0,0,0,0,0,0,0,0,0,0,0,0,0,0,0,0,,,,
94|98,0,0,0,0,0,0,0,0,0,0,0,0,0,0,0,0,,,,
146|79,0,0,0,0,0,0,0,0,0,0,0,0,1,0,0,0,0|0#1|0#2|0#3|0#4|0#5|0#6|0#7|0#8|0#9|0#10|0#11|0#12|0,,0|0#1|0#2|0#3|0#4|0#5|0#6|0#7|0#8|0#9|0#10|0#11|0#12|0,
62|4,0,0,0,0,0,0,0,0,0,0,0,0,0,0,0,0,,,,
33|144,0,0,0,0,0,0,0,0,0,0,0,0,0,0,0,0,,,,
39|90,0,0,0,0,0,0,0,0,0,0,0,0,0,0,0,0,,,,
36|6,0,0,0,0,0,0,0,0,0,0,0,0,0,0,0,0,,,,
56|76,0,0,0,0,0,0,0,0,0,0,0,0,0,0,0,0,0|0#1|0#2|0#3|0#4|0#5|0#6|0#7|0#8|0#9|0#10|0#11|0#12|0,,,
16|29,0,0,0,0,0,0,0,1,1,0,0,0,0,0,0,0,,,,
8|97,0,0,0,0,0,0,0,0,0,0,0,0,0,0,0,0,,,,
75|87,0,0,0,0,0,1,0,0,0,0,0,0,1,0,0,0,,,0|0#1|0#2|0#3|0#4|0#5|0#6|0#7|0#8|0#9|0#10|0#11|0#12|0,
117|51,139,21,54,2,4,7,4,16,5,1,30,10,14,1,0,0,0|0#1|0#2|0#3|2#4|2#5|2#6|2#7|2#8|3#9|2#10|2#11|2#12|0,0|0#1|0#2|0#3|1#4|1#5|1#6|2#7|2#8|2#9|2#10|2#11|2#12|0,0|0#1|0#2|0#3|2#4|2#5|2#6|2#7|3#8|3#9|2#10|2#11|3#12|0,0|0#1|0#2|0#3|1#4|0#5|2#6|2#7|2#8|2#9|2#10|2#11|2#12|0
91|50,106,18,123,12,0,11,5,9,4,2,40,3,15,0,0,0,0|0#1|0#2|0#3|3#4|2#5|2#6|2#7|2#8|2#9|2#10|2#11|2#12|0,0|0#1|0#2|0#3|2#4|2#5|2#6|2#7|2#8|1#9|2#10|2#11|2#12|0,0|0#1|0#2|0#3|3#4|2#5|2#6|2#7|2#8|2#9|2#10|2#11|2#12|0,0|0#1|0#2|0#3|2#4|1#5|2#6|2#7|1#8|1#9|2#10|2#11|2#12|0
98|130,0,1,0,0,0,0,1,0,0,0,0,2,1,0,0,0,,,,
123|145,0,0,0,0,0,0,0,0,0,0,0,0,0,0,0,0,,,,
127|68,0,0,0,0,0,1,0,6,0,0,1,1,2,0,0,0,,,,
63|45,0,0,0,0,0,0,0,0,0,0,0,0,0,0,0,0,,,,
115|26,0,0,0,0,1,1,1,0,5,0,2,0,4,0,0,0,0|0#1|0#2|0#3|0#4|0#5|0#6|0#7|0#8|0#9|0#10|0#11|0#12|0,,,0|0#1|0#2|0#3|0#4|0#5|0#6|0#7|0#8|0#9|0#10|0#11|0#12|0
108|57,16,1,9,2,5,16,1,4,0,1,4,1,7,0,0,0,0|0#1|0#2|0#3|4#4|3#5|2#6|2#7|2#8|2#9|2#10|3#11|3#12|0,0|0#1|0#2|0#3|3#4|3#5|2#6|2#7|2#8|2#9|2#10|2#11|2#12|0,0|0#1|0#2|0#3|4#4|2#5|2#6|3#7|2#8|2#9|3#10|3#11|3#12|0,0|0#1|0#2|0#3|3#4|2#5|2#6|2#7|2#8|2#9|2#10|2#11|2#12|0
124|20,0,0,0,0,0,0,0,0,0,0,0,0,0,0,0,0,,,,
136|62,0,0,0,0,0,0,0,0,0,0,0,0,0,0,0,0,,,,
84|81,0,0,2,0,0,2,1,0,2,0,0,2,0,0,0,0,,,,
129|93,0,0,0,0,0,0,0,0,0,0,0,0,0,0,0,0,,,,
85|143,0,0,0,0,0,0,0,0,0,0,0,0,0,0,0,0,,,,
25|23,0,0,0,0,0,0,0,0,0,0,0,0,0,0,0,0,,,,
136|132,0,0,0,0,0,0,0,0,1,0,0,0,0,0,0,0,,,,
