66|17,0,0,0,0,0,0,0,0,0,0,0,0,0,0,0,0,,,,
94|22,0,0,0,0,0,0,0,0,0,0,0,0,0,0,0,0,,,,
25|145,0,0,0,0,0,0,0,0,0,0,0,0,0,0,0,0,,,,
110|99,0,0,0,0,0,0,0,0,0,0,0,0,0,0,0,0,,,,
38|132,0,0,0,0,0,0,0,0,0,0,0,0,0,0,0,0,,,,
101|142,0,0,0,0,0,0,0,1,0,0,0,0,0,0,0,0,,,,
119|0,0,0,0,0,0,0,0,0,0,0,0,0,0,0,0,0,,,,
85|28,0,2,0,0,0,0,0,0,0,1,0,0,0,0,0,0,0|0#1|0#2|0#3|0#4|0#5|0#6|0#7|0#8|0#9|0#10|0#11|0#12|0,0|0#1|0#2|0#3|0#4|0#5|0#6|0#7|0#8|0#9|0#10|0#11|0#12|0,0|0#1|0#2|0#3|0#4|0#5|0#6|0#7|0#8|0#9|0#10|0#11|0#12|0,0|0#1|0#2|0#3|0#4|0#5|0#6|0#7|0#8|0#9|0#10|0#11|0#12|0
11|141,0,0,0,0,0,0,0,0,0,0,0,0,0,0,0,0,,,,
115|146,0,0,0,0,0,0,0,0,0,0,0,0,0,0,0,0,,,,
49|31,0,0,0,0,0,0,0,0,0,0,0,0,0,0,0,0,,,,
63|140,0,0,0,0,0,0,0,0,0,0,0,0,0,0,0,0,,,,
99|95,0,0,0,0,0,0,0,0,0,0,0,0,0,0,0,0,,,,
77|144,0,0,0,0,0,0,0,0,0,0,0,0,0,0,0,0,,,,
139|34,0,0,0,0,0,0,0,0,0,0,0,0,0,0,0,0,,,,0|0#1|0#2|0#3|0#4|0#5|0#6|0#7|0#8|0#9|0#10|0#11|0#12|0
20|96,0,0,0,0,0,0,0,0,0,0,0,0,0,0,0,0,,,,
86|3,0,0,0,0,0,0,0,0,0,0,0,0,0,0,0,0,,,,
128|133,0,0,0,0,0,0,0,0,1,0,0,0,0,0,0,0,,,,
100|82,0,0,0,0,0,0,0,0,1,0,0,2,0,0,0,0,0|0#1|0#2|0#3|0#4|0#5|0#6|0#7|0#8|0#9|0#10|0#11|0#12|0,,0|0#1|0#2|0#3|0#4|0#5|0#6|0#7|0#8|0#9|0#10|0#11|0#12|0,
59|48,0,0,0,0,0,0,0,0,1,0,0,0,0,0,1,0,,,0|0#1|0#2|0#3|0#4|0#5|0#6|0#7|0#8|0#9|0#10|0#11|0#12|0,
78|59,0,0,0,0,0,0,2,0,0,0,0,0,0,0,0,0,,,0|0#1|0#2|0#3|0#4|0#5|0#6|0#7|0#8|0#9|0#10|0#11|0#12|0,
68|42,0,0,0,0,0,1,0,0,0,0,0,0,0,0,0,0,,,,
87|53,13,4,4,3,1,0,0,4,0,0,6,1,0,0,0,0,0|0#1|0#2|0#3|3#4|2#5|2#6|2#7|1#8|1#9|2#10|2#11|2#12|0,0|0#1|0#2|0#3|2#4|2#5|1#6|1#7|1#8|1#9|1#10|1#11|1#12|0,0|0#1|0#2|0#3|2#4|2#5|2#6|2#7|2#8|1#9|2#10|2#11|2#12|0,0|0#1|0#2|0#3|2#4|2#5|1#6|1#7|1#8|1#9|1#10|1#11|1#12|0
8|21,0,0,0,0,0,0,0,0,0,0,0,0,0,0,0,0,,,,
75|11,0,0,0,0,0,0,0,0,0,0,0,0,0,0,0,0,,,,
