97|7,0,0,0,0,0,0,0,0,0,0,0,0,0,0,0,0,,,,
117|65,0,0,0,0,0,0,0,0,0,0,0,0,0,0,0,0,0|0#1|0#2|0#3|0#4|0#5|0#6|0#7|0#8|0#9|0#10|0#11|0#12|0,0|0#1|0#2|0#3|0#4|0#5|0#6|0#7|0#8|0#9|0#10|0#11|0#12|0,0|0#1|0#2|0#3|0#4|0#5|0#6|0#7|0#8|0#9|0#10|0#11|0#12|0,0|0#1|0#2|0#3|0#4|0#5|0#6|0#7|0#8|0#9|0#10|0#11|0#12|0
46|145,0,0,0,0,0,0,0,0,0,0,0,0,0,0,0,0,,,,
34|31,0,0,0,0,0,0,0,0,0,0,0,0,0,0,0,0,,,,
5|63,0,0,0,0,0,0,0,0,0,0,0,0,0,0,0,0,,,,
44|48,0,0,0,0,0,0,0,0,0,0,0,7,0,0,0,0,,,,
53|42,0,0,0,0,0,0,0,0,0,0,0,0,0,0,0,0,,,,
63|59,37,12,64,5,0,5,3,8,8,0,17,4,12,0,0,0,0|0#1|0#2|0#3|0#4|0#5|0#6|0#7|0#8|0#9|0#10|0#11|0#12|0,0|0#1|0#2|0#3|0#4|0#5|0#6|0#7|0#8|0#9|0#10|0#11|0#12|0,0|0#1|0#2|0#3|0#4|0#5|0#6|0#7|0#8|0#9|0#10|0#11|0#12|0,0|0#1|0#2|0#3|0#4|0#5|0#6|0#7|0#8|0#9|0#10|0#11|0#12|0
149|133,0,0,0,0,0,0,0,0,1,0,0,0,0,0,0,0,,,,
60|11,0,0,0,0,0,0,0,0,0,0,0,0,0,0,0,0,,,,
70|28,1,0,0,0,0,0,0,0,0,0,0,1,0,0,0,0,,,,
27|62,0,0,0,0,0,0,0,0,0,0,0,0,0,0,0,0,,,,
105|23,0,0,0,0,0,0,0,2,0,0,0,0,0,0,0,0,0|0#1|0#2|0#3|0#4|0#5|0#6|0#7|0#8|0#9|0#10|0#11|0#12|0,,0|0#1|0#2|0#3|0#4|0#5|0#6|0#7|0#8|0#9|0#10|0#11|0#12|0,
124|34,0,0,0,0,0,1,0,0,0,0,0,0,0,0,0,0,,,,
91|64,44,21,160,7,8,12,10,11,9,0,39,11,16,0,0,0,0|0#1|0#2|0#3|4#4|4#5|4#6|4#7|4#8|4#9|4#10|4#11|4#12|0,0|0#1|0#2|0#3|4#4|4#5|4#6|4#7|4#8|4#9|4#10|4#11|4#12|0,0|0#1|0#2|0#3|4#4|4#5|4#6|4#7|4#8|4#9|4#10|4#11|4#12|0,0|0#1|0#2|0#3|4#4|4#5|4#6|4#7|4#8|4#9|4#10|4#11|4#12|0
15|20,0,0,0,0,0,0,0,1,0,0,0,0,0,0,0,0,,,,
136|146,0,0,0,0,0,0,0,0,0,0,0,0,0,0,0,0,,,,
3|38,0,0,0,0,0,0,0,0,0,0,0,0,0,0,0,0,,,,
32|141,0,0,0,0,0,0,0,0,0,0,0,0,0,0,0,0,,,,
65|84,0,1,0,0,0,0,0,0,1,0,0,0,0,0,0,0,,,,
119|90,0,0,0,0,0,0,0,0,0,0,0,0,0,0,0,0,,0|0#1|0#2|0#3|0#4|0#5|0#6|0#7|0#8|0#9|0#10|0#11|0#12|0,,0|0#1|0#2|0#3|0#4|0#5|0#6|0#7|0#8|0#9|0#10|0#11|0#12|0
46|73,0,0,0,0,0,2,0,0,0,0,0,0,0,0,0,0,,,,
59|132,0,0,0,0,0,0,0,0,0,0,0,0,0,0,0,0,,,,
122|142,0,0,0,0,0,0,0,0,0,0,0,0,0,0,0,0,,,,
145|70,0,0,1,0,0,0,0,0,0,0,0,0,0,0,0,0,0|0#1|0#2|0#3|0#4|0#5|0#6|0#7|0#8|0#9|0#10|0#11|0#12|0,0|0#1|0#2|0#3|0#4|0#5|0#6|0#7|0#8|0#9|0#10|0#11|0#12|0,0|0#1|0#2|0#3|0#4|0#5|0#6|0#7|0#8|0#9|0#10|0#11|0#12|0,0|0#1|0#2|0#3|0#4|0#5|0#6|0#7|0#8|0#9|0#10|0#11|0#12|0
84|140,0,0,0,0,0,0,0,0,0,0,0,0,0,0,0,0,,,,
18|68,0,0,0,0,0,0,0,0,0,0,0,0,0,0,0,0,,,,
143|45,0,0,0,0,0,0,0,0,0,0,0,0,0,0,0,0,,,,
98|144,0,0,0,0,0,0,0,0,0,0,0,0,0,0,0,0,,,,
37|79,0,0,0,0,0,0,0,0,0,0,0,0,0,0,0,0,,,,
72|53,0,0,0,0,0,0,0,0,0,0,0,0,1,0,0,0,,,0|0#1|0#2|0#3|0#4|0#5|0#6|0#7|0#8|0#9|0#10|0#11|0#12|0,
150|14,0,0,0,0,0,0,0,0,0,0,0,0,0,0,0,0,,,,
84|95,0,0,0,0,0,0,0,0,0,0,0,0,0,0,0,0,0|0#1|0#2|0#3|0#4|0#5|0#6|0#7|0#8|0#9|0#10|0#11|0#12|0,,0|0#1|0#2|0#3|0#4|0#5|0#6|0#7|0#8|0#9|0#10|0#11|0#12|0,0|0#1|0#2|0#3|0#4|0#5|0#6|0#7|0#8|0#9|0#10|0#11|0#12|0
25|37,0,0,0,0,0,0,0,0,0,0,0,0,0,0,0,0,,,,
51|17,0,0,0,0,0,0,0,0,0,0,0,0,0,0,0,0,,,,
136|76,0,0,0,0,0,0,0,0,0,0,0,0,0,0,0,0,,,,
