11|130,0,0,0,0,0,0,0,0,0,0,0,0,0,0,0,0,,,,
50|142,0,0,0,0,0,0,0,0,0,0,0,0,0,0,0,0,,,,
110|88,0,0,0,0,0,0,0,1,0,0,0,1,1,0,0,0,,,,
94|11,0,0,0,0,0,0,0,0,0,0,0,0,0,0,0,0,,,,
3|144,0,0,0,0,0,0,0,0,0,0,0,0,0,0,0,0,,,,
87|42,0,0,0,0,0,0,0,1,1,0,0,0,0,0,0,0,0|0#1|0#2|0#3|0#4|0#5|0#6|0#7|0#8|0#9|0#10|0#11|0#12|0,,,
51|3,0,0,0,0,0,0,0,0,0,0,0,0,0,0,0,0,,,,
12|147,0,0,0,0,0,0,0,0,0,0,0,0,0,0,0,0,,,,
77|133,0,0,0,0,0,0,0,0,0,0,0,0,0,0,0,0,,,,
128|122,0,0,0,0,0,0,1,1,0,0,0,1,0,0,0,0,,,,
100|71,0,0,1,0,0,0,0,3,1,0,1,0,3,0,0,0,,,,
115|135,0,0,0,0,0,0,0,0,0,0,0,0,0,0,0,0,,,,
99|84,0,0,1,0,0,1,0,0,0,0,1,0,0,0,0,0,,,,
129|139,0,0,0,0,0,0,0,0,0,0,0,0,0,0,0,0,,,,
8|10,0,0,0,0,0,0,0,1,0,0,0,0,0,0,0,0,,,,
39|138,0,0,0,0,0,0,0,0,0,0,0,0,0,0,0,0,,,,
78|48,0,0,0,0,0,0,1,0,1,0,0,0,0,0,0,0,0|0#1|0#2|0#3|1#4|0#5|0#6|0#7|0#8|0#9|0#10|1#11|1#12|0,0|0#1|0#2|0#3|0#4|0#5|0#6|0#7|0#8|0#9|0#10|0#11|0#12|0,0|0#1|0#2|0#3|0#4|0#5|0#6|0#7|0#8|0#9|0#10|1#11|2#12|0,0|0#1|0#2|0#3|0#4|0#5|0#6|0#7|0#8|0#9|0#10|0#11|0#12|0
101|131,0,0,0,0,0,0,0,0,0,0,0,0,0,0,0,0,,,,
68|31,0,0,0,0,0,0,0,0,0,0,0,0,0,0,1,0,,,0|0#1|0#2|0#3|0#4|0#5|0#6|0#7|0#8|0#9|0#10|0#11|0#12|0,
25|5,0,0,0,0,0,0,0,1,0,0,0,0,0,0,0,0,,,,
139|23,0,0,0,0,0,0,0,0,0,0,0,0,0,0,0,0,0|0#1|0#2|0#3|0#4|0#5|0#6|0#7|0#8|0#9|0#10|0#11|0#12|0,,0|0#1|0#2|0#3|0#4|0#5|0#6|0#7|0#8|0#9|0#10|0#11|0#12|0,
49|20,0,0,0,0,0,0,0,0,0,0,0,0,0,0,0,0,,,,
140|143,0,0,0,0,0,0,0,0,0,0,0,0,0,0,0,0,,,,
25|134,0,0,0,0,0,0,0,0,0,0,0,0,0,0,0,0,,,,
38|121,0,0,0,0,0,0,0,0,0,0,0,0,0,0,0,0,,,,
85|17,0,0,0,0,0,0,0,0,0,0,0,0,0,0,0,0,,,,
20|85,0,0,0,0,0,0,0,0,0,0,0,0,0,0,0,0,,,,
97|59,195,86,235,110,45,19,14,37,25,37,149,166,50,3,0,0,0|0#1|0#2|0#3|4#4|4#5|4#6|4#7|4#8|4#9|4#10|4#11|4#12|0,0|0#1|0#2|0#3|4#4|4#5|4#6|4#7|4#8|4#9|4#10|4#11|4#12|0,0|0#1|0#2|0#3|4#4|4#5|4#6|4#7|4#8|4#9|4#10|4#11|4#12|0,0|0#1|0#2|0#3|4#4|4#5|4#6|4#7|4#8|4#9|4#10|4#11|4#12|0
64|146,0,0,0,0,0,0,0,0,0,0,0,0,0,0,0,0,,,,
59|37,0,0,0,0,0,0,0,0,0,0,0,0,0,0,0,0,,,,
