28|98,0,0,0,0,0,0,0,0,0,0,0,0,0,0,0,0,,,,
127|95,0,0,0,0,0,0,0,0,0,0,0,0,0,0,0,0,,,,
134|64,0,0,0,0,0,0,0,0,0,0,0,0,0,0,0,0,,,,
42|6,0,0,0,0,0,0,0,0,0,0,0,0,0,0,0,0,,,,
16|8,0,0,0,0,0,0,0,0,0,0,0,0,0,0,0,0,,,,
133|129,0,0,0,0,0,0,0,0,0,0,0,0,0,0,0,0,,,,
81|123,0,0,0,0,0,0,0,0,0,0,0,0,0,0,0,0,,,,
35|67,0,0,0,0,0,0,0,0,0,0,0,0,0,0,0,0,,,,
115|53,12,10,27,3,3,2,3,5,1,2,23,3,3,0,0,0,,,0|0#1|0#2|0#3|0#4|0#5|0#6|0#7|0#8|0#9|0#10|0#11|0#12|0,
122|22,15,4,53,3,3,2,4,4,7,0,7,2,1,0,0,0,,0|0#1|0#2|0#3|0#4|0#5|0#6|0#7|0#8|0#9|0#10|0#11|0#12|0,0|0#1|0#2|0#3|0#4|0#5|0#6|0#7|0#8|0#9|0#10|0#11|0#12|0,0|0#1|0#2|0#3|0#4|0#5|0#6|0#7|0#8|0#9|0#10|0#11|0#12|0
6|99,0,0,0,0,0,0,0,0,0,0,0,0,0,0,0,0,,,,
18|81,0,0,0,0,0,0,0,0,0,0,0,0,0,0,0,0,,,,
23|25,0,0,0,0,0,0,0,0,0,0,0,0,0,0,0,0,,,,
42|111,0,0,0,0,0,0,0,0,0,0,0,0,0,0,0,0,,,,
82|83,0,0,0,0,0,0,0,0,0,0,0,0,0,0,0,0,,,,
1|5,0,0,0,0,0,0,0,0,0,0,0,0,0,0,0,0,,,,
106|59,25,11,24,0,8,0,0,0,0,8,4,0,22,0,0,0,0|0#1|0#2|0#3|4#4|4#5|4#6|4#7|4#8|4#9|4#10|4#11|4#12|0,0|0#1|0#2|0#3|4#4|4#5|4#6|4#7|4#8|4#9|4#10|4#11|4#12|0,0|0#1|0#2|0#3|4#4|4#5|4#6|4#7|4#8|4#9|4#10|4#11|4#12|0,0|0#1|0#2|0#3|4#4|4#5|4#6|4#7|4#8|4#9|4#10|4#11|4#12|0
1|26,0,0,0,0,0,0,0,0,0,0,0,0,0,0,0,0,,,,
8|100,0,0,0,0,0,0,0,0,0,0,0,0,0,0,0,0,,,,
61|47,0,0,0,0,0,0,0,0,1,0,0,0,0,0,0,0,,,,
73|89,0,0,0,0,0,0,0,0,0,0,1,1,0,0,0,0,,,,
17|103,0,0,0,0,0,0,0,0,0,0,0,0,0,0,0,0,,,,
146|116,0,0,0,0,0,0,0,0,0,0,0,0,0,0,0,0,,,,
95|127,0,0,0,0,0,0,0,0,1,0,0,0,0,0,0,0,,,,
108|84,0,0,0,0,0,0,1,2,0,0,0,3,0,0,0,0,,,,
101|1,0,0,0,0,0,0,0,0,0,0,0,0,0,0,0,0,,,,
132|112,11,8,20,0,4,1,0,2,0,0,6,44,1,0,0,0,,,,
56|115,0,0,0,0,0,0,0,0,0,0,0,0,0,0,0,0,,,,
3|51,0,0,0,0,0,0,0,0,0,0,0,0,0,0,0,0,,,,
44|61,0,0,0,0,0,0,0,0,0,0,0,0,0,0,0,0,,,,
63|72,0,0,0,0,0,0,1,0,0,0,0,0,0,0,0,0,,,,
42|36,21,10,37,6,0,1,2,6,2,3,9,15,10,0,0,0,0|0#1|0#2|0#3|0#4|0#5|0#6|0#7|0#8|0#9|0#10|0#11|0#12|0,,0|0#1|0#2|0#3|0#4|0#5|0#6|0#7|0#8|0#9|0#10|0#11|0#12|0,0|0#1|0#2|0#3|0#4|0#5|0#6|0#7|0#8|0#9|0#10|0#11|0#12|0
54|78,0,0,0,0,0,0,0,0,0,0,0,0,0,0,0,0,,,,
103|11,0,0,0,0,0,0,0,0,0,0,0,0,0,0,0,0,,,,
25|50,0,0,0,0,0,0,0,0,0,0,0,0,0,0,0,0,,,,
141|33,0,0,0,0,0,0,0,0,0,0,0,0,0,0,0,0,0|0#1|0#2|0#3|0#4|0#5|0#6|0#7|0#8|0#9|0#10|0#11|0#12|0,0|0#1|0#2|0#3|0#4|0#5|0#6|0#7|0#8|0#9|0#10|0#11|0#12|0,0|0#1|0#2|0#3|0#4|0#5|0#6|0#7|0#8|0#9|0#10|0#11|0#12|0,0|0#1|0#2|0#3|0#4|0#5|0#6|0#7|0#8|0#9|0#10|0#11|0#12|0
80|58,0,0,0,0,0,2,0,0,0,0,0,1,0,0,0,0,0|0#1|0#2|0#3|0#4|0#5|0#6|0#7|0#8|0#9|0#10|0#11|0#12|0,0|0#1|0#2|0#3|0#4|0#5|0#6|0#7|0#8|0#9|0#10|0#11|0#12|0,0|0#1|0#2|0#3|0#4|0#5|0#6|0#7|0#8|0#9|0#10|0#11|0#12|0,0|0#1|0#2|0#3|0#4|0#5|0#6|0#7|0#8|0#9|0#10|0#11|0#12|0
113|28,0,0,0,0,0,0,0,0,0,0,0,0,1,0,0,0,0|0#1|0#2|0#3|0#4|0#5|0#6|0#7|0#8|0#9|0#10|0#11|0#12|0,0|0#1|0#2|0#3|0#4|0#5|0#6|0#7|0#8|0#9|0#10|0#11|0#12|0,0|0#1|0#2|0#3|0#4|0#5|0#6|0#7|0#8|0#9|0#10|0#11|0#12|0,0|0#1|0#2|0#3|0#4|0#5|0#6|0#7|0#8|0#9|0#10|0#11|0#12|0
107|104,0,0,0,0,0,0,0,0,0,0,0,0,0,0,0,0,,,0|0#1|0#2|0#3|0#4|0#5|0#6|0#7|0#8|0#9|0#10|0#11|0#12|0,
69|102,0,0,0,0,0,0,0,0,0,0,0,1,0,0,0,0,,,,
43|128,0,0,0,0,0,0,0,0,0,0,0,0,0,0,0,0,,,,
132|39,0,0,0,0,0,0,0,0,0,0,0,0,0,0,0,0,,,,
16|56,0,0,0,0,0,0,0,0,0,0,0,0,0,0,0,0,,,,
94|110,0,1,0,0,0,0,1,0,0,0,0,0,0,0,0,0,,,,
51|30,0,0,0,0,0,0,0,0,0,0,0,0,0,0,0,0,,,,
70|41,0,0,0,0,0,0,0,0,0,0,0,0,0,0,0,0,,,,
37|92,0,2,2,0,3,4,0,2,0,1,0,0,0,0,0,0,0|0#1|0#2|0#3|0#4|0#5|0#6|0#7|0#8|0#9|0#10|0#11|0#12|0,,0|0#1|0#2|0#3|0#4|0#5|0#6|0#7|0#8|0#9|0#10|0#11|0#12|0,
9|117,0,0,0,0,0,0,0,0,0,0,0,0,0,0,0,0,,,,
