50|74,0,0,0,0,0,0,1,0,0,0,0,0,0,0,0,0,,,,
6|133,0,0,0,0,0,0,0,0,0,0,0,0,0,0,0,0,,,,
67|135,0,0,0,0,0,0,0,0,0,0,0,0,0,0,0,0,,,,
92|143,0,0,0,0,0,0,0,0,0,0,0,0,0,0,0,0,,,,
28|123,0,0,0,0,0,0,0,0,0,0,0,0,0,0,0,0,,,,
123|91,0,0,0,0,0,0,0,0,0,0,0,0,0,0,0,0,,,,
98|20,0,0,0,0,0,0,0,0,0,0,0,0,0,0,0,0,,,,
132|7,0,0,0,0,0,0,0,0,0,0,0,0,0,0,0,0,,,,
102|55,33,9,48,4,8,5,6,7,6,4,17,24,25,1,0,0,0|0#1|0#2|0#3|4#4|4#5|4#6|4#7|4#8|4#9|4#10|4#11|4#12|0,0|0#1|0#2|0#3|4#4|4#5|4#6|4#7|4#8|4#9|4#10|4#11|4#12|0,0|0#1|0#2|0#3|4#4|4#5|4#6|4#7|4#8|4#9|4#10|4#11|4#12|0,0|0#1|0#2|0#3|4#4|4#5|4#6|4#7|4#8|4#9|4#10|4#11|4#12|0
31|63,0,0,0,0,0,0,0,0,0,0,0,0,0,0,0,0,,,,
104|120,0,0,0,0,0,0,0,0,5,0,0,0,0,0,0,0,,,,
130|145,0,0,0,0,0,1,0,0,0,0,0,0,0,0,0,0,,,,
104|80,0,0,0,0,0,0,0,0,0,0,0,1,0,0,0,0,0|0#1|0#2|0#3|0#4|0#5|0#6|0#7|0#8|0#9|0#10|0#11|0#12|0,,0|0#1|0#2|0#3|0#4|0#5|0#6|0#7|0#8|0#9|0#10|0#11|0#12|0,0|0#1|0#2|0#3|0#4|0#5|0#6|0#7|0#8|0#9|0#10|0#11|0#12|0
2|95,0,0,0,0,0,0,0,0,0,0,0,0,0,0,0,0,,,,
89|26,0,0,0,0,0,0,0,0,0,0,0,0,0,0,0,0,,,,
143|132,0,0,0,0,0,0,0,0,0,0,0,0,0,0,0,0,,,,
140|77,0,0,0,0,0,0,0,0,0,0,0,0,0,0,0,0,0|0#1|0#2|0#3|0#4|0#5|0#6|0#7|0#8|0#9|0#10|0#11|0#12|0,0|0#1|0#2|0#3|0#4|0#5|0#6|0#7|0#8|0#9|0#10|0#11|0#12|0,0|0#1|0#2|0#3|0#4|0#5|0#6|0#7|0#8|0#9|0#10|0#11|0#12|0,0|0#1|0#2|0#3|0#4|0#5|0#6|0#7|0#8|0#9|0#10|0#11|0#12|0
10|27,0,0,0,0,0,0,0,0,0,0,0,0,0,0,0,0,,,,
24|94,0,0,0,0,0,0,0,0,0,0,0,0,0,0,0,0,,,,
130|60,0,0,0,0,0,0,0,0,0,0,0,0,0,0,0,0,,,,
53|131,0,0,0,0,0,0,0,0,0,0,0,0,0,0,0,0,,,,
114|97,0,0,0,0,0,0,0,0,0,0,0,0,0,0,0,0,,,,
22|69,0,0,0,0,0,0,0,0,0,0,0,0,0,0,0,0,,,,
15|136,0,0,0,0,0,0,0,0,0,0,0,0,0,0,0,0,,,,
40|144,0,0,0,0,0,0,0,0,0,0,0,0,0,0,0,0,,,,
12|52,0,0,0,0,0,0,0,0,0,0,0,0,0,0,0,0,,,,
105|137,0,0,0,0,0,0,0,0,0,0,0,0,0,0,0,0,,,,
121|66,2,0,0,0,0,0,2,0,0,0,0,0,0,0,0,0,,,0|0#1|0#2|0#3|0#4|0#5|0#6|0#7|0#8|0#9|0#10|0#11|0#12|0,0|0#1|0#2|0#3|0#4|0#5|0#6|0#7|0#8|0#9|0#10|0#11|0#12|0
106|9,0,0,0,0,0,0,0,1,0,0,0,0,0,0,0,0,,,,
118|124,0,0,0,0,0,0,0,0,0,0,0,0,0,0,0,0,,,,
