110|55,0,0,0,0,0,0,1,1,1,0,0,2,1,0,0,0,0|0#1|0#2|0#3|0#4|0#5|0#6|0#7|0#8|0#9|0#10|0#11|0#12|0,0|0#1|0#2|0#3|0#4|0#5|0#6|0#7|0#8|0#9|0#10|0#11|0#12|0,0|0#1|0#2|0#3|0#4|0#5|0#6|0#7|0#8|0#9|0#10|0#11|0#12|0,0|0#1|0#2|0#3|0#4|0#5|0#6|0#7|0#8|0#9|0#10|0#11|0#12|0
149|4,0,0,0,0,0,0,0,0,0,0,0,0,0,0,0,0,,,,
131|91,0,0,0,0,0,0,0,0,0,0,0,1,1,0,0,0,,,,
32|94,0,0,0,0,0,0,0,0,0,0,0,0,0,0,0,0,,,,
39|105,0,0,0,0,0,0,0,0,0,0,0,0,0,0,0,0,,,,
140|110,0,0,0,0,0,0,1,0,1,0,0,0,0,0,0,0,,,,
4|128,0,0,0,0,0,0,0,0,0,0,0,0,0,0,0,0,,,,
3|111,0,0,0,0,0,0,0,0,0,0,0,0,0,0,0,0,,,,
129|106,0,0,0,0,0,0,0,0,0,0,0,3,0,0,0,0,,,,
90|138,0,0,0,0,0,0,0,5,0,0,0,0,0,0,0,0,,,,
25|101,0,0,0,0,0,0,0,0,0,0,0,0,0,0,0,0,,,,
122|97,3,0,0,0,0,0,0,0,0,0,0,0,1,0,0,0,0|0#1|0#2|0#3|0#4|0#5|0#6|0#7|0#8|0#9|0#10|0#11|0#12|0,0|0#1|0#2|0#3|0#4|0#5|0#6|0#7|0#8|0#9|0#10|0#11|0#12|0,0|0#1|0#2|0#3|0#4|0#5|0#6|0#7|0#8|0#9|0#10|0#11|0#12|0,0|0#1|0#2|0#3|0#4|0#5|0#6|0#7|0#8|0#9|0#10|0#11|0#12|0
115|102,0,0,0,0,2,1,0,0,0,0,3,2,0,0,0,0,,,,
141|127,0,0,0,0,0,0,0,0,1,0,0,0,0,0,0,0,,,,
20|52,0,0,0,0,0,0,0,0,0,0,0,0,0,0,0,0,,,,
112|80,3,4,3,5,0,3,0,3,1,0,0,6,6,0,0,0,0|0#1|0#2|0#3|0#4|0#5|1#6|0#7|1#8|0#9|0#10|0#11|0#12|0,0|0#1|0#2|0#3|0#4|0#5|0#6|0#7|0#8|0#9|0#10|0#11|0#12|0,0|0#1|0#2|0#3|0#4|0#5|1#6|1#7|0#8|0#9|0#10|0#11|1#12|0,0|0#1|0#2|0#3|0#4|0#5|0#6|0#7|0#8|0#9|0#10|0#11|0#12|0
12|114,0,0,0,0,0,0,0,0,0,0,0,0,0,0,0,0,,,,
116|119,0,0,0,0,0,0,0,0,0,0,0,0,0,0,0,0,,,,
78|15,0,0,0,0,0,0,0,0,0,0,0,0,0,0,0,0,,,,
51|126,0,0,0,0,0,0,0,0,0,0,0,0,0,0,0,0,,,,
64|113,0,0,0,0,0,0,0,0,0,0,0,0,0,0,0,0,,,,
99|51,75,28,39,1,22,6,0,6,1,29,27,199,29,0,0,0,0|0#1|0#2|0#3|4#4|4#5|4#6|4#7|4#8|4#9|4#10|4#11|4#12|0,0|0#1|0#2|0#3|3#4|4#5|4#6|4#7|4#8|4#9|4#10|4#11|4#12|0,0|0#1|0#2|0#3|4#4|4#5|4#6|4#7|4#8|4#9|4#10|4#11|4#12|0,0|0#1|0#2|0#3|4#4|4#5|4#6|4#7|4#8|4#9|4#10|4#11|4#12|0
26|118,0,0,0,0,0,0,0,0,0,0,0,0,0,0,0,0,,,,
30|69,0,0,0,0,0,0,0,0,0,0,0,0,0,0,0,0,,,,
77|100,0,0,0,0,0,0,0,0,0,0,0,0,0,0,0,0,,,,
102|115,0,0,0,0,0,0,0,0,1,0,0,0,0,0,0,0,,,,
97|26,0,0,0,0,0,0,0,0,0,0,0,0,0,0,0,0,,,,
13|83,0,0,0,0,0,0,0,0,0,0,0,0,0,0,0,0,,,,
78|117,0,1,1,0,2,3,1,1,6,0,1,0,4,0,0,0,,,,
103|86,0,0,0,0,0,0,1,2,1,0,0,0,0,0,0,0,0|0#1|0#2|0#3|0#4|0#5|0#6|0#7|0#8|0#9|0#10|0#11|0#12|0,0|0#1|0#2|0#3|0#4|0#5|0#6|0#7|0#8|0#9|0#10|0#11|0#12|0,0|0#1|0#2|0#3|0#4|0#5|0#6|0#7|0#8|0#9|0#10|0#11|0#12|0,0|0#1|0#2|0#3|0#4|0#5|0#6|0#7|0#8|0#9|0#10|0#11|0#12|0
11|58,0,0,0,0,0,0,0,0,0,0,0,0,0,0,0,0,,,,
