44|132,0,0,0,0,0,0,0,0,0,0,0,0,0,0,0,0,,,,
50|15,0,0,0,0,0,0,0,0,0,0,0,0,0,0,0,0,,,,
114|38,0,0,0,0,0,0,0,0,0,0,0,0,0,0,0,0,,,,
62|57,0,0,0,0,0,3,0,0,6,0,0,0,0,1,0,0,0|0#1|0#2|0#3|0#4|0#5|0#6|0#7|0#8|0#9|0#10|0#11|0#12|0,0|0#1|0#2|0#3|0#4|0#5|0#6|0#7|0#8|0#9|0#10|0#11|0#12|0,0|0#1|0#2|0#3|0#4|0#5|0#6|0#7|0#8|0#9|0#10|0#11|0#12|0,0|0#1|0#2|0#3|0#4|0#5|0#6|0#7|0#8|0#9|0#10|0#11|0#12|0
87|5,0,0,0,0,0,0,0,0,0,0,0,0,0,0,0,0,,,,
109|125,0,0,0,0,0,0,0,0,1,0,0,0,0,0,0,0,,,,
148|137,0,0,0,0,0,0,0,0,1,0,0,0,0,0,0,0,,,,
109|94,0,0,0,0,0,0,0,0,0,0,0,0,0,0,0,0,,,,
123|32,0,0,0,0,0,0,0,0,0,0,0,0,0,0,0,0,,,,
140|18,0,0,0,0,0,0,0,0,0,0,0,0,0,0,0,0,,,,
55|88,0,4,0,0,0,1,0,0,0,0,0,0,1,0,0,0,0|0#1|0#2|0#3|0#4|0#5|0#6|0#7|0#8|0#9|0#10|0#11|0#12|0,0|0#1|0#2|0#3|0#4|0#5|0#6|0#7|0#8|0#9|0#10|0#11|0#12|0,0|0#1|0#2|0#3|0#4|0#5|0#6|0#7|0#8|0#9|0#10|0#11|0#12|0,0|0#1|0#2|0#3|0#4|0#5|0#6|0#7|0#8|0#9|0#10|0#11|0#12|0
19|91,0,0,0,0,0,0,0,0,0,0,0,0,0,0,0,0,,,,
64|82,0,0,0,0,0,0,0,0,0,0,0,0,0,0,0,0,0|0#1|0#2|0#3|0#4|0#5|0#6|0#7|0#8|0#9|0#10|0#11|0#12|0,,0|0#1|0#2|0#3|0#4|0#5|0#6|0#7|0#8|0#9|0#10|0#11|0#12|0,
121|146,0,0,0,0,0,0,0,0,0,0,0,0,0,0,0,0,,,,
52|40,0,0,0,0,0,0,0,0,0,0,0,0,0,0,0,0,,,,
83|93,0,0,0,0,0,0,1,0,0,0,0,1,0,0,0,0,,,0|0#1|0#2|0#3|0#4|0#5|0#6|0#7|0#8|0#9|0#10|0#11|0#12|0,
104|21,10,1,24,2,2,2,3,2,7,0,9,0,1,0,0,0,0|0#1|0#2|0#3|2#4|0#5|0#6|2#7|2#8|2#9|2#10|2#11|2#12|0,0|0#1|0#2|0#3|2#4|1#5|0#6|0#7|1#8|1#9|0#10|1#11|2#12|0,0|0#1|0#2|0#3|1#4|1#5|2#6|2#7|2#8|2#9|2#10|2#11|2#12|0,0|0#1|0#2|0#3|1#4|1#5|2#6|2#7|1#8|1#9|2#10|2#11|1#12|0
107|69,2,0,1,0,0,0,0,1,0,0,0,1,1,0,0,0,0|0#1|0#2|0#3|0#4|0#5|0#6|0#7|0#8|0#9|1#10|0#11|0#12|0,0|0#1|0#2|0#3|0#4|0#5|0#6|0#7|0#8|0#9|0#10|0#11|0#12|0,0|0#1|0#2|0#3|0#4|1#5|0#6|0#7|0#8|1#9|0#10|0#11|0#12|0,0|0#1|0#2|0#3|0#4|0#5|0#6|0#7|0#8|0#9|0#10|0#11|0#12|0
74|99,0,0,0,0,0,0,0,0,0,0,0,0,0,0,0,0,,,,
142|43,0,0,0,0,0,0,0,0,0,0,0,0,1,0,0,0,,,,
146|0,0,0,0,0,0,0,0,0,0,0,0,0,0,0,0,0,,,,
116|63,0,0,0,0,0,1,0,1,0,0,0,0,0,0,0,0,0|0#1|0#2|0#3|0#4|0#5|0#6|0#7|0#8|0#9|0#10|0#11|0#12|0,,0|0#1|0#2|0#3|0#4|0#5|0#6|0#7|0#8|0#9|0#10|0#11|0#12|0,
26|60,0,0,0,0,0,0,0,0,0,0,0,0,0,0,0,0,,,,
43|46,2,0,0,0,0,0,0,1,0,0,1,1,1,0,0,0,,,,
58|136,0,0,0,0,0,0,0,0,0,0,0,0,0,0,0,0,,,,
24|35,0,0,0,0,0,0,0,0,0,0,0,0,0,0,0,0,,,,
81|68,5,0,0,3,0,1,0,6,0,0,0,1,0,0,1,0,0|0#1|0#2|0#3|0#4|0#5|0#6|0#7|0#8|0#9|0#10|0#11|0#12|0,0|0#1|0#2|0#3|0#4|0#5|0#6|0#7|0#8|0#9|0#10|0#11|0#12|0,0|0#1|0#2|0#3|0#4|0#5|0#6|0#7|0#8|0#9|0#10|0#11|0#12|0,0|0#1|0#2|0#3|0#4|0#5|0#6|0#7|0#8|0#9|0#10|0#11|0#12|0
83|144,0,0,0,0,0,0,0,0,0,0,0,0,0,0,0,0,,,,
2|36,0,0,0,0,0,0,0,0,0,0,0,0,0,0,0,0,,,,
17|66,0,0,0,0,0,0,0,0,0,0,0,0,0,0,0,0,,,,
19|124,0,0,0,0,0,0,0,0,0,0,0,0,0,0,0,0,,,,
90|62,34,10,72,19,3,23,8,10,3,0,17,44,5,0,0,0,0|0#1|0#2|0#3|4#4|4#5|4#6|4#7|4#8|4#9|4#10|4#11|4#12|0,0|0#1|0#2|0#3|4#4|4#5|3#6|4#7|4#8|4#9|4#10|4#11|4#12|0,0|0#1|0#2|0#3|4#4|4#5|4#6|4#7|4#8|4#9|4#10|4#11|4#12|0,0|0#1|0#2|0#3|4#4|3#5|4#6|4#7|4#8|4#9|4#10|4#11|4#12|0
133|49,0,0,0,0,0,0,0,0,0,0,0,0,0,0,0,0,,,,
147|120,0,0,0,0,0,0,0,0,0,0,0,0,0,0,0,0,,,,
36|77,0,0,0,0,0,0,0,0,0,0,0,0,0,0,0,0,,,,
31|145,0,0,0,0,0,0,0,0,0,0,0,0,0,0,0,0,,,,
71|51,0,0,0,0,0,0,0,0,0,0,0,0,0,0,0,0,,,,
45|71,0,0,0,0,0,0,0,0,0,0,0,0,0,0,0,0,,,,
134|133,0,0,0,0,0,0,0,0,0,0,0,0,0,0,0,0,,,,
4|61,0,0,0,0,0,0,0,0,0,0,0,0,0,0,0,0,,,,
96|131,0,0,1,0,0,0,0,0,1,0,0,0,2,0,0,0,,,,
135|74,0,0,0,0,0,0,0,0,0,0,0,0,0,0,0,0,,,,
