13|68,0,0,0,0,0,0,0,0,0,0,0,0,0,0,0,0,,,,
144|142,0,0,0,0,0,0,0,0,0,0,0,0,0,0,0,0,,,,
54|141,0,0,0,0,0,0,0,0,0,0,0,0,0,0,0,0,,,,
60|84,0,0,0,0,0,0,0,0,0,0,0,0,0,0,0,0,,,,
22|62,1,1,0,0,0,0,0,10,1,0,0,0,0,0,0,0,,,,
100|23,0,0,0,0,0,0,0,0,0,0,0,0,0,0,0,0,,,,
140|70,0,0,0,0,0,0,0,0,0,0,0,0,0,0,0,0,,,0|0#1|0#2|0#3|0#4|0#5|0#6|0#7|0#8|0#9|0#10|0#11|0#12|0,
32|79,0,0,0,0,0,0,0,0,0,0,0,0,0,0,0,0,,,,
16|146,0,0,0,0,0,0,0,0,0,0,0,0,0,0,0,0,,,,
10|20,1,2,0,0,0,0,0,7,0,0,0,0,0,0,0,0,,,,
99|36,0,0,0,0,0,0,0,0,0,0,0,0,0,0,0,0,0|0#1|0#2|0#3|0#4|0#5|0#6|0#7|0#8|0#9|0#10|0#11|0#12|0,,0|0#1|0#2|0#3|0#4|0#5|0#6|0#7|0#8|0#9|0#10|0#11|0#12|0,
47|7,0,0,0,0,0,0,0,0,0,0,0,0,0,0,0,0,,,,
114|90,6,1,6,1,3,2,1,1,10,0,2,3,3,0,0,0,0|0#1|0#2|0#3|0#4|0#5|0#6|0#7|0#8|0#9|0#10|0#11|0#12|0,0|0#1|0#2|0#3|0#4|0#5|0#6|0#7|0#8|0#9|0#10|0#11|0#12|0,0|0#1|0#2|0#3|0#4|0#5|0#6|0#7|0#8|0#9|0#10|0#11|0#12|0,0|0#1|0#2|0#3|0#4|0#5|0#6|0#7|0#8|0#9|0#10|0#11|0#12|0
0|63,0,0,0,0,0,0,0,0,0,0,0,0,0,0,0,0,,,,
7|143,0,0,0,0,0,0,0,0,0,0,0,0,0,0,0,0,,,,
20|37,0,0,0,0,0,0,0,0,0,0,0,0,0,0,0,0,,,,
112|65,0,0,2,0,0,0,0,0,0,0,0,0,0,0,0,0,0|0#1|0#2|0#3|0#4|0#5|0#6|0#7|0#8|0#9|0#10|0#11|0#12|0,0|0#1|0#2|0#3|0#4|0#5|0#6|0#7|0#8|0#9|0#10|0#11|0#12|0,0|0#1|0#2|0#3|0#4|0#5|0#6|0#7|0#8|0#9|0#10|0#11|0#12|0,0|0#1|0#2|0#3|0#4|0#5|0#6|0#7|0#8|0#9|0#10|0#11|0#12|0
15|93,0,0,0,0,0,0,0,0,0,0,0,0,0,0,0,0,,,,
29|133,0,0,0,0,0,0,0,0,0,0,0,0,0,0,0,0,,,,
73|5,0,0,0,0,0,0,0,0,0,0,0,0,0,0,0,0,,,,
119|134,0,0,0,0,0,0,0,0,0,0,0,0,0,0,0,0,,,,
6|6,0,0,0,0,0,0,0,0,0,0,0,0,0,0,0,0,,,,
106|2,0,0,0,0,0,0,0,0,0,0,0,0,0,0,0,0,,,,
131|76,0,0,0,0,0,0,0,0,0,0,0,0,0,0,0,0,,,,
132|0,0,0,0,0,0,0,0,0,0,0,0,0,0,0,0,0,,,,
41|73,3,2,0,0,0,1,0,9,3,0,3,0,0,0,0,0,,,,
105|130,0,0,0,0,0,0,0,0,0,0,0,0,0,0,0,0,,,,
68|145,0,0,0,0,0,0,0,0,0,0,0,0,0,0,0,0,,,,
106|147,0,0,0,0,0,0,0,2,0,0,0,0,0,0,0,0,,,,
105|96,0,1,2,0,0,0,0,0,0,0,0,0,1,0,0,0,,,0|0#1|0#2|0#3|0#4|0#5|0#6|0#7|0#8|0#9|0#10|0#11|0#12|0,
150|87,1,0,0,0,0,1,0,0,1,0,1,0,0,0,0,0,0|0#1|0#2|0#3|0#4|0#5|0#6|0#7|0#8|0#9|0#10|0#11|0#12|0,,0|0#1|0#2|0#3|0#4|0#5|0#6|0#7|0#8|0#9|0#10|0#11|0#12|0,
