52|27,1,0,1,0,0,1,1,0,0,0,0,0,0,0,0,0,,,0|0#1|0#2|0#3|0#4|0#5|0#6|0#7|0#8|0#9|0#10|0#11|0#12|0,
66|94,0,0,0,0,0,0,0,0,0,0,0,0,0,0,0,0,,,,
64|69,0,0,3,0,0,0,0,0,0,0,0,0,0,0,0,0,,,,
82|114,0,0,0,0,0,0,0,0,0,0,0,0,0,0,0,0,,,,
106|33,0,0,0,0,0,0,0,0,0,0,0,0,0,0,0,0,0|0#1|0#2|0#3|0#4|0#5|0#6|0#7|0#8|0#9|0#10|0#11|0#12|0,0|0#1|0#2|0#3|0#4|0#5|0#6|0#7|0#8|0#9|0#10|0#11|0#12|0,0|0#1|0#2|0#3|0#4|0#5|0#6|0#7|0#8|0#9|0#10|0#11|0#12|0,0|0#1|0#2|0#3|0#4|0#5|0#6|0#7|0#8|0#9|0#10|0#11|0#12|0
4|48,0,0,0,0,0,0,0,0,0,0,0,0,0,0,0,0,,,,
133|103,0,0,0,0,0,0,0,0,0,0,0,0,0,0,0,0,,,,
123|19,0,0,0,0,0,0,0,0,0,0,0,0,0,0,0,0,,,,
18|7,0,0,0,0,0,0,0,0,0,0,0,0,0,0,0,0,,,,
6|73,0,0,0,0,0,0,0,0,0,0,0,0,0,0,0,0,,,,
44|5,0,0,0,0,0,0,0,1,0,0,0,0,0,0,0,0,,,,
80|32,1,1,5,0,0,1,1,0,1,0,0,1,0,0,0,0,,,,
92|74,93,52,143,15,1,20,5,40,1,0,57,4,21,0,0,0,0|0#1|0#2|0#3|2#4|2#5|2#6|2#7|2#8|2#9|2#10|2#11|2#12|0,0|0#1|0#2|0#3|2#4|2#5|1#6|0#7|0#8|1#9|2#10|1#11|1#12|0,0|0#1|0#2|0#3|2#4|2#5|2#6|2#7|2#8|2#9|2#10|2#11|2#12|0,0|0#1|0#2|0#3|2#4|1#5|0#6|0#7|1#8|0#9|2#10|2#11|2#12|0
35|41,0,0,0,0,0,0,0,0,0,0,0,0,0,0,0,0,,,,
73|63,0,0,0,0,0,0,0,0,0,0,1,68,0,0,0,0,0|0#1|0#2|0#3|0#4|0#5|0#6|0#7|0#8|0#9|0#10|0#11|0#12|0,0|0#1|0#2|0#3|0#4|0#5|0#6|0#7|0#8|0#9|0#10|0#11|0#12|0,0|0#1|0#2|0#3|0#4|0#5|0#6|0#7|0#8|0#9|0#10|0#11|0#12|0,0|0#1|0#2|0#3|0#4|0#5|0#6|0#7|0#8|0#9|0#10|0#11|0#12|0
43|102,0,0,0,0,0,0,0,0,0,0,0,0,0,0,0,0,,,,
96|118,0,0,0,0,0,0,0,0,0,0,0,0,0,0,0,0,,,,
120|116,0,0,1,0,0,0,0,0,0,0,0,4,1,0,0,0,,,,
28|72,0,0,0,0,0,0,0,0,0,0,0,0,0,0,0,0,,,,
30|115,0,0,0,0,0,0,0,0,0,0,0,0,0,0,0,0,,,,
57|106,0,0,0,0,0,0,0,0,0,0,0,0,0,0,0,0,,,,
16|30,0,0,0,0,0,0,0,0,0,0,0,0,0,0,0,0,,,,
54|52,0,0,0,0,0,0,0,0,0,0,0,0,0,0,0,0,,0|0#1|0#2|0#3|0#4|0#5|0#6|0#7|0#8|0#9|0#10|0#11|0#12|0,0|0#1|0#2|0#3|0#4|0#5|0#6|0#7|0#8|0#9|0#10|0#11|0#12|0,0|0#1|0#2|0#3|0#4|0#5|0#6|0#7|0#8|0#9|0#10|0#11|0#12|0
146|80,0,0,0,0,0,0,0,0,0,0,0,0,0,0,0,0,,,,
61|21,0,0,0,0,0,0,0,0,0,0,0,1,0,0,0,0,,,,
95|101,0,0,0,0,0,0,0,0,0,0,0,1,0,0,0,0,,,,
47|83,0,0,0,0,0,0,0,0,0,0,0,0,0,0,0,0,,,,
19|78,0,0,0,0,0,0,0,0,0,0,0,0,0,0,0,0,,,,
44|119,0,0,0,0,0,1,0,0,0,0,0,0,0,1,0,0,,,,
118|75,0,0,0,0,0,0,0,0,0,0,0,0,0,0,0,0,,,,
3|4,0,0,0,0,0,0,0,0,0,0,0,0,0,0,0,0,,,,
26|47,0,0,0,0,0,0,0,0,0,0,0,0,0,0,0,0,,,,
38|89,0,0,0,0,0,0,0,0,0,0,0,0,0,0,0,0,,,,
45|58,0,0,0,0,0,0,0,0,1,0,0,0,0,0,0,0,,,,
103|0,0,0,0,0,0,0,0,0,0,0,0,0,0,0,0,0,,,,
33|16,0,0,0,0,0,0,0,0,0,0,0,0,0,0,0,0,,,,
70|3,0,0,0,0,0,0,0,0,0,0,0,0,0,0,0,0,,,,
42|10,0,0,0,0,0,0,0,0,0,0,0,0,0,0,0,0,,,,
151|24,0,0,0,0,0,0,0,0,0,0,0,0,0,0,0,0,,,,
144|55,0,0,0,0,0,0,0,0,0,0,0,0,0,0,0,0,,,,
71|38,0,0,0,0,0,0,0,0,0,0,0,0,0,0,0,0,0|0#1|0#2|0#3|0#4|0#5|0#6|0#7|0#8|0#9|0#10|0#11|0#12|0,,0|0#1|0#2|0#3|0#4|0#5|0#6|0#7|0#8|0#9|0#10|0#11|0#12|0,0|0#1|0#2|0#3|0#4|0#5|0#6|0#7|0#8|0#9|0#10|0#11|0#12|0
132|13,0,0,0,0,0,0,0,0,0,0,0,0,0,0,0,0,,,,
90|49,21,4,18,3,8,4,1,6,2,1,3,20,4,0,0,0,0|0#1|0#2|0#3|1#4|1#5|1#6|0#7|1#8|1#9|1#10|2#11|1#12|0,0|0#1|0#2|0#3|1#4|0#5|0#6|0#7|0#8|0#9|0#10|0#11|0#12|0,0|0#1|0#2|0#3|1#4|1#5|1#6|0#7|2#8|2#9|1#10|2#11|1#12|0,0|0#1|0#2|0#3|1#4|0#5|0#6|0#7|0#8|0#9|0#10|0#11|0#12|0
147|107,0,0,0,0,0,0,0,0,0,0,0,0,0,0,0,0,,,,
125|44,0,0,0,0,0,0,0,4,0,0,0,0,1,0,0,0,0|0#1|0#2|0#3|0#4|0#5|0#6|0#7|0#8|0#9|0#10|0#11|0#12|0,0|0#1|0#2|0#3|0#4|0#5|0#6|1#7|0#8|0#9|0#10|0#11|0#12|0,0|0#1|0#2|0#3|0#4|0#5|0#6|0#7|0#8|0#9|0#10|0#11|0#12|0,0|0#1|0#2|0#3|0#4|0#5|1#6|0#7|0#8|0#9|0#10|0#11|0#12|0
137|86,0,0,0,1,0,3,1,1,6,0,1,3,0,0,0,0,0|0#1|0#2|0#3|0#4|0#5|0#6|0#7|0#8|0#9|0#10|0#11|0#12|0,,0|0#1|0#2|0#3|0#4|0#5|0#6|0#7|0#8|0#9|0#10|0#11|0#12|0,
