65|60,27,1,8,0,0,0,0,3,0,1,3,10,4,0,0,0,0|0#1|0#2|0#3|0#4|0#5|0#6|0#7|0#8|0#9|0#10|0#11|0#12|0,,,
136|52,0,0,0,0,0,0,0,0,0,0,0,0,0,0,0,0,,0|0#1|0#2|0#3|0#4|0#5|0#6|0#7|0#8|0#9|0#10|0#11|0#12|0,,0|0#1|0#2|0#3|0#4|0#5|0#6|0#7|0#8|0#9|0#10|0#11|0#12|0
33|134,0,0,0,0,0,0,0,0,0,0,0,0,0,0,0,0,,,,
39|80,0,0,0,0,0,0,0,0,0,0,0,0,0,0,0,0,,,,
47|138,0,0,0,0,0,0,0,0,0,0,0,0,0,0,0,0,,,,
99|137,0,0,0,0,0,0,0,0,0,0,0,0,0,0,0,0,,,,
63|35,0,0,0,0,0,0,0,0,0,0,0,0,0,0,0,0,,,,
129|83,3,3,1,0,0,0,0,0,0,0,0,0,0,0,0,0,0|0#1|0#2|0#3|0#4|0#5|0#6|0#7|0#8|0#9|0#10|0#11|0#12|0,0|0#1|0#2|0#3|0#4|0#5|0#6|0#7|0#8|0#9|0#10|0#11|0#12|0,0|0#1|0#2|0#3|0#4|0#5|0#6|0#7|0#8|0#9|0#10|1#11|0#12|0,0|0#1|0#2|0#3|0#4|0#5|0#6|0#7|0#8|0#9|0#10|0#11|0#12|0
117|41,0,0,0,0,0,0,0,0,0,0,0,0,0,0,0,0,,,,
99|8,0,0,0,0,0,0,0,0,0,0,0,0,0,0,0,0,,,,
46|121,0,0,0,0,0,0,0,0,0,0,0,0,0,0,0,0,,,,
127|58,0,0,0,0,0,0,0,0,0,0,0,0,0,0,0,0,,,,
25|13,0,0,0,0,0,0,0,0,0,0,0,0,0,0,0,0,,,,
75|77,0,0,0,0,0,0,0,0,0,0,0,0,2,0,0,0,,,,
115|16,0,0,0,0,0,0,0,0,0,0,0,0,0,0,0,0,,,,
85|133,0,0,0,0,0,0,0,0,0,0,0,0,0,0,0,0,,,,
94|88,47,12,35,5,0,7,5,17,7,1,25,6,8,0,0,0,0|0#1|0#2|0#3|0#4|0#5|0#6|0#7|0#8|0#9|0#10|0#11|0#12|0,0|0#1|0#2|0#3|0#4|0#5|0#6|0#7|0#8|0#9|0#10|0#11|0#12|0,0|0#1|0#2|0#3|0#4|0#5|0#6|0#7|0#8|0#9|0#10|0#11|0#12|0,0|0#1|0#2|0#3|0#4|0#5|0#6|0#7|0#8|0#9|0#10|0#11|0#12|0
98|120,0,0,0,0,0,0,0,0,0,0,0,0,1,0,0,0,,,,
84|71,0,0,0,0,0,0,0,2,0,0,0,1,0,0,0,0,,,,
108|47,0,0,0,0,0,0,0,0,0,0,0,0,0,0,0,0,,,0|0#1|0#2|0#3|0#4|0#5|0#6|0#7|0#8|0#9|0#10|0#11|0#12|0,
124|10,0,0,0,0,0,0,0,0,0,0,0,0,0,0,0,0,,,,
8|87,0,0,0,0,0,0,0,0,0,0,0,0,0,0,0,0,,,,
136|122,0,0,0,0,0,0,0,0,0,0,0,0,0,0,0,0,,,,
143|21,0,0,0,0,0,0,0,0,0,0,0,0,0,0,0,0,,,0|0#1|0#2|0#3|0#4|0#5|0#6|0#7|0#8|0#9|0#10|0#11|0#12|0,
3|14,0,0,0,0,0,0,0,0,0,0,0,0,0,0,0,0,,,,
37|55,0,0,0,0,0,0,0,0,0,0,0,0,0,0,0,0,,,,
20|147,0,0,0,0,0,0,0,0,0,0,0,0,0,0,0,0,,,,
134|27,0,0,0,0,0,0,0,0,0,0,0,0,0,0,0,0,,,,
56|66,0,0,0,0,0,0,0,0,0,0,0,0,0,0,0,0,,,,
72|146,0,0,0,0,0,0,0,0,0,0,0,0,0,0,0,0,,,,
137|139,0,0,0,0,0,0,0,0,0,0,0,0,0,0,0,0,,,,
18|44,0,0,0,0,0,0,1,3,0,0,0,0,0,0,0,0,,,,
82|46,0,1,0,0,0,0,0,0,0,0,0,1,0,0,0,0,0|0#1|0#2|0#3|0#4|0#5|0#6|0#7|0#8|0#9|0#10|0#11|0#12|0,0|0#1|0#2|0#3|0#4|0#5|0#6|0#7|0#8|0#9|0#10|0#11|0#12|0,0|0#1|0#2|0#3|0#4|0#5|0#6|0#7|0#8|0#9|0#10|0#11|0#12|0,0|0#1|0#2|0#3|0#4|0#5|0#6|0#7|0#8|0#9|0#10|0#11|0#12|0
49|97,0,0,0,0,0,0,0,0,0,0,0,0,0,0,0,0,,,,
148|94,0,0,0,0,0,0,0,0,0,0,0,0,0,0,0,0,,,,
58|91,0,0,0,0,0,0,0,0,1,0,0,0,0,0,0,0,,,,
44|24,0,0,0,0,0,0,0,0,0,0,0,0,0,0,0,0,,,,
123|135,0,0,3,0,0,0,1,0,1,0,0,0,1,0,0,0,,,,
91|40,0,1,0,0,0,0,0,0,0,0,2,0,0,0,0,0,0|0#1|0#2|0#3|0#4|0#5|0#6|0#7|0#8|0#9|0#10|0#11|0#12|0,0|0#1|0#2|0#3|0#4|0#5|0#6|0#7|0#8|0#9|0#10|0#11|0#12|0,0|0#1|0#2|0#3|0#4|0#5|0#6|0#7|0#8|0#9|0#10|0#11|0#12|0,0|0#1|0#2|0#3|0#4|0#5|0#6|0#7|0#8|0#9|0#10|0#11|0#12|0
146|69,34,18,304,2,9,13,7,13,3,0,39,5,11,0,0,0,,,,
16|19,0,0,0,0,0,0,0,1,1,0,0,0,1,0,0,0,,,,
