35|115,0,0,0,0,0,0,0,0,0,0,0,0,0,0,0,0,,,,
49|119,0,0,0,0,0,0,0,0,0,0,0,0,0,0,0,0,,,,
74|127,0,0,0,0,0,0,0,0,0,0,0,0,0,0,0,0,,,,
88|89,0,0,0,0,0,0,0,0,1,0,0,0,0,0,0,0,0|0#1|0#2|0#3|0#4|0#5|0#6|0#7|0#8|0#9|0#10|0#11|0#12|0,,0|0#1|0#2|0#3|0#4|0#5|0#6|0#7|0#8|0#9|0#10|0#11|0#12|0,
97|83,0,0,0,0,0,0,0,0,1,0,0,0,0,0,0,0,0|0#1|0#2|0#3|0#4|0#5|0#6|0#7|0#8|0#9|0#10|0#11|0#12|0,,,
78|72,0,0,0,0,0,0,0,0,0,0,0,0,0,0,0,0,,,,
138|103,0,0,0,0,0,0,0,0,0,0,0,0,0,0,0,0,,,,
111|112,0,0,0,1,0,0,0,0,0,0,0,1,0,0,0,0,,,,
125|116,0,0,0,4,0,0,0,0,4,0,0,2,0,0,0,0,,,,
69|78,0,0,0,0,0,0,0,0,0,0,0,0,0,0,0,0,,,,
87|114,0,1,0,0,0,0,0,0,0,0,0,0,0,0,0,0,,,,
9|57,0,0,0,0,0,0,0,0,0,0,0,0,0,0,0,0,,,,
83|16,0,0,0,0,0,0,0,0,0,0,0,0,1,0,0,0,,,,
0|138,0,0,0,0,0,0,0,0,0,0,0,0,0,0,0,0,,,,
38|25,0,0,0,0,0,0,0,0,0,0,0,0,0,0,0,0,,,,
66|30,0,0,0,0,0,0,0,0,0,0,0,2,0,0,0,0,,,0|0#1|0#2|0#3|0#4|0#5|0#6|0#7|0#8|0#9|0#10|0#11|0#12|0,0|0#1|0#2|0#3|0#4|0#5|0#6|0#7|0#8|0#9|0#10|0#11|0#12|0
85|41,0,0,0,0,0,0,0,0,0,0,0,0,0,0,0,0,0|0#1|0#2|0#3|0#4|0#5|0#6|0#7|0#8|0#9|0#10|0#11|0#12|0,,0|0#1|0#2|0#3|0#4|0#5|0#6|0#7|0#8|0#9|0#10|0#11|0#12|0,
57|36,0,0,0,0,0,0,0,0,0,0,0,0,0,0,0,0,,,,
19|14,0,0,0,0,0,0,0,0,0,0,0,0,0,0,0,0,,,,
22|128,0,0,0,0,0,0,0,0,0,0,0,0,0,0,0,0,,,,
109|17,0,0,0,0,0,0,0,0,1,0,0,0,0,0,0,0,,,,
135|9,0,0,0,0,0,0,0,0,0,0,0,0,0,0,0,0,,,,
95|58,14,7,37,1,5,7,4,3,2,0,6,3,2,1,0,0,0|0#1|0#2|0#3|4#4|4#5|4#6|4#7|4#8|4#9|4#10|4#11|4#12|0,0|0#1|0#2|0#3|4#4|4#5|3#6|3#7|4#8|4#9|4#10|3#11|3#12|0,0|0#1|0#2|0#3|4#4|4#5|4#6|4#7|4#8|4#9|4#10|4#11|4#12|0,0|0#1|0#2|0#3|4#4|4#5|3#6|3#7|4#8|4#9|4#10|3#11|3#12|0
112|129,0,0,0,0,0,0,0,0,0,0,0,0,0,0,0,0,,,,
48|102,1,0,0,0,0,0,0,1,1,0,0,0,3,0,0,0,,,,
149|64,0,0,0,0,0,0,0,0,0,0,0,0,0,0,0,0,,,,
128|28,0,0,0,0,0,0,0,0,0,0,0,0,0,0,0,0,,,,
150|124,0,0,0,0,0,0,0,0,0,0,0,0,0,0,0,0,,,,
137|22,0,0,0,0,0,0,0,0,0,0,0,0,0,0,0,0,,0|0#1|0#2|0#3|0#4|0#5|0#6|0#7|0#8|0#9|0#10|0#11|0#12|0,0|0#1|0#2|0#3|0#4|0#5|0#6|0#7|0#8|0#9|0#10|0#11|0#12|0,0|0#1|0#2|0#3|0#4|0#5|0#6|0#7|0#8|0#9|0#10|0#11|0#12|0
60|123,0,0,0,0,0,0,0,0,0,0,0,0,0,0,0,0,,,,
147|39,0,0,1,0,2,1,2,0,5,0,0,0,1,0,0,0,0|0#1|0#2|0#3|0#4|0#5|0#6|0#7|0#8|0#9|0#10|0#11|0#12|0,,0|0#1|0#2|0#3|0#4|0#5|0#6|0#7|0#8|0#9|0#10|0#11|0#12|0,
59|61,0,0,0,0,0,0,0,0,0,0,0,0,0,0,0,0,0|0#1|0#2|0#3|0#4|0#5|0#6|0#7|0#8|0#9|0#10|0#11|0#12|0,0|0#1|0#2|0#3|0#4|0#5|0#6|0#7|0#8|0#9|0#10|0#11|0#12|0,0|0#1|0#2|0#3|0#4|0#5|0#6|0#7|0#8|0#9|0#10|0#11|0#12|0,0|0#1|0#2|0#3|0#4|0#5|0#6|0#7|0#8|0#9|0#10|0#11|0#12|0
76|47,0,0,0,0,0,0,0,0,0,0,0,0,0,0,0,0,0|0#1|0#2|0#3|0#4|0#5|0#6|0#7|0#8|0#9|0#10|0#11|0#12|0,0|0#1|0#2|0#3|0#4|0#5|0#6|0#7|0#8|0#9|0#10|0#11|0#12|0,0|0#1|0#2|0#3|0#4|0#5|0#6|0#7|0#8|0#9|0#10|0#11|0#12|0,
118|11,0,0,0,0,0,0,0,0,0,0,0,0,0,0,0,0,,,,
92|10,0,0,0,0,0,0,0,0,0,0,0,0,0,0,0,0,,,,
73|110,0,0,0,0,0,0,0,0,0,0,0,0,0,0,0,0,,,,
21|111,0,0,0,0,0,0,0,0,0,0,0,0,0,0,0,0,,,,
31|2,0,0,0,0,0,0,0,0,0,0,0,0,0,0,0,0,,,,
