122|107,0,0,0,0,0,0,0,0,0,0,0,0,0,0,0,0,,,,
5|28,0,0,0,0,0,0,0,0,0,0,0,0,0,0,0,0,,,,
147|60,0,0,0,0,0,0,0,0,0,0,0,0,0,0,0,0,,,,
29|52,0,0,0,0,0,0,0,0,0,0,0,0,0,0,0,0,,,,
27|27,0,0,0,0,0,0,0,4,0,0,0,0,1,0,0,0,,,,
36|21,0,0,0,0,0,0,0,0,0,0,0,0,0,0,0,0,,,,
46|38,0,0,0,0,0,0,0,0,0,0,0,0,0,0,0,0,,,,
55|32,0,0,0,0,0,0,0,0,0,0,0,0,0,0,0,0,,,0|0#1|0#2|0#3|0#4|0#5|0#6|0#7|0#8|0#9|0#10|0#11|0#12|0,0|0#1|0#2|0#3|0#4|0#5|0#6|0#7|0#8|0#9|0#10|0#11|0#12|0
93|54,31,10,22,20,2,6,2,11,0,1,8,16,10,0,0,0,0|0#1|0#2|0#3|2#4|2#5|2#6|2#7|2#8|2#9|2#10|2#11|2#12|0,0|0#1|0#2|0#3|1#4|1#5|1#6|2#7|2#8|2#9|2#10|2#11|2#12|0,0|0#1|0#2|0#3|2#4|2#5|2#6|2#7|3#8|2#9|2#10|2#11|2#12|0,0|0#1|0#2|0#3|1#4|1#5|2#6|2#7|2#8|2#9|2#10|2#11|1#12|0
67|74,0,0,0,0,0,0,0,0,0,0,0,0,0,0,0,0,,,,
86|85,0,0,0,0,0,0,0,0,0,0,0,0,0,0,0,0,0|0#1|0#2|0#3|0#4|0#5|0#6|0#7|0#8|0#9|0#10|0#11|0#12|0,0|0#1|0#2|0#3|0#4|0#5|0#6|0#7|0#8|0#9|0#10|0#11|0#12|0,0|0#1|0#2|0#3|0#4|0#5|0#6|0#7|0#8|0#9|0#10|0#11|0#12|0,0|0#1|0#2|0#3|0#4|0#5|0#6|0#7|0#8|0#9|0#10|0#11|0#12|0
115|5,0,0,0,0,0,0,0,0,0,0,0,0,0,0,0,0,,,,
39|69,0,0,0,0,0,0,0,0,0,0,0,0,0,0,0,0,,,,
74|43,3,0,7,1,0,3,1,0,1,0,1,0,0,0,0,0,0|0#1|0#2|0#3|0#4|0#5|0#6|0#7|0#8|0#9|0#10|0#11|0#12|0,0|0#1|0#2|0#3|0#4|0#5|0#6|0#7|0#8|0#9|0#10|0#11|0#12|0,0|0#1|0#2|0#3|0#4|0#5|0#6|0#7|0#8|0#9|0#10|0#11|0#12|0,0|0#1|0#2|0#3|0#4|0#5|0#6|0#7|0#8|0#9|0#10|0#11|0#12|0
17|10,0,0,0,0,0,0,0,0,0,0,0,0,0,0,0,0,,,,
71|118,0,0,0,0,0,0,0,0,0,0,0,0,0,0,0,0,,,,
72|18,0,0,0,0,0,0,0,0,0,0,0,0,0,0,0,0,,,,
119|55,0,0,0,0,0,0,0,0,0,0,0,0,0,0,0,0,0|0#1|0#2|0#3|1#4|0#5|0#6|0#7|0#8|0#9|0#10|0#11|0#12|0,0|0#1|0#2|0#3|0#4|0#5|0#6|0#7|0#8|0#9|0#10|0#11|0#12|0,0|0#1|0#2|0#3|0#4|0#5|0#6|0#7|0#8|0#9|0#10|0#11|0#12|0,0|0#1|0#2|0#3|0#4|0#5|0#6|0#7|0#8|0#9|0#10|0#11|0#12|0
145|35,14,8,20,0,2,3,0,2,33,10,10,12,5,0,0,0,,,,
126|24,0,0,0,0,0,0,0,0,0,0,0,0,0,0,0,0,,,,
82|8,0,0,0,0,0,0,1,0,0,0,0,0,0,0,0,0,,,,
141|3,0,0,0,0,0,0,0,0,0,0,0,0,0,0,0,0,,,,
107|13,0,0,0,0,0,0,0,0,0,0,0,0,0,0,0,0,,,,
7|53,0,0,0,0,0,0,0,0,0,0,0,0,0,0,0,0,,,,
49|140,0,0,0,0,0,0,0,0,0,0,0,0,0,0,0,0,,,,
48|63,0,0,0,0,0,0,0,0,0,0,0,0,0,0,0,0,,0|0#1|0#2|0#3|0#4|0#5|0#6|0#7|0#8|0#9|0#10|0#11|0#12|0,,0|0#1|0#2|0#3|0#4|0#5|0#6|0#7|0#8|0#9|0#10|0#11|0#12|0
138|66,0,0,0,0,0,0,0,0,0,0,0,0,1,0,0,0,,,,
65|49,0,0,3,0,0,1,0,0,0,0,0,0,0,0,0,0,,,,
70|101,0,0,0,0,0,0,0,0,0,0,0,0,0,0,0,0,,,,
84|105,0,0,0,0,0,0,0,0,0,0,0,0,0,0,0,0,,,,
139|141,0,0,0,0,0,0,0,0,0,0,0,1,0,0,0,0,,,,
98|109,0,0,0,0,0,0,0,0,0,0,0,0,0,0,0,0,,,,
32|106,0,0,0,0,0,0,0,0,0,0,0,0,0,0,0,0,,,,
81|12,30,25,23,7,3,4,1,8,17,1,16,11,12,0,0,0,,,,
91|29,0,0,0,0,0,0,0,0,0,0,0,0,0,0,0,0,,,,
