41|120,0,0,0,0,0,0,0,0,0,0,0,0,0,0,0,0,,,,
68|111,0,0,0,0,0,0,0,0,0,0,0,0,0,0,0,0,,,,
105|62,8,7,8,2,0,3,1,3,2,0,1,1,3,0,0,0,0|0#1|0#2|0#3|4#4|4#5|4#6|4#7|4#8|4#9|4#10|4#11|4#12|0,0|0#1|0#2|0#3|4#4|4#5|3#6|3#7|3#8|3#9|3#10|3#11|3#12|0,0|0#1|0#2|0#3|4#4|4#5|4#6|4#7|4#8|4#9|4#10|4#11|4#12|0,0|0#1|0#2|0#3|4#4|3#5|3#6|3#7|3#8|3#9|4#10|3#11|4#12|0
70|67,0,0,0,0,0,0,0,0,0,0,0,0,0,0,0,0,,,,
122|48,0,0,0,0,0,0,0,0,0,0,0,0,0,0,0,0,,0|0#1|0#2|0#3|0#4|0#5|0#6|0#7|0#8|0#9|0#10|0#11|0#12|0,,0|0#1|0#2|0#3|0#4|0#5|0#6|0#7|0#8|0#9|0#10|0#11|0#12|0
44|87,0,0,0,0,0,0,0,0,0,0,0,0,0,0,0,0,,,,
25|76,0,0,0,0,0,0,0,0,0,0,0,0,0,0,0,0,,,,
55|124,0,0,0,0,0,0,0,0,0,0,0,0,0,0,0,0,,,,
69|128,0,0,0,0,0,0,0,0,0,0,0,0,0,0,0,0,,,,
72|92,0,0,0,0,0,0,0,0,0,0,0,0,0,0,0,0,,,,
132|138,0,0,0,0,0,0,0,0,0,0,0,0,0,0,0,0,,,,
115|79,0,0,0,0,0,1,0,1,0,0,0,3,0,0,0,0,,0|0#1|0#2|0#3|0#4|0#5|0#6|0#7|0#8|0#9|0#10|0#11|0#12|0,,0|0#1|0#2|0#3|0#4|0#5|0#6|0#7|0#8|0#9|0#10|0#11|0#12|0
145|125,0,0,0,0,0,0,0,0,0,0,0,0,0,0,0,0,,,,
13|34,0,0,0,0,0,0,0,0,0,0,0,0,0,0,0,0,,,,
8|126,0,0,0,0,0,0,0,0,0,0,0,0,0,0,0,0,,,,
124|73,0,0,0,0,0,0,0,0,1,0,0,0,0,0,0,0,,,,
131|121,1,0,3,3,0,2,0,1,0,0,0,8,1,0,0,0,,,,
14|9,0,0,0,0,0,0,0,0,0,0,0,0,0,0,0,0,,,,
32|45,0,0,0,0,0,0,0,0,0,0,0,0,0,0,0,0,,,,
150|53,0,0,0,0,0,0,0,0,0,0,0,0,0,0,0,0,,,,
40|7,2,2,7,0,3,1,1,3,3,0,2,2,9,0,3,0,,,,
80|132,0,0,0,0,0,0,0,0,0,0,0,0,0,0,0,0,,,,
63|98,1,0,0,0,0,0,0,4,0,0,0,1,0,0,0,0,0|0#1|0#2|0#3|0#4|0#5|0#6|0#7|0#8|0#9|0#10|0#11|0#12|0,,0|0#1|0#2|0#3|0#4|0#5|0#6|0#7|0#8|0#9|0#10|0#11|0#12|0,
17|129,0,0,0,0,0,0,0,0,0,0,0,0,0,0,0,0,,,,
106|113,0,0,0,0,0,0,0,0,1,0,0,1,0,0,0,0,,,,
143|84,0,0,0,0,0,0,0,0,0,0,0,0,0,0,0,0,0|0#1|0#2|0#3|0#4|0#5|0#6|0#7|0#8|0#9|0#10|0#11|0#12|0,,0|0#1|0#2|0#3|0#4|0#5|0#6|0#7|0#8|0#9|0#10|0#11|0#12|0,
53|81,0,0,0,0,0,0,0,1,0,0,0,0,0,0,0,0,0|0#1|0#2|0#3|0#4|0#5|0#6|0#7|0#8|0#9|0#10|0#11|0#12|0,0|0#1|0#2|0#3|0#4|0#5|0#6|0#7|0#8|0#9|0#10|0#11|0#12|0,0|0#1|0#2|0#3|0#4|0#5|0#6|0#7|0#8|0#9|0#10|0#11|0#12|0,0|0#1|0#2|0#3|0#4|0#5|0#6|0#7|0#8|0#9|0#10|0#11|0#12|0
112|31,0,0,0,0,0,0,0,0,0,0,0,0,1,0,0,0,0|0#1|0#2|0#3|0#4|0#5|0#6|0#7|0#8|0#9|0#10|0#11|0#12|0,,0|0#1|0#2|0#3|0#4|0#5|0#6|0#7|0#8|0#9|0#10|0#11|0#12|0,
3|77,0,0,0,0,0,0,0,0,0,0,0,0,0,0,0,0,,,,
131|42,0,0,0,0,0,0,0,0,0,0,0,0,0,0,0,0,0|0#1|0#2|0#3|0#4|0#5|0#6|0#7|0#8|0#9|0#10|0#11|0#12|0,0|0#1|0#2|0#3|0#4|0#5|0#6|0#7|0#8|0#9|0#10|0#11|0#12|0,0|0#1|0#2|0#3|0#4|0#5|0#6|0#7|0#8|0#9|0#10|0#11|0#12|0,0|0#1|0#2|0#3|0#4|0#5|0#6|0#7|0#8|0#9|0#10|0#11|0#12|0
34|70,0,0,0,0,0,0,0,0,0,0,0,0,0,0,0,0,,,,
16|112,0,0,0,0,0,0,0,0,0,0,0,0,0,0,0,0,,,,
94|136,4,2,0,0,5,2,1,1,10,0,6,1,1,0,0,0,,,,
119|100,3,10,53,0,0,0,0,4,16,1,11,11,1,0,0,0,0|0#1|0#2|0#3|0#4|0#5|0#6|0#7|0#8|0#9|0#10|0#11|0#12|0,,0|0#1|0#2|0#3|0#4|0#5|0#6|0#7|0#8|0#9|0#10|0#11|0#12|0,
141|59,0,0,0,0,0,0,0,0,0,0,0,0,0,0,0,0,,0|0#1|0#2|0#3|0#4|0#5|0#6|0#7|0#8|0#9|0#10|0#11|0#12|0,,0|0#1|0#2|0#3|0#4|0#5|0#6|0#7|0#8|0#9|0#10|0#11|0#12|0
51|56,0,0,0,0,0,0,0,0,0,0,0,0,0,0,0,0,,,,
60|50,0,1,0,0,0,0,0,0,0,0,0,0,0,0,1,0,,,,
103|37,0,0,0,0,0,0,0,2,0,0,0,0,0,0,0,0,,,,
42|137,0,0,0,0,0,0,0,0,0,0,0,0,0,0,0,0,,,,
