65|16,0,0,0,0,0,1,0,0,0,0,0,0,0,0,0,0,,,,
152|146,0,0,0,0,0,0,0,0,0,0,0,0,0,0,0,0,,,,
98|94,0,0,0,0,0,0,0,0,1,0,0,0,0,0,0,0,,,,
7|20,0,0,0,0,0,0,0,0,0,0,0,0,0,0,0,0,,,,
75|132,0,0,0,0,0,0,0,0,0,0,0,0,0,0,0,0,,,,
79|83,0,0,0,0,0,0,0,1,0,0,2,0,0,0,0,0,,,0|0#1|0#2|0#3|0#4|0#5|0#6|0#7|0#8|0#9|0#10|0#11|0#12|0,0|0#1|0#2|0#3|0#4|0#5|0#6|0#7|0#8|0#9|0#10|0#11|0#12|0
96|69,34,6,75,0,13,1,1,18,0,12,16,526,12,0,0,0,0|0#1|0#2|0#3|4#4|4#5|4#6|4#7|4#8|4#9|4#10|4#11|4#12|0,0|0#1|0#2|0#3|4#4|4#5|4#6|4#7|4#8|4#9|4#10|4#11|4#12|0,0|0#1|0#2|0#3|4#4|4#5|4#6|4#7|4#8|4#9|4#10|4#11|4#12|0,0|0#1|0#2|0#3|4#4|4#5|4#6|4#7|4#8|4#9|4#10|4#11|4#12|0
36|120,0,0,0,0,0,0,0,0,0,0,0,0,0,0,0,0,,,,
127|138,0,0,0,0,0,0,0,0,0,0,0,0,2,0,0,0,,,,
10|146,0,0,0,0,0,0,0,0,0,0,0,0,0,0,0,0,,,,
100|147,0,0,0,0,0,0,0,0,0,0,0,0,0,0,0,0,,,,
1|143,0,0,0,0,0,0,0,0,0,0,0,0,0,0,0,0,,,,
9|3,0,0,0,0,0,1,0,0,1,0,0,0,0,0,0,0,,,,
37|137,0,0,0,0,0,0,0,0,0,0,0,0,0,0,0,0,,,,
62|145,0,0,0,0,0,0,0,0,0,0,0,0,0,0,0,0,,,,
93|21,0,0,0,0,0,0,0,0,0,0,0,0,0,0,0,0,,,,
23|133,0,0,0,0,0,0,0,0,0,0,0,0,0,0,0,0,,,,
74|10,0,0,0,0,0,0,0,0,0,0,0,0,0,0,0,0,,,,
89|136,0,0,0,0,0,0,0,0,0,0,0,0,0,0,0,0,,,,
76|2,0,0,0,0,0,0,0,0,0,0,0,0,0,0,0,0,,,,
77|58,0,0,0,0,0,0,0,0,1,0,0,0,0,0,0,0,,,,
84|27,0,0,0,0,0,0,0,0,0,0,0,0,0,0,0,0,,,,
126|121,0,0,0,0,0,0,0,0,0,0,0,0,0,0,0,0,,,,
48|30,0,0,0,0,0,0,1,0,1,0,0,1,0,0,0,0,,,,
67|41,0,0,0,0,0,0,0,0,0,0,0,0,0,0,0,0,,,0|0#1|0#2|0#3|0#4|0#5|0#6|0#7|0#8|0#9|0#10|0#11|0#12|0,
113|134,0,0,0,0,0,0,0,0,0,0,0,0,0,0,0,0,,,,
58|47,0,0,0,0,0,0,0,1,1,0,0,0,0,0,2,0,0|0#1|0#2|0#3|0#4|0#5|0#6|0#7|0#8|0#9|0#10|0#11|0#12|0,,0|0#1|0#2|0#3|0#4|0#5|0#6|0#7|0#8|0#9|0#10|0#11|0#12|0,
39|36,2,0,0,1,0,0,1,5,0,0,1,3,1,0,0,0,,,,
138|33,0,0,0,0,0,0,0,0,0,0,0,0,0,0,0,0,,,,
86|52,153,67,163,23,16,32,12,32,5,7,117,20,9,0,0,0,0|0#1|0#2|0#3|3#4|2#5|0#6|2#7|2#8|2#9|2#10|2#11|2#12|0,0|0#1|0#2|0#3|2#4|2#5|0#6|0#7|0#8|0#9|1#10|1#11|1#12|0,0|0#1|0#2|0#3|3#4|2#5|1#6|1#7|2#8|2#9|2#10|2#11|2#12|0,0|0#1|0#2|0#3|2#4|0#5|0#6|0#7|0#8|1#9|1#10|1#11|1#12|0
129|39,0,0,0,0,0,0,0,0,0,0,0,20,0,0,0,0,,,,
119|22,0,0,0,0,0,0,0,0,0,0,0,0,0,0,0,0,,,,
