95|64,194,60,516,23,28,28,27,43,17,27,191,76,40,2,0,0,0|0#1|0#2|0#3|4#4|4#5|4#6|4#7|4#8|4#9|4#10|4#11|4#12|0,0|0#1|0#2|0#3|4#4|4#5|4#6|4#7|4#8|4#9|4#10|4#11|4#12|0,0|0#1|0#2|0#3|4#4|4#5|4#6|4#7|4#8|4#9|4#10|4#11|4#12|0,0|0#1|0#2|0#3|4#4|4#5|4#6|4#7|4#8|4#9|4#10|4#11|4#12|0
76|53,8,0,18,2,2,0,0,4,10,0,3,11,0,0,0,0,0|0#1|0#2|0#3|0#4|0#5|0#6|0#7|0#8|0#9|0#10|1#11|0#12|0,0|0#1|0#2|0#3|0#4|0#5|0#6|0#7|0#8|0#9|0#10|0#11|0#12|0,0|0#1|0#2|0#3|0#4|0#5|0#6|0#7|0#8|0#9|0#10|1#11|0#12|0,0|0#1|0#2|0#3|0#4|0#5|0#6|0#7|0#8|0#9|0#10|0#11|0#12|0
0|144,0,0,0,0,0,0,0,0,0,0,0,0,0,0,0,0,,,,
149|70,0,0,0,0,0,0,0,0,0,0,0,1,0,0,0,0,,,,
88|95,0,0,22,6,1,0,0,0,1,1,1,27,3,0,0,0,0|0#1|0#2|0#3|2#4|1#5|0#6|1#7|1#8|0#9|2#10|2#11|1#12|0,0|0#1|0#2|0#3|0#4|0#5|0#6|0#7|0#8|0#9|0#10|0#11|0#12|0,0|0#1|0#2|0#3|2#4|0#5|2#6|2#7|0#8|1#9|1#10|2#11|2#12|0,0|0#1|0#2|0#3|0#4|0#5|0#6|0#7|0#8|0#9|0#10|0#11|0#12|0
150|130,0,0,0,0,0,0,0,0,0,0,0,0,0,0,0,0,,,,
29|37,0,0,0,0,0,0,0,0,0,0,0,0,0,0,0,0,,,,
74|28,0,0,0,0,0,0,0,0,0,0,0,0,0,0,0,0,,,,
128|34,0,0,0,0,0,0,0,0,0,0,0,0,0,0,0,0,0|0#1|0#2|0#3|0#4|0#5|0#6|0#7|0#8|0#9|0#10|0#11|0#12|0,,0|0#1|0#2|0#3|0#4|0#5|0#6|0#7|0#8|0#9|0#10|0#11|0#12|0,
93|39,0,0,0,0,0,0,0,0,0,0,0,0,0,0,0,0,0|0#1|0#2|0#3|0#4|0#5|0#6|0#7|0#8|0#9|0#10|0#11|0#12|0,0|0#1|0#2|0#3|0#4|0#5|0#6|0#7|0#8|0#9|0#10|0#11|0#12|0,0|0#1|0#2|0#3|0#4|0#5|0#6|0#7|0#8|0#9|0#10|0#11|0#12|0,0|0#1|0#2|0#3|0#4|0#5|0#6|0#7|0#8|0#9|0#10|0#11|0#12|0
49|125,0,0,0,0,0,0,0,0,0,0,0,0,0,0,0,0,,,,
7|38,0,0,0,0,0,0,0,0,0,0,0,0,0,0,0,0,,,,
109|23,0,0,0,0,0,0,0,0,0,0,0,0,0,0,0,0,,,,
13|8,0,0,0,0,0,0,0,0,0,0,0,0,0,0,0,0,,,,
19|20,0,0,0,0,0,0,0,0,0,0,0,0,0,0,0,0,,,,
35|121,0,0,0,0,0,0,0,0,0,0,0,0,0,0,0,0,,,,
64|11,0,0,0,0,0,0,0,0,0,0,0,0,0,0,0,0,,,,
147|45,0,0,0,0,1,1,0,0,0,0,0,0,0,0,0,0,,,,
126|139,0,0,1,0,0,1,0,0,1,0,0,0,0,0,0,0,,,,
55|17,0,0,0,0,0,0,0,0,0,0,0,0,0,0,0,0,,,,
22|134,0,0,0,0,0,0,0,0,0,0,0,0,0,0,0,0,,,,
57|42,0,0,0,2,0,0,0,0,0,0,0,1,0,0,0,0,,,,
48|48,0,0,0,0,0,0,0,0,0,0,0,0,0,0,0,0,,,,
125|122,0,0,0,0,0,0,1,0,0,0,0,0,0,0,0,0,,,,
74|133,0,0,0,0,0,0,0,0,0,0,0,0,0,0,0,0,,,,
9|63,0,0,0,0,0,0,0,0,0,0,0,0,0,0,0,0,,,,
36|138,0,0,0,0,0,0,0,0,0,0,0,0,0,0,0,0,,,,
88|137,0,0,0,0,0,0,0,0,0,0,0,0,0,0,0,0,,,,
38|31,0,0,0,0,0,0,0,0,0,0,0,0,0,0,0,0,,,,
67|59,0,0,1,0,0,1,1,0,1,0,0,0,5,0,0,0,0|0#1|0#2|0#3|0#4|0#5|0#6|0#7|0#8|0#9|0#10|0#11|0#12|0,0|0#1|0#2|0#3|0#4|0#5|0#6|0#7|0#8|0#9|0#10|0#11|0#12|0,0|0#1|0#2|0#3|0#4|0#5|0#6|0#7|0#8|0#9|0#10|0#11|0#12|0,
139|126,0,0,0,0,0,0,0,0,0,0,0,0,0,0,0,0,,,,
87|120,0,0,0,0,0,0,0,0,0,0,0,0,0,0,0,0,,,,
83|22,0,0,0,0,0,0,0,0,0,0,0,0,0,0,0,0,,,,
69|84,0,0,0,0,0,0,0,0,1,0,0,0,0,0,3,0,,,,
61|146,0,0,0,0,0,0,0,0,0,0,0,0,0,0,0,0,,,,
151|147,0,0,0,0,0,0,0,0,0,0,0,0,0,0,0,0,,,,
112|135,0,1,1,0,0,0,0,1,0,0,0,1,1,0,0,0,,,,
