29|104,0,0,0,0,0,0,0,0,0,0,0,0,0,0,0,0,,,,
7|114,0,0,0,0,0,0,0,0,0,0,0,0,0,0,0,0,,,,
54|112,0,0,0,0,0,0,0,0,0,0,0,0,0,0,0,0,,,,
67|3,0,0,0,0,0,0,0,0,0,0,0,0,0,0,0,0,,,,
114|61,0,0,0,1,0,0,0,0,0,0,0,1,2,0,0,0,0|0#1|0#2|0#3|3#4|2#5|2#6|2#7|2#8|2#9|2#10|2#11|2#12|0,0|0#1|0#2|0#3|2#4|2#5|2#6|2#7|1#8|1#9|0#10|1#11|1#12|0,0|0#1|0#2|0#3|3#4|2#5|2#6|2#7|2#8|2#9|2#10|2#11|2#12|0,0|0#1|0#2|0#3|2#4|2#5|2#6|1#7|0#8|0#9|0#10|1#11|1#12|0
80|137,0,0,0,0,0,0,0,0,0,0,0,0,0,0,0,0,,,,
105|67,0,0,0,0,0,0,0,0,0,0,0,0,0,0,0,0,0|0#1|0#2|0#3|3#4|1#5|0#6|0#7|0#8|1#9|1#10|1#11|0#12|0,0|0#1|0#2|0#3|2#4|0#5|0#6|0#7|0#8|0#9|0#10|0#11|0#12|0,0|0#1|0#2|0#3|2#4|0#5|0#6|0#7|1#8|1#9|1#10|1#11|0#12|0,0|0#1|0#2|0#3|1#4|0#5|0#6|0#7|0#8|0#9|0#10|0#11|0#12|0
53|86,1,2,0,0,0,0,0,2,0,0,0,1,0,0,0,0,0|0#1|0#2|0#3|0#4|0#5|0#6|0#7|0#8|0#9|0#10|0#11|0#12|0,0|0#1|0#2|0#3|0#4|0#5|0#6|0#7|0#8|0#9|0#10|0#11|0#12|0,0|0#1|0#2|0#3|0#4|0#5|0#6|0#7|0#8|0#9|0#10|0#11|0#12|0,0|0#1|0#2|0#3|0#4|0#5|0#6|0#7|0#8|0#9|0#10|0#11|0#12|0
34|75,0,0,0,0,0,0,0,0,0,0,0,0,0,0,0,0,,,,
93|1,0,0,0,0,0,0,0,0,0,0,0,0,0,0,0,0,,,,
16|117,0,0,0,0,0,0,0,0,0,0,0,0,0,0,0,0,,,,
93|124,0,0,0,0,0,0,0,0,0,0,0,0,0,0,0,0,,,,
131|126,0,0,0,0,0,0,0,0,2,0,0,2,0,0,0,0,,,,
41|44,0,0,0,0,0,0,0,0,0,0,0,0,2,0,0,0,0|0#1|0#2|0#3|0#4|0#5|0#6|0#7|0#8|0#9|0#10|0#11|0#12|0,0|0#1|0#2|0#3|0#4|0#5|0#6|0#7|0#8|0#9|0#10|0#11|0#12|0,0|0#1|0#2|0#3|0#4|0#5|0#6|0#7|0#8|0#9|0#10|0#11|0#12|0,
106|118,0,0,0,0,0,0,0,0,1,0,0,6,0,0,0,0,,,,
55|129,0,0,0,0,0,0,0,0,0,0,0,0,0,0,0,0,,,,
143|89,0,0,0,0,0,0,0,0,0,0,0,0,0,0,0,0,,,,
81|91,0,0,0,0,0,0,0,1,0,0,0,0,1,0,0,0,,,,
140|41,0,0,0,0,0,0,0,0,0,0,0,0,0,0,0,0,,,,
152|83,0,0,0,0,0,0,0,0,0,0,0,0,0,0,0,0,,,,
124|78,0,0,0,0,0,0,0,0,0,0,0,0,0,0,0,0,,,,
133|72,0,0,0,0,0,0,0,0,0,0,0,0,0,0,0,0,,,,
107|92,0,0,0,0,0,0,0,0,0,0,0,0,0,0,0,0,,,,
150|58,0,0,0,0,0,0,0,0,0,0,0,0,0,0,0,0,,,,
68|116,0,0,0,0,0,0,0,0,0,0,0,0,0,0,0,0,,,,
0|34,0,0,0,0,0,0,0,0,0,0,0,0,0,0,0,0,,,,
15|100,0,0,0,0,0,0,0,0,0,0,0,0,0,0,0,0,,,,
119|105,0,0,0,0,0,0,0,0,0,0,0,3,0,0,0,0,,,,
15|64,0,0,0,0,0,0,0,0,0,0,0,0,0,0,0,0,,,,
41|125,0,0,0,0,0,0,0,0,0,0,0,0,0,0,0,0,,,,
60|55,0,0,0,0,0,0,0,1,0,0,0,0,0,0,1,0,0|0#1|0#2|0#3|2#4|0#5|0#6|0#7|0#8|0#9|0#10|0#11|0#12|0,0|0#1|0#2|0#3|1#4|0#5|0#6|0#7|0#8|0#9|0#10|0#11|0#12|0,0|0#1|0#2|0#3|0#4|0#5|0#6|0#7|0#8|0#9|0#10|0#11|0#12|0,0|0#1|0#2|0#3|1#4|0#5|0#6|0#7|0#8|0#9|0#10|0#11|0#12|0
72|97,0,0,0,0,0,0,0,0,0,0,0,0,0,0,0,0,,,,
105|101,0,0,0,0,0,0,0,0,0,0,0,0,0,0,0,0,0|0#1|0#2|0#3|0#4|0#5|0#6|0#7|0#8|0#9|0#10|0#11|0#12|0,,0|0#1|0#2|0#3|0#4|0#5|0#6|0#7|0#8|0#9|0#10|0#11|0#12|0,
131|47,0,0,0,0,0,0,0,0,0,0,0,0,0,0,0,0,,,,
144|113,0,0,0,0,0,0,0,0,0,0,0,0,0,0,0,0,,,,
22|33,0,0,0,0,0,0,0,0,0,0,0,0,0,0,0,0,,,,
13|39,0,0,0,0,0,0,0,0,0,0,0,0,0,0,0,0,,,,
62|80,0,0,0,0,0,0,0,0,0,0,0,0,0,0,0,0,,,,
112|36,0,0,0,0,0,0,0,0,0,0,0,0,1,0,0,0,0|0#1|0#2|0#3|0#4|0#5|0#6|0#7|0#8|0#9|0#10|0#11|0#12|0,0|0#1|0#2|0#3|0#4|0#5|0#6|0#7|0#8|0#9|0#10|0#11|0#12|0,,0|0#1|0#2|0#3|0#4|0#5|0#6|0#7|0#8|0#9|0#10|0#11|0#12|0
121|30,0,0,0,0,0,0,0,0,0,0,0,0,0,0,0,0,0|0#1|0#2|0#3|0#4|0#5|0#6|0#7|0#8|0#9|0#10|0#11|0#12|0,,0|0#1|0#2|0#3|0#4|0#5|0#6|0#7|0#8|0#9|0#10|0#11|0#12|0,
