57|18,7,1,9,1,1,0,1,2,1,0,3,0,3,0,0,0,,,,
150|106,0,0,0,0,0,0,0,0,0,0,0,0,0,0,0,0,,,,
85|23,0,0,0,0,0,0,0,0,0,0,0,0,0,0,0,0,,,,
66|12,0,0,0,0,0,0,0,0,0,0,0,0,0,0,0,0,,,,
110|94,0,0,0,0,0,0,0,0,0,0,0,2,0,0,0,0,0|0#1|0#2|0#3|0#4|0#5|0#6|0#7|0#8|0#9|0#10|0#11|0#12|0,0|0#1|0#2|0#3|0#4|0#5|0#6|0#7|0#8|0#9|0#10|0#11|0#12|0,0|0#1|0#2|0#3|0#4|0#5|0#6|0#7|0#8|0#9|0#10|0#11|0#12|0,0|0#1|0#2|0#3|0#4|0#5|0#6|0#7|0#8|0#9|0#10|0#11|0#12|0
25|140,0,0,0,0,0,0,0,0,0,0,0,0,0,0,0,0,,,,
33|9,12,3,5,1,2,1,0,1,2,0,2,2,14,0,0,0,,,,
78|54,0,0,0,0,0,0,0,0,0,0,0,1,0,0,0,0,,,,
97|65,218,87,328,5,41,51,23,50,28,67,150,211,60,7,0,0,0|0#1|0#2|0#3|4#4|4#5|4#6|4#7|4#8|4#9|4#10|4#11|4#12|0,0|0#1|0#2|0#3|4#4|4#5|4#6|4#7|4#8|4#9|4#10|4#11|4#12|0,0|0#1|0#2|0#3|4#4|4#5|4#6|4#7|4#8|4#9|4#10|4#11|4#12|0,0|0#1|0#2|0#3|4#4|4#5|4#6|4#7|4#8|4#9|4#10|4#11|4#12|0
76|29,0,0,0,0,0,0,0,0,0,0,0,0,0,0,0,0,0|0#1|0#2|0#3|0#4|0#5|0#6|0#7|0#8|0#9|0#10|0#11|0#12|0,,,
129|145,0,0,0,0,2,1,1,0,2,0,2,1,1,0,0,0,,,,
60|105,0,0,0,0,0,0,0,0,0,0,0,12,0,0,0,0,,,,
149|46,0,0,0,0,0,0,0,0,0,0,0,0,0,0,0,0,,,,
59|43,0,0,0,0,0,0,0,0,0,0,0,0,0,0,0,0,,,,
9|39,0,0,0,0,0,0,0,0,0,0,0,0,0,0,0,0,,,,
11|97,0,0,0,0,0,0,0,0,0,0,0,0,0,0,0,0,,,,
39|144,0,0,0,0,0,0,0,0,0,0,0,0,0,0,0,0,,,,
20|91,0,0,0,0,0,0,0,0,0,0,0,0,0,0,0,0,,,,
115|141,1,0,0,0,0,0,0,0,0,0,0,1,0,0,0,0,,,,
74|109,0,0,0,0,0,0,0,1,0,0,0,0,0,0,0,0,,,,
99|90,0,0,0,0,0,0,0,0,0,0,0,0,1,0,0,0,0|0#1|0#2|0#3|0#4|0#5|0#6|0#7|0#8|0#9|0#10|0#11|0#12|0,,0|0#1|0#2|0#3|0#4|0#5|0#6|0#7|0#8|0#9|0#10|0#11|0#12|0,
