0|73,0,0,0,0,0,0,0,0,0,0,0,0,0,0,0,0,,,,
22|72,0,0,0,0,0,0,0,0,0,0,0,0,0,0,0,0,,,,
10|30,0,0,0,0,0,0,0,0,0,0,0,0,0,0,0,0,,,,
32|89,0,0,0,0,0,0,0,0,0,0,0,0,0,0,0,0,,,,
99|46,116,65,84,24,6,8,13,19,8,4,37,10,9,0,0,0,0|0#1|0#2|0#3|2#4|3#5|4#6|3#7|3#8|3#9|3#10|2#11|2#12|0,0|0#1|0#2|0#3|1#4|2#5|2#6|2#7|2#8|2#9|2#10|2#11|2#12|0,0|0#1|0#2|0#3|2#4|3#5|3#6|3#7|3#8|2#9|2#10|2#11|3#12|0,0|0#1|0#2|0#3|1#4|2#5|2#6|2#7|2#8|2#9|1#10|2#11|2#12|0
100|33,0,0,0,0,0,0,0,0,0,0,0,0,0,0,0,0,,,,
140|8,0,0,0,0,0,0,0,0,0,0,0,0,0,0,0,0,,,,
29|143,0,0,0,0,0,0,0,0,0,0,0,0,0,0,0,0,,,,
64|108,0,1,1,0,0,0,0,1,1,0,0,0,1,0,0,0,,,,
119|144,0,0,0,0,0,0,0,0,0,0,0,0,0,0,0,0,,,,
140|80,0,0,0,0,0,0,0,0,0,0,0,0,0,0,0,0,,,,
112|75,0,0,0,0,0,0,0,0,0,0,0,0,0,0,0,0,0|0#1|0#2|0#3|0#4|0#5|0#6|0#7|0#8|0#9|0#10|0#11|0#12|0,0|0#1|0#2|0#3|0#4|0#5|0#6|0#7|0#8|0#9|0#10|0#11|0#12|0,0|0#1|0#2|0#3|0#4|0#5|0#6|0#7|0#8|0#9|0#10|0#11|0#12|0,0|0#1|0#2|0#3|0#4|0#5|0#6|0#7|0#8|0#9|0#10|0#11|0#12|0
12|109,0,0,0,0,0,0,0,0,0,0,0,0,0,0,0,0,,,,
20|47,0,0,0,0,0,0,0,0,0,0,0,0,0,0,0,0,,,,
140|105,0,0,0,0,0,0,0,0,0,0,0,0,0,0,0,0,,,,
150|97,0,0,0,0,0,0,0,0,0,0,0,0,0,0,0,0,,,,
41|83,0,0,0,0,0,0,0,0,0,0,0,0,0,0,0,0,,,,
131|86,14,7,10,3,4,2,1,6,0,1,5,0,1,0,0,0,,0|0#1|0#2|0#3|0#4|0#5|0#6|0#7|0#8|0#9|0#10|0#11|0#12|0,,0|0#1|0#2|0#3|0#4|0#5|0#6|0#7|0#8|0#9|0#10|0#11|0#12|0
3|106,0,0,0,0,0,0,0,0,0,0,0,0,0,0,0,0,,,,
13|78,0,0,0,0,0,0,0,0,0,0,0,0,0,0,0,0,,,,
50|104,0,0,0,0,0,0,0,0,0,0,0,0,0,0,0,0,,,,
60|94,0,1,0,1,0,0,0,1,0,0,0,1,0,0,0,0,0|0#1|0#2|0#3|0#4|0#5|0#6|0#7|0#8|0#9|0#10|0#11|0#12|0,,0|0#1|0#2|0#3|0#4|0#5|0#6|0#7|0#8|0#9|0#10|0#11|0#12|0,
105|140,0,0,0,0,0,0,0,0,0,0,0,0,0,0,0,0,,,,
10|3,0,0,0,0,0,0,0,0,0,0,0,0,0,0,0,0,,,,
