41|97,0,0,0,0,0,0,0,0,0,0,0,0,0,0,0,0,,,,
0|87,0,0,0,0,0,0,0,0,0,0,0,0,0,0,0,0,,,,
102|72,1,0,3,2,1,0,1,1,0,0,0,4,0,0,0,0,0|0#1|0#2|0#3|3#4|2#5|1#6|0#7|1#8|1#9|1#10|1#11|2#12|0,0|0#1|0#2|0#3|2#4|1#5|0#6|0#7|0#8|0#9|0#10|1#11|2#12|0,0|0#1|0#2|0#3|3#4|2#5|0#6|1#7|1#8|1#9|1#10|2#11|2#12|0,0|0#1|0#2|0#3|2#4|1#5|0#6|0#7|0#8|0#9|0#10|2#11|1#12|0
45|6,0,0,1,0,1,2,1,2,10,0,2,1,1,0,1,0,,,,
22|86,0,0,0,0,0,0,0,0,0,0,0,0,0,0,0,0,,,,
118|141,0,0,0,0,0,0,0,0,0,0,0,0,0,0,0,0,,,,
87|18,0,0,0,0,0,0,0,0,1,0,0,0,0,0,0,0,,,,
28|140,0,0,0,0,0,0,0,0,0,0,0,0,0,0,0,0,,,,
50|118,0,0,0,0,0,0,0,0,0,0,0,0,0,0,0,0,,,,
89|43,0,0,0,0,0,0,0,0,0,0,0,1,0,0,0,0,0|0#1|0#2|0#3|0#4|0#5|0#6|0#7|0#8|0#9|0#10|0#11|0#12|0,0|0#1|0#2|0#3|0#4|0#5|0#6|0#7|0#8|0#9|0#10|0#11|0#12|0,0|0#1|0#2|0#3|0#4|0#5|0#6|0#7|0#8|0#9|0#10|0#11|0#12|0,0|0#1|0#2|0#3|0#4|0#5|0#6|0#7|0#8|0#9|0#10|0#11|0#12|0
19|8,0,0,0,0,0,0,0,0,0,0,0,0,0,0,0,0,,,,
96|12,0,0,0,0,0,0,0,0,0,0,0,0,0,0,0,0,,,,
101|107,0,0,0,0,0,0,0,0,0,0,0,0,0,0,0,0,,,,
140|119,0,0,0,0,0,0,0,0,0,0,0,0,0,0,0,0,,,,
140|94,0,0,0,0,0,0,0,0,0,0,0,0,0,0,0,0,,,,
10|44,0,0,0,0,0,0,0,0,0,0,0,0,0,0,0,0,,,,
2|103,0,0,0,0,0,0,0,0,0,0,0,0,0,0,0,0,,,,
104|1,0,0,0,0,0,0,0,0,0,0,0,0,0,0,0,0,,,,
100|47,7,5,9,2,1,0,0,3,2,0,0,0,1,0,0,0,0|0#1|0#2|0#3|0#4|0#5|0#6|0#7|0#8|0#9|0#10|0#11|0#12|0,0|0#1|0#2|0#3|0#4|0#5|0#6|0#7|0#8|0#9|0#10|0#11|0#12|0,0|0#1|0#2|0#3|0#4|1#5|0#6|0#7|0#8|0#9|0#10|0#11|0#12|0,0|0#1|0#2|0#3|0#4|0#5|0#6|0#7|0#8|0#9|0#10|0#11|0#12|0
11|106,0,0,0,0,0,0,0,0,0,0,0,0,0,0,0,0,,,,
77|109,1,0,0,0,0,0,0,0,0,0,0,0,0,0,0,0,,,,
4|5,0,0,0,0,0,1,0,0,0,0,0,0,0,0,0,0,,,,
121|83,0,0,0,0,3,0,0,0,0,1,0,2,0,0,0,0,0|0#1|0#2|0#3|0#4|0#5|0#6|0#7|0#8|1#9|0#10|0#11|0#12|0,0|0#1|0#2|0#3|0#4|0#5|0#6|0#7|0#8|0#9|0#10|0#11|0#12|0,0|0#1|0#2|0#3|0#4|0#5|0#6|0#7|0#8|0#9|0#10|0#11|0#12|0,0|0#1|0#2|0#3|0#4|0#5|0#6|0#7|0#8|0#9|0#10|0#11|0#12|0
31|80,0,0,0,0,0,0,0,0,0,0,0,0,0,0,0,0,,,,
63|105,10,3,152,0,2,2,10,8,1,0,17,0,7,0,0,0,,,,
112|89,0,0,0,0,0,0,0,0,2,0,0,2,0,0,0,0,,,,
50|91,0,0,0,0,0,0,0,0,0,0,0,0,0,0,0,0,,,,
71|4,0,0,0,0,0,0,0,0,0,0,0,0,0,0,0,0,,,,
