17|41,0,0,0,0,0,0,0,0,0,0,0,0,0,0,0,0,,,,
32|137,0,0,0,0,0,0,0,0,0,0,0,0,0,0,0,0,,,,
7|84,0,0,0,0,0,0,0,0,0,0,0,0,0,0,0,0,,,,
126|55,0,0,0,0,0,0,0,0,0,0,0,0,0,0,0,0,,,,
48|94,0,0,0,0,0,0,0,0,0,0,0,0,0,0,0,0,,,,
121|121,0,0,0,0,0,0,0,0,0,0,0,1,0,0,0,0,,,,
122|138,0,0,1,0,0,0,0,0,0,0,0,0,1,0,0,0,,,,
62|32,0,0,0,0,0,0,0,0,0,0,0,0,0,0,0,0,,,,
152|35,0,0,0,0,0,0,0,0,0,0,0,0,0,0,0,0,,,,
145|66,0,0,0,0,0,0,0,0,0,0,0,5,3,0,0,0,0|0#1|0#2|0#3|0#4|0#5|0#6|0#7|0#8|0#9|0#10|0#11|0#12|0,0|0#1|0#2|0#3|0#4|0#5|0#6|0#7|0#8|0#9|0#10|0#11|0#12|0,0|0#1|0#2|0#3|0#4|0#5|0#6|0#7|0#8|0#9|0#10|0#11|0#12|0,0|0#1|0#2|0#3|0#4|0#5|0#6|0#7|0#8|0#9|0#10|0#11|0#12|0
31|120,0,0,0,0,0,0,0,0,0,0,0,0,0,0,0,0,,,,
147|91,0,0,0,0,0,0,0,0,0,0,0,0,0,0,0,0,,,,
105|19,0,0,0,0,0,0,0,0,0,0,0,0,0,0,0,0,,,,
97|123,0,0,0,0,0,0,0,0,0,0,0,0,0,0,0,0,,,,
55|63,1,1,10,0,3,2,0,1,6,0,3,6,3,0,0,0,,,,
109|100,0,0,0,0,0,0,0,0,0,0,0,1,1,0,0,0,,,,
81|43,11,8,7,6,3,4,3,3,9,0,4,1,1,0,0,0,0|0#1|0#2|0#3|0#4|0#5|1#6|1#7|1#8|0#9|1#10|1#11|1#12|0,0|0#1|0#2|0#3|0#4|0#5|0#6|0#7|0#8|0#9|0#10|0#11|0#12|0,0|0#1|0#2|0#3|0#4|0#5|1#6|1#7|0#8|1#9|1#10|1#11|1#12|0,0|0#1|0#2|0#3|0#4|0#5|0#6|0#7|0#8|0#9|0#10|0#11|0#12|0
34|27,0,0,0,0,0,0,0,0,0,0,0,0,0,0,0,0,,,,
149|129,0,0,0,0,0,0,0,0,0,0,0,0,0,0,0,0,,,,
128|80,0,0,0,0,0,0,0,0,0,0,0,0,0,0,0,0,,,,
119|86,14,3,8,3,1,1,1,1,2,0,3,56,3,0,0,0,0|0#1|0#2|0#3|0#4|0#5|0#6|0#7|0#8|0#9|0#10|0#11|0#12|0,0|0#1|0#2|0#3|0#4|0#5|0#6|0#7|0#8|0#9|0#10|0#11|0#12|0,0|0#1|0#2|0#3|0#4|0#5|0#6|0#7|0#8|0#9|0#10|0#11|0#12|0,0|0#1|0#2|0#3|0#4|0#5|0#6|0#7|0#8|0#9|0#10|0#11|0#12|0
84|136,0,0,0,0,0,0,0,0,0,0,0,0,0,0,0,0,,,,
36|52,0,0,0,0,0,0,0,0,0,0,0,0,0,0,0,0,,,,
5|59,0,0,0,0,0,0,0,0,0,0,0,0,0,0,0,0,,,,
133|24,0,0,0,0,0,0,0,0,0,0,0,0,0,0,0,0,,,,
148|0,0,0,0,0,0,0,0,0,0,0,0,0,0,0,0,0,,,,
43|21,0,0,0,0,0,0,0,0,0,0,0,0,0,0,0,0,,,,
72|49,0,0,12,0,4,0,0,0,2,0,1,1,2,0,0,0,0|0#1|0#2|0#3|0#4|0#5|0#6|0#7|0#8|0#9|0#10|0#11|0#12|0,0|0#1|0#2|0#3|0#4|0#5|0#6|0#7|0#8|0#9|0#10|0#11|0#12|0,0|0#1|0#2|0#3|0#4|0#5|0#6|0#7|0#8|0#9|0#10|0#11|0#12|0,
15|16,0,0,0,0,0,0,0,0,0,0,0,0,0,0,0,0,,,,
89|5,0,0,0,0,0,0,0,0,0,0,0,0,0,0,0,0,,,,
107|44,0,0,0,0,0,0,0,0,0,0,0,0,0,0,1,0,0|0#1|0#2|0#3|0#4|0#5|0#6|0#7|0#8|0#9|0#10|0#11|0#12|0,0|0#1|0#2|0#3|0#4|0#5|0#6|0#7|0#8|0#9|0#10|0#11|0#12|0,0|0#1|0#2|0#3|0#4|0#5|0#6|0#7|0#8|0#9|0#10|0#11|0#12|0,0|0#1|0#2|0#3|0#4|0#5|0#6|0#7|0#8|0#9|0#10|0#11|0#12|0
138|97,0,0,0,0,0,0,0,0,0,0,0,0,0,0,0,0,,,,
114|13,0,0,0,0,0,0,0,0,0,0,0,0,0,0,0,0,,,,
58|111,0,2,0,0,1,0,0,2,0,0,0,0,1,0,0,0,,,,
135|125,0,0,1,0,0,0,0,0,1,0,0,0,0,0,0,0,,,,
121|9,0,0,0,0,0,0,0,0,0,0,0,0,0,0,0,0,,,,
45|124,0,0,0,0,0,0,0,0,0,0,0,0,0,0,0,0,,,,
53|38,0,0,0,0,0,0,0,0,0,0,0,0,0,0,0,0,,,,
93|85,0,0,2,0,0,0,0,0,0,0,0,21,1,0,0,0,0|0#1|0#2|0#3|0#4|0#5|0#6|0#7|0#8|0#9|0#10|0#11|0#12|0,0|0#1|0#2|0#3|0#4|0#5|0#6|0#7|0#8|0#9|0#10|0#11|0#12|0,0|0#1|0#2|0#3|0#4|0#5|0#6|0#7|0#8|0#9|0#10|0#11|0#12|0,0|0#1|0#2|0#3|0#4|0#5|0#6|0#7|0#8|0#9|0#10|0#11|0#12|0
70|132,0,0,0,0,0,0,0,0,0,0,0,0,0,0,0,0,,,,
46|69,0,0,0,0,0,0,0,0,0,0,0,0,0,0,0,0,,,,
2|11,0,0,0,0,0,0,0,0,0,0,0,0,0,0,0,0,,,,
27|58,0,0,0,0,0,0,0,0,0,0,0,0,0,0,0,0,,,,
59|128,0,0,0,0,0,0,0,0,0,0,0,0,0,0,0,0,,,,
29|83,0,0,0,0,0,0,0,0,0,0,0,0,0,0,0,0,,,,
74|74,0,0,0,0,0,0,0,0,0,0,0,0,0,0,0,0,,,,
148|112,0,0,0,0,0,0,0,0,0,0,0,0,1,0,0,0,,,,
24|10,0,0,0,0,0,0,0,0,0,0,0,0,0,0,0,0,,,,
