100|126,3,0,2,0,0,1,0,1,1,0,1,2,0,0,0,0,,,,
89|115,0,1,0,0,0,0,0,1,8,0,1,0,1,0,0,0,,,,
76|128,0,0,0,0,0,0,0,0,0,0,0,0,0,0,0,0,,,,
62|124,0,0,0,0,0,0,0,0,0,0,0,0,0,0,0,0,,,,
24|129,0,0,0,0,0,0,0,0,0,0,0,0,0,0,0,0,,,,
113|113,0,0,1,0,0,0,0,0,1,0,0,0,1,0,0,0,,,,
152|125,0,0,0,0,0,0,0,0,0,0,0,0,1,0,0,0,,,,
37|116,0,0,0,0,0,0,0,0,0,0,0,0,0,0,0,0,,,,
89|79,0,1,0,0,0,0,0,0,0,0,0,0,0,0,0,0,0|0#1|0#2|0#3|3#4|2#5|2#6|2#7|1#8|1#9|2#10|1#11|2#12|0,0|0#1|0#2|0#3|2#4|1#5|0#6|0#7|0#8|0#9|1#10|1#11|0#12|0,0|0#1|0#2|0#3|2#4|2#5|1#6|2#7|1#8|2#9|2#10|2#11|2#12|0,0|0#1|0#2|0#3|2#4|0#5|0#6|0#7|0#8|1#9|1#10|1#11|0#12|0
129|18,0,0,0,0,0,0,0,0,0,0,0,0,0,0,0,0,,,,
148|29,0,0,0,0,0,1,0,0,0,0,0,0,0,0,0,0,,,,
1|122,0,0,0,0,0,0,0,0,0,0,0,0,0,0,0,0,,,,
98|73,33,11,44,6,3,2,3,11,2,0,4,35,5,0,0,0,0|0#1|0#2|0#3|4#4|3#5|2#6|2#7|3#8|3#9|3#10|3#11|3#12|0,0|0#1|0#2|0#3|3#4|2#5|2#6|2#7|1#8|1#9|2#10|2#11|2#12|0,0|0#1|0#2|0#3|4#4|2#5|2#6|3#7|3#8|3#9|3#10|3#11|3#12|0,0|0#1|0#2|0#3|2#4|2#5|2#6|2#7|1#8|2#9|2#10|2#11|2#12|0
10|125,0,0,0,0,0,0,0,0,0,0,0,0,0,0,0,0,,,,
67|20,0,0,0,0,0,0,0,1,2,0,0,0,0,0,0,0,,,,
86|31,0,0,0,0,0,0,0,0,0,0,0,0,0,0,0,0,,,,
138|12,0,0,0,0,0,0,0,0,0,0,0,0,0,0,0,0,,,,
23|112,0,0,0,0,0,0,0,0,0,0,0,0,0,0,0,0,,,,
75|111,0,0,0,0,0,0,0,0,0,0,0,0,0,0,0,0,,,,
126|100,0,0,6,0,1,2,2,1,0,0,3,2,1,0,0,0,,,0|0#1|0#2|0#3|0#4|0#5|0#6|0#7|0#8|0#9|0#10|0#11|0#12|0,
127|117,0,1,0,0,0,1,0,0,1,0,0,3,0,0,0,0,,,,
58|26,0,0,0,0,0,0,0,0,0,0,0,0,0,0,0,0,0|0#1|0#2|0#3|0#4|0#5|0#6|0#7|0#8|0#9|0#10|0#11|0#12|0,,,
2|139,0,0,0,0,0,0,0,0,0,0,0,0,0,0,0,0,,,,
79|62,1,0,2,1,0,0,1,1,0,0,0,1,0,0,0,0,0|0#1|0#2|0#3|0#4|0#5|0#6|0#7|0#8|0#9|0#10|0#11|0#12|0,0|0#1|0#2|0#3|0#4|0#5|0#6|0#7|0#8|0#9|0#10|0#11|0#12|0,0|0#1|0#2|0#3|0#4|0#5|1#6|0#7|0#8|0#9|0#10|0#11|0#12|0,0|0#1|0#2|0#3|0#4|0#5|0#6|0#7|0#8|0#9|0#10|0#11|0#12|0
39|15,0,0,0,0,0,0,0,0,0,0,0,0,0,0,0,0,,,,
78|6,0,0,0,0,0,0,0,0,0,0,0,0,0,0,0,0,,,,
77|37,0,0,0,0,0,0,0,0,0,0,0,0,0,0,0,0,,,0|0#1|0#2|0#3|0#4|0#5|0#6|0#7|0#8|0#9|0#10|0#11|0#12|0,
96|48,1,1,1,6,0,1,0,4,2,0,0,10,0,0,1,0,0|0#1|0#2|0#3|2#4|2#5|2#6|2#7|2#8|2#9|2#10|2#11|2#12|0,0|0#1|0#2|0#3|2#4|1#5|2#6|2#7|1#8|0#9|1#10|0#11|0#12|0,0|0#1|0#2|0#3|2#4|2#5|2#6|2#7|1#8|2#9|2#10|2#11|2#12|0,0|0#1|0#2|0#3|2#4|1#5|2#6|1#7|0#8|1#9|0#10|0#11|0#12|0
137|1,0,0,0,0,0,0,0,0,0,0,0,0,0,0,0,0,,,,
