25|131,0,0,0,0,0,0,0,0,0,0,0,0,0,0,0,0,,,,
12|144,0,0,0,0,0,0,0,0,0,0,0,0,0,0,0,0,,,,
115|132,1,0,0,0,0,0,0,1,1,0,0,0,0,0,0,0,,,,
59|34,0,0,0,0,0,0,0,0,0,0,0,0,0,0,1,0,,,,
25|2,0,0,0,0,0,0,0,0,0,0,0,0,0,0,0,0,,,,
110|85,0,0,0,0,0,0,0,0,0,0,0,1,1,0,0,0,0|0#1|0#2|0#3|0#4|0#5|0#6|0#7|0#8|0#9|0#10|0#11|0#12|0,0|0#1|0#2|0#3|0#4|0#5|0#6|0#7|0#8|0#9|0#10|0#11|0#12|0,0|0#1|0#2|0#3|0#4|0#5|0#6|0#7|0#8|0#9|0#10|0#11|0#12|0,
97|56,29,13,19,45,5,1,2,4,3,2,19,6,18,0,0,0,0|0#1|0#2|0#3|4#4|4#5|4#6|4#7|4#8|4#9|4#10|4#11|4#12|0,0|0#1|0#2|0#3|4#4|4#5|4#6|4#7|4#8|4#9|4#10|4#11|4#12|0,0|0#1|0#2|0#3|4#4|4#5|4#6|4#7|4#8|4#9|4#10|4#11|4#12|0,0|0#1|0#2|0#3|4#4|4#5|4#6|4#7|4#8|4#9|4#10|4#11|4#12|0
30|99,0,0,0,0,0,0,0,0,0,0,0,0,0,0,0,0,,,,
139|20,0,0,0,0,0,1,0,0,0,0,0,0,0,0,0,0,,,,
78|147,0,0,0,0,0,0,0,0,0,0,0,0,0,0,0,0,,,,
51|0,0,0,0,0,0,0,0,0,0,0,0,0,0,0,0,0,,,,
11|88,0,0,0,0,0,0,0,0,0,0,0,0,0,0,0,0,,,,
85|14,11,0,3,0,1,0,1,1,5,0,3,1,0,0,0,0,,,,
3|141,0,0,0,0,0,0,0,0,0,0,0,0,0,0,0,0,,,,
99|81,26,9,117,1,4,6,1,12,4,1,16,8,25,0,0,0,0|0#1|0#2|0#3|0#4|0#5|0#6|0#7|0#8|0#9|0#10|0#11|0#12|0,,0|0#1|0#2|0#3|0#4|0#5|0#6|0#7|0#8|0#9|0#10|0#11|0#12|0,
129|9,0,0,0,0,0,0,0,0,0,0,0,0,0,0,0,0,,,,
77|130,0,0,0,0,0,0,0,0,0,0,0,0,0,0,0,0,,,,
140|140,0,0,0,0,0,0,0,0,0,0,0,0,0,0,0,0,,,,
20|82,0,0,0,0,0,0,0,0,0,0,0,0,0,0,0,0,,,,
39|135,0,0,0,0,0,0,0,0,0,0,0,0,0,0,0,0,,,,
78|45,0,0,0,0,0,0,0,0,0,0,0,0,0,0,0,0,,,,
102|145,0,0,0,0,0,0,0,0,0,0,0,0,0,0,0,0,,,,
64|143,0,0,0,0,0,0,0,0,0,0,0,0,0,0,0,0,,,,
149|37,0,0,0,0,0,0,0,0,0,0,0,0,0,0,0,0,0|0#1|0#2|0#3|0#4|0#5|0#6|0#7|0#8|0#9|0#10|0#11|0#12|0,,0|0#1|0#2|0#3|0#4|0#5|0#6|0#7|0#8|0#9|0#10|0#11|0#12|0,
129|136,0,0,0,0,0,0,0,0,0,0,0,0,0,0,0,0,,,,
