136|22,0,0,0,0,0,0,0,0,0,0,0,0,0,0,0,0,,,,
123|105,0,0,0,0,0,0,0,0,0,0,0,0,0,0,0,0,,,,
110|118,0,0,0,0,0,0,1,0,1,0,0,0,0,0,0,0,,,,
75|47,0,0,0,0,0,0,0,0,0,0,0,0,0,0,0,0,,,,
8|57,0,0,0,0,0,0,0,0,0,0,0,0,0,0,0,0,,,,
47|108,0,0,0,0,0,0,0,0,0,0,0,0,0,0,0,0,,,,
84|41,0,0,0,0,0,0,0,0,0,0,0,0,0,0,0,0,,,,
146|39,0,0,0,0,0,0,0,0,0,0,0,0,0,0,0,0,,,,
96|83,0,0,0,0,0,0,0,1,0,0,0,0,0,0,0,0,,,,
137|109,0,0,0,0,0,0,0,0,0,0,0,0,0,0,0,0,,,,
108|17,0,0,0,0,0,0,0,0,0,0,0,0,0,0,0,0,,,,
77|72,1,0,0,0,0,0,0,0,0,0,0,0,0,0,0,0,,,,
151|7,0,0,0,0,0,0,0,0,0,0,0,2,0,0,0,0,,,,
20|117,0,0,0,0,0,0,0,0,0,0,0,0,0,0,0,0,,,,
87|89,0,0,0,0,0,0,0,0,0,0,0,0,0,0,0,0,0|0#1|0#2|0#3|0#4|0#5|0#6|0#7|0#8|0#9|0#10|0#11|0#12|0,,0|0#1|0#2|0#3|0#4|0#5|0#6|0#7|0#8|0#9|0#10|0#11|0#12|0,
58|61,1,0,0,0,0,0,1,0,1,0,0,2,0,0,0,0,,,,
99|107,0,0,0,0,0,0,0,0,0,0,0,0,0,0,0,0,,,,
127|28,0,0,0,0,0,0,0,0,0,0,0,0,0,0,0,0,,,,
49|67,0,0,0,0,0,0,0,0,0,0,0,0,0,0,0,0,,,,
91|10,0,0,0,0,0,0,0,0,0,0,0,0,0,0,0,0,,,,
94|58,5,0,845,2,6,11,1,2,3,1,9,3,7,0,0,0,0|0#1|0#2|0#3|4#4|4#5|4#6|4#7|4#8|4#9|4#10|4#11|4#12|0,0|0#1|0#2|0#3|4#4|4#5|4#6|4#7|4#8|4#9|4#10|4#11|4#12|0,0|0#1|0#2|0#3|4#4|4#5|4#6|4#7|4#8|4#9|4#10|4#11|4#12|0,0|0#1|0#2|0#3|4#4|4#5|4#6|4#7|4#8|4#9|4#10|4#11|4#12|0
82|16,0,0,0,0,0,0,0,0,0,0,0,2,0,0,0,0,,,,
18|14,0,0,0,0,0,0,0,0,0,0,0,0,0,0,0,0,,,,
117|11,0,0,0,0,0,0,0,0,0,0,0,0,0,0,0,0,,,,
68|78,0,0,0,0,0,0,0,0,0,0,0,0,0,0,0,0,,,,
125|9,0,0,0,0,0,0,0,0,1,0,0,0,0,0,0,0,,,,
33|104,0,0,0,0,0,0,0,0,0,0,0,0,0,0,0,0,,,,
21|2,0,0,0,0,0,0,0,0,0,0,0,0,0,0,0,0,,,,
56|36,0,0,0,0,0,0,0,0,0,0,0,2,1,0,0,0,,,,
39|50,0,0,0,0,0,0,0,0,1,0,0,0,0,0,0,0,,,,
148|64,0,0,0,0,0,1,0,0,0,0,1,0,0,0,0,0,,,,
129|53,0,0,0,0,0,0,0,0,0,0,0,0,0,0,0,0,,,,
37|25,0,0,0,0,0,0,0,0,0,0,0,3,4,0,0,0,,,,
72|116,0,0,0,0,0,0,0,0,0,0,0,0,0,0,0,0,,,,
65|30,0,0,0,0,0,0,0,0,0,0,0,6,1,0,0,0,,,,
85|103,0,0,0,0,0,0,0,0,0,0,0,0,0,0,0,0,0|0#1|0#2|0#3|0#4|0#5|0#6|0#7|0#8|0#9|0#10|0#11|0#12|0,,0|0#1|0#2|0#3|0#4|0#5|0#6|0#7|0#8|0#9|0#10|0#11|0#12|0,0|0#1|0#2|0#3|0#4|0#5|0#6|0#7|0#8|0#9|0#10|0#11|0#12|0
