115|83,0,0,0,0,0,0,0,0,0,0,0,2,0,0,0,0,0|0#1|0#2|0#3|0#4|0#5|0#6|0#7|0#8|0#9|0#10|0#11|0#12|0,0|0#1|0#2|0#3|0#4|0#5|0#6|0#7|0#8|0#9|0#10|0#11|0#12|0,0|0#1|0#2|0#3|0#4|0#5|0#6|0#7|0#8|0#9|0#10|0#11|0#12|0,0|0#1|0#2|0#3|0#4|0#5|0#6|0#7|0#8|0#9|0#10|0#11|0#12|0
120|27,0,0,0,0,0,0,0,0,0,0,0,0,1,0,0,0,,,,
35|97,0,0,0,0,0,0,0,0,0,0,0,0,0,0,0,0,,,,
132|142,0,0,0,0,0,0,0,0,0,0,0,0,0,0,0,0,,,,
25|80,0,0,0,0,0,0,0,0,0,0,0,0,0,0,0,0,,,,
17|133,0,0,0,0,0,0,0,0,0,0,0,0,0,0,0,0,,,,
61|77,19,2,61,5,3,2,4,5,10,0,24,1,5,0,0,0,0|0#1|0#2|0#3|0#4|0#5|0#6|0#7|0#8|0#9|0#10|0#11|0#12|0,,0|0#1|0#2|0#3|0#4|0#5|0#6|0#7|0#8|0#9|0#10|0#11|0#12|0,
56|145,0,0,0,0,0,0,0,0,0,0,0,0,0,0,0,0,,,,
1|56,0,0,0,0,0,0,0,0,0,0,0,0,0,0,0,0,,,,
132|69,0,0,0,0,0,0,0,0,0,0,0,0,0,0,0,0,,,,
101|16,0,0,0,0,0,0,0,0,0,0,0,0,0,0,0,0,,,,
146|146,1,0,1,0,0,0,0,2,1,0,1,2,1,0,0,0,,,,
8|130,0,0,0,0,0,0,0,0,0,0,0,0,0,0,0,0,,,,
9|147,0,0,0,0,0,0,0,0,0,0,0,0,0,0,0,0,,,,
49|2,0,0,0,0,0,0,0,0,0,0,0,0,0,0,0,0,,,,
69|132,0,0,0,0,0,0,0,0,0,0,0,0,0,0,0,0,,,,
3|81,0,0,0,0,0,0,0,0,0,0,0,0,0,0,0,0,,,,
134|94,0,0,0,0,0,0,0,0,0,0,0,0,0,0,0,0,,,,
42|141,0,0,0,0,0,0,0,0,0,0,0,0,0,0,0,0,,,,
11|13,0,0,0,0,0,0,0,0,0,0,0,0,0,0,0,0,,,,
103|41,0,0,0,0,0,0,0,0,0,0,0,0,0,0,0,0,0|0#1|0#2|0#3|0#4|0#5|0#6|0#7|0#8|0#9|0#10|0#11|0#12|0,0|0#1|0#2|0#3|0#4|0#5|0#6|0#7|0#8|0#9|0#10|0#11|0#12|0,0|0#1|0#2|0#3|0#4|0#5|0#6|0#7|0#8|0#9|0#10|0#11|0#12|0,0|0#1|0#2|0#3|0#4|0#5|0#6|0#7|0#8|0#9|0#10|0#11|0#12|0
122|52,0,0,0,0,0,0,0,2,0,0,0,0,0,0,0,0,,0|0#1|0#2|0#3|0#4|0#5|0#6|0#7|0#8|0#9|0#10|0#11|0#12|0,,0|0#1|0#2|0#3|0#4|0#5|0#6|0#7|0#8|0#9|0#10|0#11|0#12|0
8|1,0,0,0,0,0,0,0,3,1,0,0,0,0,0,0,0,,,,
94|140,0,0,0,0,0,0,0,0,0,0,0,0,0,0,0,0,,,,
23|55,0,0,0,0,0,0,0,0,0,0,0,0,0,0,0,0,,,,
44|91,0,1,0,0,0,0,0,0,0,0,0,0,0,0,0,0,0|0#1|0#2|0#3|0#4|0#5|0#6|1#7|2#8|1#9|0#10|0#11|0#12|0,0|0#1|0#2|0#3|0#4|0#5|0#6|0#7|1#8|0#9|0#10|0#11|0#12|0,0|0#1|0#2|0#3|0#4|0#5|0#6|2#7|1#8|1#9|0#10|0#11|0#12|0,0|0#1|0#2|0#3|0#4|0#5|0#6|0#7|1#8|0#9|0#10|0#11|0#12|0
110|10,0,0,0,0,0,0,0,0,0,0,0,0,0,0,0,0,,,,
106|89,0,0,0,0,0,0,1,1,0,0,0,2,0,0,0,0,0|0#1|0#2|0#3|0#4|0#5|0#6|0#7|0#8|0#9|0#10|0#11|0#12|0,,,
141|63,0,0,0,0,0,0,0,0,0,0,0,0,0,0,0,0,0|0#1|0#2|0#3|0#4|0#5|0#6|0#7|0#8|0#9|0#10|0#11|0#12|0,,0|0#1|0#2|0#3|0#4|0#5|0#6|0#7|0#8|0#9|0#10|0#11|0#12|0,
42|66,0,0,0,0,0,0,0,0,0,0,0,0,0,0,0,0,,,,
51|60,0,0,0,0,0,0,0,1,1,0,0,1,0,0,0,0,,,,
80|88,0,0,1,0,0,4,1,0,2,0,4,1,2,0,0,0,,0|0#1|0#2|0#3|0#4|0#5|0#6|0#7|0#8|0#9|0#10|0#11|0#12|0,,0|0#1|0#2|0#3|0#4|0#5|0#6|0#7|0#8|0#9|0#10|0#11|0#12|0
107|134,0,0,0,0,0,0,0,0,0,0,0,0,0,0,0,0,,,,
75|0,4,0,2,1,0,0,0,0,0,0,1,0,3,0,0,0,,,,
30|24,0,0,0,0,0,0,0,0,0,0,0,0,0,0,0,0,,0|0#1|0#2|0#3|0#4|0#5|0#6|0#7|0#8|0#9|0#10|0#11|0#12|0,,
70|71,0,0,0,0,0,0,0,0,1,0,0,0,0,0,0,0,0|0#1|0#2|0#3|0#4|0#5|0#6|0#7|0#8|0#9|0#10|0#11|0#12|0,,0|0#1|0#2|0#3|0#4|0#5|0#6|0#7|0#8|0#9|0#10|0#11|0#12|0,
16|86,0,0,0,0,0,0,0,0,0,0,0,0,0,0,0,0,,,,
113|58,0,0,0,0,0,0,0,0,0,0,0,0,0,0,0,0,,0|0#1|0#2|0#3|0#4|0#5|0#6|0#7|0#8|0#9|0#10|0#11|0#12|0,,0|0#1|0#2|0#3|0#4|0#5|0#6|0#7|0#8|0#9|0#10|0#11|0#12|0
