7|27,0,0,0,0,0,0,0,0,0,0,0,0,0,0,0,0,,,,
48|37,0,0,0,0,0,0,0,0,0,0,0,0,0,0,0,0,,,,
74|17,0,0,0,0,0,0,0,0,0,0,0,0,0,0,0,0,,,,
86|59,0,1,0,0,0,1,0,0,0,0,0,11,0,0,0,0,0|0#1|0#2|0#3|1#4|1#5|0#6|0#7|0#8|1#9|0#10|0#11|1#12|0,0|0#1|0#2|0#3|0#4|0#5|0#6|0#7|0#8|0#9|0#10|0#11|0#12|0,0|0#1|0#2|0#3|1#4|0#5|0#6|0#7|0#8|1#9|0#10|1#11|0#12|0,0|0#1|0#2|0#3|0#4|0#5|0#6|0#7|0#8|0#9|0#10|0#11|0#12|0
35|110,0,0,0,0,0,0,0,0,0,0,0,0,0,0,0,0,,,,
38|20,0,0,0,0,0,0,0,0,0,0,0,0,0,0,0,0,,,,
57|31,0,0,0,0,0,0,0,0,0,0,0,0,0,0,0,0,,0|0#1|0#2|0#3|0#4|0#5|0#6|0#7|0#8|0#9|0#10|0#11|0#12|0,,0|0#1|0#2|0#3|0#4|0#5|0#6|0#7|0#8|0#9|0#10|0#11|0#12|0
29|26,0,0,0,0,0,0,0,2,0,0,0,0,0,0,0,0,0|0#1|0#2|0#3|0#4|0#5|0#6|0#7|0#8|0#9|0#10|0#11|0#12|0,,,
135|4,0,0,0,0,0,0,0,0,0,0,0,0,0,0,0,0,,,,
76|9,0,0,0,0,0,0,0,0,0,0,0,1,0,0,0,0,,,,
75|139,0,0,0,0,0,0,0,0,0,0,0,0,0,0,0,0,,,,
49|114,0,0,0,0,0,0,0,0,0,0,0,0,0,0,0,0,,,,
147|34,0,0,0,0,0,0,0,0,0,0,0,0,0,0,0,0,,,,
88|84,0,0,0,0,0,0,0,3,0,0,0,0,0,0,0,0,,,,
36|127,0,0,0,0,0,0,0,0,0,0,0,0,0,0,0,0,,,,
109|12,0,0,0,0,0,0,0,0,0,0,0,0,1,0,0,0,,,,
109|6,0,0,0,0,0,0,0,0,0,0,0,0,0,0,0,0,,,,
83|11,0,0,0,0,0,0,0,0,0,0,0,0,0,0,0,0,,,,
22|123,0,0,0,0,0,0,0,0,0,0,0,0,0,0,0,0,,,,
9|52,0,0,0,0,0,0,0,0,0,0,0,0,0,0,0,0,,,,
112|124,0,0,0,0,0,1,0,0,1,0,0,0,0,0,0,0,,,,
93|28,0,0,0,0,0,0,0,0,0,0,0,0,0,0,0,0,,,,
76|42,0,0,0,0,0,0,0,0,0,0,0,0,0,0,0,0,,,,
128|23,0,0,0,0,0,0,0,0,0,0,0,0,0,0,0,0,,,,
119|29,0,0,0,0,0,0,0,0,0,0,0,0,0,0,0,0,,,,
126|128,1,0,6,0,0,0,0,0,0,0,0,0,0,0,0,0,,,,
151|136,0,0,0,0,0,0,0,0,0,0,0,0,0,0,0,0,,,,
0|133,0,0,0,0,0,0,0,0,0,0,0,0,0,0,0,0,,,,
61|135,0,0,0,0,0,0,0,0,0,0,0,0,0,0,0,0,,,,
67|48,3,1,22,4,0,0,2,1,1,0,4,6,5,0,0,0,0|0#1|0#2|0#3|0#4|0#5|0#6|0#7|0#8|0#9|0#10|0#11|0#12|0,,0|0#1|0#2|0#3|0#4|0#5|0#6|0#7|0#8|0#9|0#10|0#11|0#12|0,
69|73,2,0,0,0,0,0,0,0,0,0,0,0,0,0,0,0,,,,
95|53,1,1,4,4,0,3,0,1,1,0,0,4,11,1,0,0,0|0#1|0#2|0#3|4#4|4#5|4#6|4#7|4#8|4#9|4#10|4#11|4#12|0,0|0#1|0#2|0#3|4#4|4#5|4#6|4#7|4#8|4#9|4#10|3#11|4#12|0,0|0#1|0#2|0#3|4#4|4#5|4#6|4#7|4#8|4#9|4#10|4#11|4#12|0,0|0#1|0#2|0#3|4#4|4#5|4#6|4#7|4#8|4#9|4#10|4#11|4#12|0
88|126,0,0,0,0,0,0,0,0,0,0,0,0,0,0,0,0,,,,
139|115,0,0,0,0,0,0,0,0,0,0,0,0,0,0,0,0,,,,
74|122,0,0,0,0,0,0,0,0,0,0,0,0,0,0,0,0,,,,
125|111,0,0,0,0,0,0,0,0,0,0,0,0,0,0,0,0,,,,
