6|28,0,0,0,0,0,0,0,0,0,0,0,0,0,0,0,0,,,,
110|114,92,16,52,5,4,4,2,37,3,4,33,8,0,0,0,0,,,,
73|18,0,0,0,0,0,0,0,0,0,0,0,0,0,0,0,0,,,,
37|21,0,0,0,0,0,0,0,0,0,0,0,0,0,0,0,0,,,,
99|103,0,0,0,0,0,0,0,0,0,0,0,0,0,0,0,0,,,,
86|116,0,1,0,0,0,0,1,8,0,0,0,0,0,0,0,0,,,,
137|105,0,0,0,0,0,0,0,0,0,0,0,0,0,0,0,0,,,,
123|101,0,0,0,0,0,0,0,0,0,0,0,0,0,0,0,0,,,,
92|29,0,0,0,0,0,0,0,0,0,0,0,0,0,0,0,0,,,,
92|8,0,0,0,0,0,0,0,0,0,0,0,0,0,0,0,0,,,,
33|100,0,0,0,0,0,0,0,0,0,0,0,0,0,0,0,0,,,,
148|60,0,0,0,0,0,0,0,0,0,0,0,0,0,0,0,0,,,,
151|3,14,14,7,5,0,5,2,9,5,2,8,6,3,1,0,0,,,,
68|74,2,0,0,0,0,0,0,0,0,0,0,0,0,0,0,0,,,,
94|54,7,2,1,8,0,3,0,7,1,1,3,2,11,0,0,0,0|0#1|0#2|0#3|4#4|4#5|4#6|4#7|4#8|4#9|4#10|4#11|4#12|0,0|0#1|0#2|0#3|4#4|4#5|4#6|4#7|4#8|3#9|3#10|3#11|3#12|0,0|0#1|0#2|0#3|4#4|4#5|4#6|4#7|4#8|4#9|4#10|4#11|4#12|0,0|0#1|0#2|0#3|4#4|3#5|4#6|3#7|3#8|3#9|3#10|3#11|3#12|0
73|129,0,0,0,0,0,0,0,0,0,0,0,0,0,0,0,0,,,,
47|38,0,0,0,0,0,0,0,0,0,0,0,0,0,0,0,0,,,,
124|118,0,0,0,0,0,0,0,0,0,0,0,0,0,0,0,0,,,,
75|43,8,3,29,3,5,1,2,3,14,0,5,1,1,0,0,0,,,,
28|27,0,0,0,0,0,0,0,1,0,0,0,1,0,0,0,0,0|0#1|0#2|0#3|0#4|0#5|0#6|0#7|0#8|0#9|0#10|0#11|0#12|0,,0|0#1|0#2|0#3|0#4|0#5|0#6|0#7|0#8|0#9|0#10|0#11|0#12|0,
139|66,0,0,0,0,0,0,0,0,0,0,0,0,0,0,0,0,,,,
108|13,0,0,0,0,0,1,0,0,0,0,0,0,1,0,0,0,,,,
66|49,0,0,0,0,0,0,0,0,0,0,0,0,0,0,0,0,,,,
56|32,0,0,0,0,0,0,0,0,0,0,0,0,0,0,0,0,0|0#1|0#2|0#3|0#4|0#5|0#6|0#7|0#8|0#9|0#10|0#11|0#12|0,,,
20|113,0,0,0,0,0,0,0,0,0,0,0,0,0,0,0,0,,,,
34|117,0,0,0,0,0,0,0,0,0,0,0,0,0,0,0,0,,,,
146|35,0,0,0,0,0,0,0,0,0,0,0,0,0,0,0,0,,,,
72|112,0,0,3,0,1,1,1,0,0,0,3,0,2,0,0,0,,,,
87|85,0,0,0,0,0,0,0,0,0,0,0,0,0,0,0,0,,,,
127|24,0,0,0,0,0,0,0,0,0,0,0,0,0,0,0,0,,,0|0#1|0#2|0#3|0#4|0#5|0#6|0#7|0#8|0#9|0#10|0#11|0#12|0,
8|53,0,0,0,0,0,0,0,0,0,0,0,0,0,0,0,0,,,,
49|63,0,0,0,0,0,0,0,2,0,0,0,2,1,0,0,0,,,,
82|12,0,2,0,0,0,0,0,0,0,0,0,1,1,0,0,0,,,,
125|5,0,0,0,0,0,0,0,0,0,0,0,0,0,0,0,0,,,,
18|10,0,0,0,0,0,0,0,0,0,0,0,0,0,0,0,0,,,,
47|104,0,0,0,0,0,0,0,0,0,0,0,0,0,0,0,0,,,,
