58|49,0,0,0,0,0,0,0,0,0,0,0,0,0,0,1,0,0|0#1|0#2|0#3|0#4|0#5|0#6|0#7|0#8|0#9|0#10|0#11|0#12|0,0|0#1|0#2|0#3|0#4|0#5|0#6|0#7|0#8|0#9|0#10|0#11|0#12|0,0|0#1|0#2|0#3|0#4|0#5|0#6|0#7|0#8|0#9|0#10|0#11|0#12|0,0|0#1|0#2|0#3|0#4|0#5|0#6|0#7|0#8|0#9|0#10|0#11|0#12|0
48|32,0,0,0,0,0,0,0,0,0,0,0,0,0,0,0,0,,,,
119|24,2,1,0,0,0,0,0,11,0,0,0,0,0,0,0,0,0|0#1|0#2|0#3|0#4|0#5|0#6|0#7|0#8|0#9|0#10|0#11|0#12|0,,,
9|5,0,0,0,0,0,0,0,0,0,0,0,0,0,0,0,0,,,,
29|21,0,0,0,0,0,0,0,0,0,0,0,0,0,0,0,0,,,,
139|110,0,0,0,0,0,0,0,0,0,0,0,0,0,0,0,0,,,,
65|18,0,0,0,0,0,0,0,0,0,0,0,0,0,0,0,0,,,,
62|147,0,0,0,0,0,0,0,0,0,0,0,0,0,0,0,0,,,,
89|138,0,0,0,0,0,0,0,0,0,0,0,0,0,0,0,0,,,,
75|134,0,0,0,0,0,0,0,0,0,0,0,0,0,0,0,0,,,,
76|4,0,0,0,0,0,0,0,0,0,0,0,0,0,0,0,0,,,,
93|23,0,0,0,0,0,0,0,0,0,0,0,0,0,0,0,0,,,,
79|85,0,0,0,0,0,0,0,1,0,0,0,0,0,0,0,0,,,,
151|131,0,0,0,0,0,0,0,0,0,0,0,0,0,0,0,0,,,,
36|122,0,0,0,0,0,0,0,0,0,0,0,0,0,0,0,0,,,,
37|139,0,0,0,0,0,0,0,0,0,0,0,0,0,0,0,0,,,,
126|123,0,0,0,0,0,0,0,0,0,0,0,0,0,0,0,0,,,,
7|22,0,0,0,0,0,0,0,2,0,0,0,0,0,0,0,0,,,,
109|1,0,0,0,0,0,0,0,0,0,0,0,0,0,0,0,0,,,,
84|29,0,0,0,0,0,0,0,2,0,0,0,0,0,0,0,0,0|0#1|0#2|0#3|0#4|0#5|0#6|0#7|0#8|0#9|0#10|0#11|0#12|0,0|0#1|0#2|0#3|0#4|0#5|0#6|0#7|0#8|0#9|0#10|0#11|0#12|0,,0|0#1|0#2|0#3|0#4|0#5|0#6|0#7|0#8|0#9|0#10|0#11|0#12|0
39|38,0,0,0,0,0,0,0,0,0,0,0,1,0,0,0,0,,,,
23|135,0,0,0,0,0,0,0,0,0,0,0,0,0,0,0,0,,,,
113|136,3,2,1,6,0,0,0,2,2,0,0,2,3,0,0,0,,,,
98|96,0,0,0,0,0,0,0,0,0,0,0,0,0,0,0,0,,,,
61|130,0,0,0,0,0,0,0,0,0,0,0,0,0,0,0,0,,,,
138|35,0,0,0,0,0,0,0,0,0,0,0,0,0,0,0,0,,,,
88|121,0,0,0,0,0,0,0,0,0,0,0,0,0,0,0,0,,,,
86|54,25,15,16,17,7,0,3,6,2,0,5,6,4,0,0,0,0|0#1|0#2|0#3|4#4|3#5|2#6|2#7|2#8|2#9|2#10|2#11|2#12|0,0|0#1|0#2|0#3|3#4|2#5|0#6|2#7|2#8|2#9|2#10|2#11|2#12|0,0|0#1|0#2|0#3|4#4|2#5|2#6|2#7|2#8|2#9|2#10|2#11|3#12|0,0|0#1|0#2|0#3|3#4|1#5|1#6|2#7|2#8|2#9|2#10|2#11|2#12|0
1|145,0,0,0,0,0,0,0,0,0,0,0,0,0,0,0,0,,,,
74|12,0,0,0,0,0,0,0,0,0,0,0,0,0,0,0,0,,,,
67|43,0,0,0,0,0,0,0,0,0,0,0,0,0,0,0,0,,,,
