49|13,0,0,0,0,0,0,0,0,0,0,0,10,0,0,0,0,,,,
139|16,0,0,0,0,0,0,0,0,0,0,0,0,0,0,0,0,,,,
100|64,320,88,646,9,41,43,26,60,37,115,245,332,90,14,0,0,0|0#1|0#2|0#3|4#4|4#5|4#6|4#7|4#8|4#9|4#10|4#11|4#12|0,0|0#1|0#2|0#3|4#4|4#5|4#6|4#7|4#8|4#9|4#10|4#11|4#12|0,0|0#1|0#2|0#3|4#4|4#5|4#6|4#7|4#8|4#9|4#10|4#11|4#12|0,0|0#1|0#2|0#3|4#4|4#5|4#6|4#7|4#8|4#9|4#10|4#11|4#12|0
128|115,7,9,45,7,7,1,3,3,1,4,5,17,3,0,0,0,,,,
24|110,0,0,0,0,0,0,0,0,0,0,0,0,0,0,0,0,,,,
114|111,0,0,0,0,0,0,0,0,0,0,0,0,0,0,0,0,,,,
99|77,0,0,2,0,0,0,1,0,1,0,0,1,2,0,0,0,0|0#1|0#2|0#3|2#4|2#5|2#6|2#7|2#8|2#9|2#10|1#11|2#12|0,0|0#1|0#2|0#3|0#4|1#5|1#6|1#7|2#8|0#9|1#10|0#11|0#12|0,0|0#1|0#2|0#3|2#4|2#5|2#6|2#7|2#8|2#9|1#10|2#11|2#12|0,0|0#1|0#2|0#3|1#4|2#5|2#6|1#7|1#8|1#9|0#10|0#11|0#12|0
148|10,0,0,0,0,0,0,0,0,0,0,0,0,0,0,0,0,,,,
89|60,10,2,39,10,0,3,5,7,0,0,13,16,1,0,0,0,0|0#1|0#2|0#3|4#4|4#5|4#6|4#7|4#8|4#9|4#10|4#11|4#12|0,0|0#1|0#2|0#3|3#4|3#5|3#6|2#7|2#8|2#9|2#10|2#11|2#12|0,0|0#1|0#2|0#3|4#4|4#5|4#6|4#7|4#8|4#9|4#10|4#11|4#12|0,0|0#1|0#2|0#3|3#4|3#5|3#6|2#7|2#8|2#9|2#10|2#11|2#12|0
2|120,0,0,0,0,0,0,0,0,0,0,0,0,0,0,0,0,,,,
115|128,0,0,0,0,0,0,0,0,0,0,0,0,0,0,0,0,,,,
3|137,0,0,0,0,0,0,0,0,0,0,0,0,0,0,0,0,,,,
17|0,0,0,0,0,0,0,0,0,0,0,0,0,0,0,0,0,,,,
20|78,0,0,0,0,0,0,0,2,0,0,0,0,0,0,0,0,,,,
77|126,0,0,0,0,0,0,0,0,0,0,0,0,0,0,0,0,,,,
63|122,0,0,0,0,0,0,0,0,0,0,0,0,0,0,0,0,,,,
147|5,0,0,0,0,0,0,0,0,0,0,0,0,0,0,0,0,,,,
64|139,0,0,0,0,0,0,0,0,0,0,0,0,0,0,0,0,,,,
87|35,0,0,0,0,0,0,0,0,0,0,0,0,0,0,0,0,,,,0|0#1|0#2|0#3|0#4|0#5|0#6|0#7|0#8|0#9|0#10|0#11|0#12|0
11|123,0,0,0,0,0,0,0,0,0,0,0,0,0,0,0,0,,,,
101|124,1,0,7,0,4,1,1,0,0,0,2,1,0,0,0,0,,,,
50|135,0,0,0,0,0,0,0,0,0,0,0,0,0,0,0,0,,,,
68|24,0,0,0,0,0,0,0,0,0,0,0,0,0,0,0,0,,,,
25|127,0,0,0,0,0,0,0,0,0,0,0,0,0,0,0,0,,,,
38|114,0,0,0,0,0,0,0,0,0,0,0,0,0,0,0,0,,,,
10|61,0,0,0,0,0,0,0,0,0,0,0,0,0,0,0,0,,,,
140|136,0,1,0,3,0,0,1,1,1,0,0,4,1,0,0,0,,,,
