24|75,0,0,0,0,0,0,0,0,0,0,0,0,0,0,0,0,,,,
105|118,0,0,0,0,0,0,0,0,0,0,0,3,2,0,0,0,,,,
67|116,0,0,0,0,0,0,0,0,0,0,0,0,0,0,0,0,,,,
118|105,0,0,0,0,0,0,0,0,0,0,0,0,0,0,0,0,,,,
121|47,0,0,0,0,0,0,0,0,0,0,0,0,0,0,0,0,,,,
102|36,0,0,0,0,0,0,0,0,0,0,0,0,0,0,0,0,0|0#1|0#2|0#3|0#4|0#5|0#6|0#7|0#8|0#9|0#10|0#11|0#12|0,0|0#1|0#2|0#3|0#4|0#5|0#6|0#7|0#8|0#9|0#10|0#11|0#12|0,0|0#1|0#2|0#3|0#4|0#5|0#6|0#7|0#8|0#9|0#10|0#11|0#12|0,0|0#1|0#2|0#3|0#4|0#5|0#6|0#7|0#8|0#9|0#10|0#11|0#12|0
30|6,0,0,0,0,0,0,0,0,0,0,0,1,0,0,0,0,,,,
15|117,0,0,0,0,0,0,0,0,0,0,0,0,0,0,0,0,,,,
40|125,0,0,0,0,0,0,0,0,0,0,0,0,0,0,0,0,,,,
6|114,0,0,0,0,0,0,0,0,0,0,0,0,0,0,0,0,,,,
52|80,0,2,0,0,0,0,0,0,0,0,0,0,0,0,0,0,,,,
12|33,0,0,0,0,0,0,0,0,0,0,0,0,0,0,0,0,,,,
92|124,0,0,0,0,0,0,0,0,0,0,0,0,0,0,0,0,,,,
28|104,0,0,0,0,0,0,0,0,0,0,0,0,0,0,0,0,,,,
53|112,0,0,0,0,0,0,0,0,0,0,0,0,0,0,0,0,,,,
142|83,0,0,0,0,0,0,0,0,0,0,0,0,0,0,0,0,,,,
123|72,0,0,0,0,0,0,0,0,0,0,0,0,0,0,0,0,,0|0#1|0#2|0#3|0#4|0#5|0#6|0#7|0#8|0#9|0#10|0#11|0#12|0,,0|0#1|0#2|0#3|0#4|0#5|0#6|0#7|0#8|0#9|0#10|0#11|0#12|0
114|78,1,3,1,0,0,0,0,4,0,0,1,1,2,0,0,0,0|0#1|0#2|0#3|0#4|0#5|0#6|0#7|0#8|0#9|0#10|0#11|0#12|0,,0|0#1|0#2|0#3|0#4|0#5|0#6|0#7|0#8|0#9|0#10|0#11|0#12|0,
104|61,40,34,68,4,13,20,6,17,0,2,50,5,22,0,0,0,0|0#1|0#2|0#3|4#4|4#5|4#6|4#7|4#8|4#9|4#10|4#11|4#12|0,0|0#1|0#2|0#3|4#4|4#5|4#6|4#7|4#8|4#9|4#10|4#11|4#12|0,0|0#1|0#2|0#3|4#4|4#5|4#6|4#7|4#8|4#9|4#10|4#11|4#12|0,0|0#1|0#2|0#3|4#4|4#5|4#6|4#7|4#8|4#9|4#10|4#11|4#12|0
111|30,0,0,0,0,0,0,0,0,0,0,0,0,0,0,0,0,0|0#1|0#2|0#3|0#4|0#5|0#6|0#7|0#8|0#9|0#10|0#11|0#12|0,0|0#1|0#2|0#3|0#4|0#5|0#6|0#7|0#8|0#9|0#10|0#11|0#12|0,0|0#1|0#2|0#3|0#4|0#5|0#6|0#7|0#8|0#9|0#10|0#11|0#12|0,0|0#1|0#2|0#3|0#4|0#5|0#6|0#7|0#8|0#9|0#10|0#11|0#12|0
104|101,0,0,1,0,0,0,0,0,0,0,0,0,0,0,0,0,,,,
143|113,0,0,0,0,0,0,0,0,0,0,0,0,0,0,0,0,,,,
43|86,0,0,0,0,0,0,0,0,0,0,0,0,0,0,0,0,,,,
2|76,0,0,0,0,0,0,0,0,0,0,0,0,0,0,0,0,,,,
130|41,0,0,0,0,0,0,0,0,0,0,0,0,0,0,0,0,,,,
130|126,0,0,0,0,0,0,0,0,0,0,0,0,0,0,0,0,,,,
140|58,0,0,0,0,0,0,0,0,0,0,0,1,1,0,0,0,,,,
54|129,0,0,0,0,0,0,0,0,0,0,0,0,0,0,0,0,,,,
133|89,0,0,0,0,0,0,0,0,0,0,0,0,1,0,0,0,,0|0#1|0#2|0#3|0#4|0#5|0#6|0#7|0#8|0#9|0#10|0#11|0#12|0,,0|0#1|0#2|0#3|0#4|0#5|0#6|0#7|0#8|0#9|0#10|0#11|0#12|0
31|44,0,0,0,0,0,0,0,0,0,0,0,0,0,0,0,0,,,,
14|100,0,0,0,0,0,0,0,0,0,0,0,0,0,0,0,0,,,,
50|55,1,1,0,1,0,0,0,0,0,0,0,6,5,0,0,0,0|0#1|0#2|0#3|0#4|0#5|0#6|0#7|0#8|0#9|0#10|0#11|0#12|0,0|0#1|0#2|0#3|0#4|0#5|0#6|0#7|0#8|0#9|0#10|0#11|0#12|0,0|0#1|0#2|0#3|0#4|0#5|0#6|0#7|0#8|0#9|0#10|0#11|0#12|0,0|0#1|0#2|0#3|0#4|0#5|0#6|0#7|0#8|0#9|0#10|0#11|0#12|0
71|91,0,0,0,0,0,1,0,0,0,0,0,0,0,0,0,0,,,,
62|97,0,0,0,0,0,0,0,0,0,0,0,0,0,0,0,0,,,,
