141|60,0,0,0,0,0,0,0,0,0,0,0,0,0,0,0,0,,,,
17|130,0,0,0,0,0,0,0,0,0,0,0,0,0,0,0,0,,,,
42|63,0,0,0,0,0,0,0,0,1,0,0,0,0,0,0,0,,,,
56|142,0,0,0,0,0,0,0,0,0,0,0,0,0,0,0,0,,,,
107|131,0,0,0,0,0,0,0,0,0,0,0,0,0,0,0,0,,,,
115|80,0,0,0,0,0,0,0,0,0,0,0,1,0,0,0,0,0|0#1|0#2|0#3|0#4|0#5|0#6|0#7|0#8|0#9|0#10|0#11|0#12|0,,0|0#1|0#2|0#3|0#4|0#5|0#6|0#7|0#8|0#9|0#10|0#11|0#12|0,
14|58,0,0,0,0,0,0,0,4,0,0,1,0,0,0,0,0,,,,
16|83,0,0,0,0,0,0,0,0,0,0,0,0,0,0,0,0,,,,
91|107,1,1,0,1,0,2,0,0,0,0,0,3,4,1,0,0,,,,
101|13,0,0,1,0,0,0,0,1,1,0,0,0,1,0,0,0,,,,
9|144,0,0,0,0,0,0,0,0,0,0,0,0,0,0,0,0,,,,
30|21,0,0,0,0,0,0,0,0,0,0,0,0,0,0,0,0,,,,
134|91,0,1,0,0,0,0,0,1,0,0,0,0,0,0,0,0,,,0|0#1|0#2|0#3|0#4|0#5|0#6|0#7|0#8|0#9|0#10|0#11|0#12|0,
1|53,0,0,0,0,0,0,0,0,0,0,0,0,0,0,0,0,,,,
33|69,0,0,0,0,0,0,0,0,0,0,0,0,0,0,0,0,,,,
151|77,0,0,0,0,0,0,0,0,0,0,0,0,0,0,0,0,,,,
21|27,0,0,0,0,0,0,0,0,0,0,0,0,0,0,0,0,,,,
61|74,0,0,1,0,0,1,0,0,1,0,0,0,0,0,0,0,,,,
106|86,0,0,0,0,0,0,0,0,0,0,0,0,0,0,0,0,,,,
113|55,0,0,0,0,1,0,0,0,0,0,0,0,4,0,0,0,0|0#1|0#2|0#3|0#4|0#5|0#6|0#7|0#8|0#9|0#10|0#11|0#12|0,0|0#1|0#2|0#3|0#4|0#5|0#6|0#7|0#8|0#9|0#10|0#11|0#12|0,,0|0#1|0#2|0#3|0#4|0#5|0#6|0#7|0#8|0#9|0#10|0#11|0#12|0
120|24,0,0,0,0,0,0,0,0,0,0,0,0,0,0,0,0,0|0#1|0#2|0#3|0#4|0#5|0#6|0#7|0#8|0#9|0#10|0#11|0#12|0,,,
23|52,0,0,0,0,0,0,0,0,0,0,0,0,0,0,0,0,0|0#1|0#2|0#3|0#4|0#5|0#6|0#7|0#8|0#9|0#10|0#11|0#12|0,0|0#1|0#2|0#3|0#4|0#5|0#6|0#7|0#8|0#9|0#10|0#11|0#12|0,0|0#1|0#2|0#3|0#4|0#5|0#6|0#7|0#8|0#9|0#10|0#11|0#12|0,0|0#1|0#2|0#3|0#4|0#5|0#6|0#7|0#8|0#9|0#10|0#11|0#12|0
40|38,3,0,2,0,0,0,1,0,1,0,0,0,0,0,1,0,,,,
18|147,0,0,0,0,0,0,0,0,0,0,0,0,0,0,0,0,,,,
11|10,0,0,0,0,0,1,0,0,0,0,0,0,0,0,0,0,,,,
125|97,1,0,0,0,0,0,0,0,0,0,0,0,1,0,0,0,,,,
22|8,0,0,0,0,0,0,0,0,0,0,0,0,0,0,0,0,,,,
80|85,0,1,0,0,0,0,0,0,0,0,0,0,2,0,0,0,,,,
132|66,0,0,0,0,0,0,0,0,0,0,0,0,0,0,0,0,,,,
35|94,0,0,0,0,0,0,0,0,0,0,0,0,0,0,0,0,,,,
146|143,0,0,0,0,0,0,0,0,0,0,0,0,0,0,0,0,,,,
