124|60,128,12,302,2,5,18,7,53,10,3,35,9,17,1,0,0,0|0#1|0#2|0#3|1#4|0#5|0#6|0#7|1#8|0#9|0#10|0#11|0#12|0,0|0#1|0#2|0#3|0#4|0#5|0#6|0#7|0#8|0#9|0#10|0#11|0#12|0,0|0#1|0#2|0#3|0#4|0#5|0#6|0#7|1#8|0#9|0#10|0#11|0#12|0,0|0#1|0#2|0#3|0#4|0#5|0#6|0#7|0#8|0#9|0#10|0#11|0#12|0
143|71,0,0,0,0,0,0,0,0,0,0,0,2,0,0,0,0,,,,
17|116,0,0,0,0,0,0,0,0,0,0,0,0,0,0,0,0,,,,
136|3,0,0,0,0,0,0,0,0,0,0,0,0,0,0,0,0,,,,
44|74,0,0,0,0,0,0,0,0,0,0,0,0,0,0,0,0,,,,
115|66,0,0,0,0,0,0,0,0,0,0,0,0,0,0,0,0,,,,
145|112,0,0,0,0,0,0,0,0,0,0,0,0,0,0,0,0,,,,
117|91,0,0,0,0,0,0,0,0,0,0,0,0,0,0,0,0,0|0#1|0#2|0#3|0#4|0#5|0#6|0#7|0#8|0#9|0#10|0#11|0#12|0,0|0#1|0#2|0#3|0#4|0#5|0#6|0#7|0#8|0#9|0#10|0#11|0#12|0,0|0#1|0#2|0#3|0#4|0#5|0#6|0#7|0#8|0#9|0#10|0#11|0#12|0,0|0#1|0#2|0#3|0#4|0#5|0#6|0#7|0#8|0#9|0#10|0#11|0#12|0
103|24,0,0,0,0,0,0,0,0,0,0,0,0,0,0,0,0,,,,
132|125,0,0,0,0,0,0,1,0,0,0,0,4,0,0,0,0,,,,
77|8,0,0,0,0,0,0,0,0,0,0,0,0,0,0,0,0,,,,
81|136,0,0,0,0,0,0,0,2,0,0,0,0,0,0,0,0,,,,
32|32,0,0,0,0,0,0,0,0,0,0,0,0,0,0,0,0,,,,
91|90,0,0,0,0,0,0,0,0,0,0,0,0,1,0,0,0,0|0#1|0#2|0#3|0#4|0#5|0#6|0#7|0#8|0#9|0#10|0#11|0#12|0,,0|0#1|0#2|0#3|0#4|0#5|0#6|0#7|0#8|0#9|0#10|0#11|0#12|0,0|0#1|0#2|0#3|0#4|0#5|0#6|0#7|0#8|0#9|0#10|0#11|0#12|0
16|69,0,0,0,0,0,0,0,0,0,0,0,0,0,0,0,0,,,,
122|35,0,0,0,0,0,0,0,0,0,0,0,0,0,0,0,0,,,,
107|117,0,0,0,1,0,0,0,0,0,0,0,1,0,0,0,0,,,,
1|39,0,0,0,0,0,0,0,0,0,0,0,0,0,0,0,0,,,,
13|21,0,0,0,0,0,0,0,0,0,0,0,0,0,0,0,0,,,,
23|38,0,0,0,0,0,0,0,0,0,0,0,0,0,0,0,0,,,,
25|63,0,0,0,0,0,0,0,0,0,0,0,0,0,0,0,0,,,,
8|113,0,0,0,0,0,0,0,0,0,0,0,0,0,0,0,0,,,,
69|115,0,0,0,0,0,0,0,0,0,0,0,0,0,0,0,0,,,,
70|54,0,0,0,0,0,0,0,0,1,0,0,0,0,0,0,0,,0|0#1|0#2|0#3|0#4|0#5|0#6|0#7|0#8|0#9|0#10|0#11|0#12|0,,
108|97,0,0,0,0,0,0,0,0,0,0,0,0,0,0,0,0,0|0#1|0#2|0#3|0#4|0#5|0#6|0#7|0#8|0#9|0#10|0#11|0#12|0,0|0#1|0#2|0#3|0#4|0#5|0#6|0#7|0#8|0#9|0#10|0#11|0#12|0,0|0#1|0#2|0#3|0#4|0#5|0#6|0#7|0#8|0#9|0#10|0#11|0#12|0,0|0#1|0#2|0#3|0#4|0#5|0#6|0#7|0#8|0#9|0#10|0#11|0#12|0
106|100,0,0,0,0,0,0,0,0,0,0,0,0,0,0,0,0,,,,
141|46,0,0,0,0,0,1,0,0,0,0,0,2,1,0,0,0,,,,
55|111,0,0,0,0,0,0,0,0,0,0,0,0,0,0,0,0,,,,
63|85,0,0,0,0,0,0,0,0,0,0,0,0,0,0,0,0,0|0#1|0#2|0#3|0#4|0#5|0#6|0#7|0#8|0#9|0#10|0#11|0#12|0,,,
150|40,0,0,0,0,0,0,0,0,0,0,0,0,0,0,0,0,,,,
3|64,0,0,0,0,0,0,0,0,0,0,0,0,0,0,0,0,,,,
94|123,3,0,11,0,4,1,1,0,0,0,3,1,0,0,0,0,,,,
82|96,0,0,0,0,0,0,0,0,0,0,0,0,0,0,0,0,0|0#1|0#2|0#3|0#4|0#5|0#6|0#7|0#8|0#9|0#10|0#11|0#12|0,,0|0#1|0#2|0#3|0#4|0#5|0#6|0#7|0#8|0#9|0#10|0#11|0#12|0,
146|129,0,0,0,0,0,0,0,0,0,0,0,0,0,0,0,0,,,,
42|124,0,0,0,0,0,0,0,0,0,0,0,0,0,0,0,0,,,,
18|94,0,0,0,0,0,0,0,0,0,0,0,0,0,0,0,0,,,,
51|43,0,0,0,0,0,0,0,0,0,0,0,0,0,0,0,0,,,,
56|128,0,0,0,0,0,0,0,0,0,0,0,0,0,0,0,0,,,,
134|77,0,0,2,0,0,2,0,0,0,0,0,0,0,0,0,0,,,,
42|49,0,0,0,0,0,0,0,0,0,0,0,0,0,0,0,0,,,,
