62|62,0,0,0,3,0,1,0,0,0,0,1,0,1,0,0,0,,,,
60|37,2,1,27,0,4,2,1,2,1,0,6,0,1,0,0,0,,,,
114|43,0,0,0,0,0,0,0,0,0,0,0,0,0,0,0,0,,,,
36|82,0,0,0,0,0,0,0,0,0,0,0,0,0,0,0,0,,,,
145|96,0,0,0,0,0,0,0,0,0,0,0,0,0,0,0,0,,,,
152|65,0,0,0,0,0,0,0,0,0,0,0,0,0,0,0,0,,,,
27|88,0,0,0,0,0,0,0,0,0,0,0,0,0,0,0,0,,,,
109|130,0,0,0,0,0,0,0,0,0,0,0,0,0,0,0,0,,,,
41|26,0,0,0,0,0,0,0,0,0,0,0,0,0,0,0,0,,,,
121|12,0,0,0,0,0,0,0,0,0,0,0,0,0,0,0,0,,,,
95|8,0,0,0,0,0,0,0,0,0,0,0,0,0,0,0,0,,,,
128|5,0,0,0,0,0,0,0,0,0,0,0,0,0,0,0,0,,,,
140|23,0,0,0,0,0,0,0,0,0,0,0,0,0,0,0,0,,,,
81|73,0,0,0,0,0,0,0,0,0,0,0,4,0,0,0,0,,,,
41|107,0,0,0,0,0,0,0,0,0,0,0,0,0,0,0,0,,,,
50|20,0,0,0,0,0,0,0,0,0,0,0,0,0,0,0,0,,,,
72|79,0,0,0,0,0,0,0,1,0,0,0,0,1,0,0,0,,,,
126|85,0,0,0,0,0,0,0,0,0,0,0,4,0,0,0,0,0|0#1|0#2|0#3|0#4|0#5|0#6|0#7|0#8|0#9|0#10|0#11|0#12|0,0|0#1|0#2|0#3|0#4|0#5|0#6|0#7|0#8|0#9|0#10|0#11|0#12|0,0|0#1|0#2|0#3|0#4|0#5|0#6|0#7|0#8|0#9|0#10|0#11|0#12|0,0|0#1|0#2|0#3|0#4|0#5|0#6|0#7|0#8|0#9|0#10|0#11|0#12|0
55|93,0,0,0,0,0,0,1,0,1,0,0,0,0,0,0,0,,,,
112|18,1,0,0,0,0,1,1,0,0,0,0,0,1,0,0,0,,,,
133|54,0,0,0,0,0,0,0,0,0,0,0,0,0,0,0,0,,,,
0|16,0,0,0,0,0,0,0,0,0,0,0,0,0,0,0,0,,,,
2|41,0,0,0,0,0,0,0,0,0,0,0,0,0,0,0,0,,,,
17|71,0,0,0,0,0,0,0,0,0,0,0,0,0,0,0,0,,,,
93|106,0,0,0,0,0,0,1,0,1,0,0,2,0,0,0,0,,,,
80|119,0,0,0,0,0,1,2,0,1,0,0,1,1,0,0,0,,,,
15|46,0,0,0,0,0,0,0,0,0,0,0,0,0,0,0,0,,,,
131|108,1,0,0,0,0,0,0,0,0,0,0,5,1,0,0,0,,,,
107|74,4,4,6,1,0,4,0,3,0,0,1,1,2,0,0,0,0|0#1|0#2|0#3|0#4|0#5|0#6|0#7|0#8|0#9|0#10|0#11|0#12|0,0|0#1|0#2|0#3|0#4|0#5|0#6|0#7|0#8|0#9|0#10|0#11|0#12|0,0|0#1|0#2|0#3|0#4|0#5|0#6|0#7|0#8|0#9|0#10|0#11|0#12|0,0|0#1|0#2|0#3|0#4|0#5|0#6|0#7|0#8|0#9|0#10|0#11|0#12|0
34|57,0,0,0,0,0,0,0,0,0,0,0,0,0,0,0,0,,,,
46|99,0,0,0,0,0,0,0,0,0,0,0,0,0,0,0,0,,,,
148|142,0,0,0,0,0,0,0,0,0,0,0,0,0,0,0,0,,,,
53|68,0,0,0,0,0,0,0,0,0,0,0,0,0,0,0,0,,,,
105|49,0,0,0,0,0,0,0,1,0,0,0,1,0,0,0,0,0|0#1|0#2|0#3|2#4|0#5|0#6|0#7|0#8|0#9|0#10|0#11|2#12|0,0|0#1|0#2|0#3|1#4|0#5|0#6|0#7|0#8|0#9|0#10|0#11|2#12|0,0|0#1|0#2|0#3|2#4|0#5|0#6|0#7|0#8|0#9|0#10|1#11|2#12|0,0|0#1|0#2|0#3|0#4|0#5|0#6|0#7|0#8|0#9|0#10|1#11|2#12|0
5|89,0,0,0,0,0,0,0,0,0,0,0,0,0,0,0,0,,,,
58|141,0,0,0,0,0,0,0,0,0,0,0,0,0,0,0,0,,,,
22|15,0,0,0,0,0,0,0,0,0,0,0,0,0,0,0,0,,,,
24|40,0,0,0,0,0,0,0,0,0,0,0,0,0,0,0,0,,,,
131|29,0,0,0,0,0,0,0,0,0,0,0,0,0,0,0,0,,,,
43|51,0,0,0,0,0,0,0,0,0,0,0,0,0,0,0,0,,,,
