142|106,0,0,0,0,0,0,0,0,0,0,0,0,0,0,0,0,,,,
23|62,0,0,0,0,0,0,0,0,0,0,0,0,0,0,0,0,,,,
132|76,0,0,0,0,0,0,0,0,0,0,0,0,0,0,0,0,,,,
16|93,0,0,0,0,0,0,0,0,0,0,0,0,0,0,0,0,,,,
33|79,0,0,0,0,0,0,0,0,0,0,0,0,0,0,0,0,,,,
5|107,0,0,0,0,0,0,0,0,0,0,0,0,0,0,0,0,,,,
106|96,1,2,0,0,0,0,0,0,1,0,0,0,0,0,0,0,0|0#1|0#2|0#3|0#4|0#5|0#6|0#7|0#8|0#9|0#10|0#11|0#12|0,,0|0#1|0#2|0#3|0#4|0#5|0#6|0#7|0#8|0#9|0#10|0#11|0#12|0,
52|105,0,0,0,0,0,0,0,0,0,0,0,0,1,0,0,0,,,,
80|95,0,0,0,0,0,0,0,0,0,0,0,0,0,0,0,0,,,,
30|31,0,0,0,0,0,0,0,0,0,0,0,0,0,0,0,0,,,,
21|37,0,0,0,0,0,0,0,0,0,0,0,0,0,0,0,0,,,,
83|5,0,0,0,0,0,0,0,0,0,0,0,0,0,0,0,0,,,,
151|87,0,0,0,0,0,0,0,0,0,0,0,0,0,0,0,0,,,,
61|84,0,0,0,0,0,1,0,0,0,0,0,0,0,0,0,0,,,,
57|7,0,0,0,0,0,0,0,0,0,0,0,0,0,0,0,0,,,,
66|109,0,1,0,0,0,0,0,0,0,0,0,0,0,0,0,0,,,,
113|65,0,0,0,0,0,0,0,0,0,0,0,2,0,0,0,0,0|0#1|0#2|0#3|0#4|0#5|0#6|0#7|0#8|0#9|0#10|0#11|0#12|0,0|0#1|0#2|0#3|0#4|0#5|0#6|0#7|0#8|0#9|0#10|0#11|0#12|0,0|0#1|0#2|0#3|0#4|0#5|0#6|0#7|0#8|0#9|0#10|0#11|0#12|0,0|0#1|0#2|0#3|0#4|0#5|0#6|0#7|0#8|0#9|0#10|0#11|0#12|0
11|20,0,1,0,0,0,0,0,14,0,0,0,0,0,0,0,0,,,,
91|117,0,0,0,0,0,0,0,0,0,0,0,0,0,0,0,0,,,,
42|73,0,0,0,0,0,0,0,0,0,0,0,0,0,0,0,0,,,,
14|68,0,0,0,0,0,0,0,0,0,0,0,0,0,0,0,0,,,,
107|141,0,0,0,0,0,0,0,1,0,0,0,1,0,0,0,0,,,,
1|63,0,0,0,0,0,0,0,0,0,0,0,0,0,0,0,0,,,,
90|100,7,2,5,4,0,3,1,0,6,0,2,0,0,0,0,0,,,,
40|48,0,0,0,0,0,0,0,0,0,0,0,0,0,0,0,0,,,,
141|70,0,0,0,0,0,0,0,2,0,0,0,0,0,0,0,0,0|0#1|0#2|0#3|0#4|0#5|0#6|0#7|0#8|0#9|0#10|0#11|0#12|0,,0|0#1|0#2|0#3|0#4|0#5|0#6|0#7|0#8|0#9|0#10|0#11|0#12|0,
116|2,0,0,0,0,0,0,0,0,0,0,0,0,0,0,0,0,,,,
115|90,0,0,0,0,0,0,0,0,0,0,0,2,0,0,0,0,0|0#1|0#2|0#3|0#4|0#5|0#6|0#7|0#8|0#9|0#10|0#11|0#12|0,,0|0#1|0#2|0#3|0#4|0#5|0#6|0#7|0#8|0#9|0#10|0#11|0#12|0,
120|34,0,0,0,0,0,0,0,0,0,0,0,0,0,0,0,0,,,,
17|140,0,0,0,0,0,0,0,0,0,0,0,0,0,0,0,0,,,,
101|23,0,0,0,0,0,0,0,0,0,0,0,0,0,0,0,0,0|0#1|0#2|0#3|2#4|0#5|0#6|0#7|0#8|0#9|0#10|0#11|0#12|0,0|0#1|0#2|0#3|1#4|0#5|0#6|0#7|0#8|0#9|0#10|0#11|0#12|0,0|0#1|0#2|0#3|0#4|0#5|0#6|0#7|0#8|0#9|0#10|0#11|0#12|0,0|0#1|0#2|0#3|0#4|0#5|0#6|0#7|0#8|0#9|0#10|0#11|0#12|0
142|0,0,0,0,0,0,0,0,0,0,0,0,0,0,0,0,0,,,,
