15|103,0,0,0,0,0,0,0,0,0,0,0,0,0,0,0,0,,,,
22|36,0,0,0,0,0,0,0,0,0,0,0,0,0,0,0,0,,,,
67|102,0,0,0,0,0,1,1,0,0,0,0,0,0,0,0,0,,,0|0#1|0#2|0#3|0#4|0#5|0#6|0#7|0#8|0#9|0#10|0#11|0#12|0,
34|78,1,2,3,0,1,1,2,1,6,0,1,0,0,0,0,0,,,,
50|41,0,0,0,0,0,0,0,0,0,0,0,0,0,0,0,0,,,,
126|1,0,0,0,0,0,0,0,0,0,0,0,0,0,0,0,0,,,,
2|62,0,0,0,0,0,0,0,0,0,0,0,0,0,0,0,0,,,,
107|95,0,0,1,0,0,0,1,0,1,0,0,0,0,0,0,0,,,,
6|100,0,0,0,0,0,0,0,0,0,0,0,0,0,0,0,0,,,,
24|61,0,0,0,0,0,0,0,0,0,0,0,0,0,0,0,0,,,,
112|39,0,0,0,0,0,0,0,0,0,0,0,0,0,0,0,0,,,,
0|37,0,0,0,0,0,0,0,0,0,0,0,0,0,0,0,0,,,,
114|64,0,0,0,0,0,0,0,0,0,0,0,3,1,0,0,0,0|0#1|0#2|0#3|0#4|0#5|1#6|0#7|0#8|0#9|0#10|0#11|0#12|0,0|0#1|0#2|0#3|0#4|0#5|0#6|0#7|0#8|0#9|1#10|1#11|1#12|0,0|0#1|0#2|0#3|0#4|0#5|0#6|0#7|0#8|0#9|0#10|0#11|0#12|0,0|0#1|0#2|0#3|0#4|0#5|0#6|0#7|0#8|0#9|1#10|1#11|0#12|0
15|67,0,0,0,0,0,0,0,0,0,0,0,0,0,0,0,0,,,,
67|6,0,0,0,0,0,1,0,0,5,0,0,0,1,0,0,0,,,,
17|92,0,0,0,0,0,0,0,0,0,0,0,0,0,0,0,0,,,,
92|110,0,1,0,0,0,0,0,0,1,0,0,0,0,0,0,0,,,,
41|128,0,0,0,0,0,0,0,0,0,0,0,0,0,0,0,0,,,,
93|127,0,0,0,0,0,0,0,0,0,0,0,0,0,0,0,0,,,,
130|112,13,12,28,9,4,5,1,4,0,1,11,11,4,0,0,0,,,,
105|104,0,0,0,0,0,0,0,0,0,0,0,0,0,0,0,0,,,,
133|75,0,0,0,0,0,0,0,0,0,0,0,0,0,0,0,0,,,,
81|94,0,0,0,0,0,1,0,0,0,0,0,0,1,0,0,0,,,,
121|33,0,0,0,0,0,0,0,0,0,0,0,0,0,0,0,0,,,,
144|116,0,0,0,0,0,0,0,0,0,0,0,0,0,0,0,0,,,,
29|107,0,0,0,0,0,0,0,0,0,0,0,0,0,0,0,0,,,,
43|72,0,0,0,0,0,0,0,0,1,0,0,0,0,0,0,0,,,,
53|89,2,5,1,0,0,1,0,14,0,2,2,0,2,0,0,0,0|0#1|0#2|0#3|0#4|0#5|1#6|2#7|2#8|2#9|0#10|0#11|0#12|0,0|0#1|0#2|0#3|0#4|0#5|0#6|0#7|2#8|2#9|0#10|0#11|0#12|0,0|0#1|0#2|0#3|0#4|0#5|1#6|2#7|2#8|1#9|0#10|0#11|0#12|0,0|0#1|0#2|0#3|0#4|0#5|0#6|1#7|2#8|1#9|0#10|0#11|0#12|0
68|119,0,0,0,0,0,0,0,0,0,0,0,0,0,0,0,0,,,,
40|111,0,0,0,0,0,0,0,0,0,0,0,0,0,0,0,0,,,,
41|47,0,0,0,0,0,0,0,0,0,0,0,0,1,0,0,0,,,,
102|22,0,0,0,0,0,0,0,0,0,0,0,0,0,0,0,0,,,,
54|115,0,0,0,0,0,0,0,0,0,0,0,0,0,0,0,0,,,,
119|108,0,0,0,0,0,0,0,0,0,0,0,0,0,0,0,0,,,,
131|129,0,0,0,0,0,0,0,0,0,0,0,0,0,0,0,0,,,,
152|86,0,0,0,0,0,0,0,0,0,0,0,0,0,0,0,0,,,,
7|117,0,0,0,0,0,0,0,0,0,0,0,0,0,0,0,0,,,,
140|44,0,1,3,0,1,4,0,0,1,0,1,0,1,0,0,0,0|0#1|0#2|0#3|0#4|0#5|0#6|0#7|0#8|0#9|0#10|0#11|0#12|0,0|0#1|0#2|0#3|0#4|0#5|0#6|0#7|0#8|0#9|0#10|0#11|0#12|0,0|0#1|0#2|0#3|0#4|0#5|0#6|0#7|0#8|0#9|0#10|0#11|0#12|0,0|0#1|0#2|0#3|0#4|0#5|0#6|0#7|0#8|0#9|0#10|0#11|0#12|0
31|30,0,0,0,0,0,0,0,0,0,0,0,0,0,0,0,0,,,,
60|58,13,7,8,3,1,0,0,3,0,3,5,2,5,0,0,0,0|0#1|0#2|0#3|0#4|0#5|0#6|0#7|0#8|0#9|0#10|0#11|0#12|0,0|0#1|0#2|0#3|0#4|0#5|0#6|0#7|0#8|0#9|0#10|0#11|0#12|0,0|0#1|0#2|0#3|0#4|0#5|0#6|0#7|0#8|0#9|0#10|0#11|0#12|0,0|0#1|0#2|0#3|0#4|0#5|0#6|0#7|0#8|0#9|0#10|0#11|0#12|0
93|4,0,0,0,0,0,0,0,0,0,0,0,0,0,0,0,0,,,,
62|83,2,0,0,0,0,0,0,2,0,1,1,0,0,0,0,0,,,,
