101|111,2,0,0,0,0,0,1,0,4,0,0,0,0,0,0,0,,,,
11|110,0,0,0,0,0,0,0,0,0,0,0,0,0,0,0,0,,,,
13|96,0,0,0,0,0,0,0,0,0,0,0,0,0,0,0,0,,,,
0|91,0,0,0,0,0,0,0,0,0,0,0,0,0,0,0,0,,,,
100|51,59,14,158,10,14,6,2,6,3,16,39,29,22,0,0,0,0|0#1|0#2|0#3|4#4|4#5|4#6|4#7|4#8|4#9|4#10|4#11|4#12|0,0|0#1|0#2|0#3|3#4|3#5|2#6|3#7|2#8|2#9|3#10|2#11|3#12|0,0|0#1|0#2|0#3|4#4|4#5|4#6|4#7|4#8|4#9|4#10|4#11|4#12|0,0|0#1|0#2|0#3|3#4|3#5|3#6|3#7|2#8|3#9|3#10|2#11|3#12|0
112|93,0,0,0,0,0,0,0,0,0,0,0,0,0,0,0,0,,,,
39|118,0,0,0,0,0,0,0,0,0,0,0,0,0,0,0,0,,,,
51|139,0,0,0,0,0,0,0,0,0,0,0,0,0,0,0,0,,,,
68|11,0,0,0,0,0,0,0,0,0,0,0,0,0,0,0,0,,,,
128|102,0,0,0,0,0,0,0,0,0,0,0,0,0,0,0,0,,,,
87|22,0,0,0,0,0,1,0,0,0,0,0,0,1,0,0,0,,,,
3|124,0,0,0,0,0,0,0,0,0,0,0,0,0,0,0,0,,,,
97|39,6,2,1,1,0,2,0,1,0,0,2,0,1,0,0,0,0|0#1|0#2|0#3|0#4|0#5|0#6|0#7|0#8|0#9|0#10|0#11|0#12|0,,0|0#1|0#2|0#3|0#4|0#5|0#6|0#7|0#8|0#9|0#10|0#11|0#12|0,
115|115,0,0,0,0,0,0,1,0,0,0,0,0,0,0,0,0,,,,
25|114,0,0,0,0,0,0,0,0,0,0,0,0,0,0,0,0,,,,
129|119,0,3,0,1,0,1,0,0,5,0,0,12,1,0,0,0,,,,
78|28,0,0,0,0,0,0,0,1,1,0,0,3,0,0,0,0,0|0#1|0#2|0#3|0#4|0#5|0#6|0#7|0#8|0#9|0#10|0#11|0#12|0,,0|0#1|0#2|0#3|0#4|0#5|0#6|0#7|0#8|0#9|0#10|0#11|0#12|0,
99|64,265,78,468,5,85,35,43,51,82,105,160,525,82,16,0,0,0|0#1|0#2|0#3|4#4|4#5|4#6|4#7|4#8|4#9|4#10|4#11|4#12|0,0|0#1|0#2|0#3|4#4|4#5|4#6|4#7|4#8|4#9|4#10|4#11|4#12|0,0|0#1|0#2|0#3|4#4|4#5|4#6|4#7|4#8|4#9|4#10|4#11|4#12|0,0|0#1|0#2|0#3|4#4|4#5|4#6|4#7|4#8|4#9|4#10|4#11|4#12|0
77|113,0,0,0,0,0,0,0,0,0,0,0,0,0,0,0,0,,,,
12|127,0,0,0,0,0,0,0,0,0,0,0,0,0,0,0,0,,,,
22|90,0,0,0,0,0,0,0,0,0,0,0,0,0,0,0,0,,,,
102|128,0,0,0,0,0,0,0,0,0,0,0,0,0,0,0,0,,,,
110|68,1,0,1,2,0,2,1,0,2,0,0,4,3,0,0,0,0|0#1|0#2|0#3|3#4|2#5|0#6|1#7|0#8|1#9|2#10|2#11|0#12|0,0|0#1|0#2|0#3|2#4|1#5|0#6|1#7|0#8|0#9|1#10|0#11|0#12|0,0|0#1|0#2|0#3|3#4|1#5|1#6|1#7|1#8|2#9|2#10|0#11|1#12|0,0|0#1|0#2|0#3|2#4|0#5|0#6|0#7|0#8|1#9|0#10|0#11|0#12|0
20|65,0,0,0,0,0,0,0,0,0,0,0,0,0,0,0,0,,,,
59|17,0,0,0,0,0,0,0,0,0,0,0,0,0,0,0,0,,,,
64|126,0,0,0,0,0,0,0,0,0,0,0,0,0,0,0,0,,,,
103|99,0,0,0,0,0,0,0,0,0,0,0,0,1,0,0,0,,0|0#1|0#2|0#3|0#4|0#5|0#6|0#7|0#8|0#9|0#10|0#11|0#12|0,,0|0#1|0#2|0#3|0#4|0#5|0#6|0#7|0#8|0#9|0#10|0#11|0#12|0
38|101,0,0,0,0,0,0,0,0,0,0,0,0,0,0,0,0,,,,
140|123,0,0,0,0,0,0,0,0,0,0,0,0,0,0,0,0,,,,
50|122,0,0,0,0,0,0,0,0,0,0,0,0,0,0,0,0,,,,
53|8,0,0,1,0,0,1,1,0,0,0,0,0,0,0,0,0,,,,
112|3,0,0,0,0,0,0,0,0,0,0,0,0,0,0,0,0,,,,
