102|73,0,0,0,0,0,0,0,0,1,1,0,14,1,0,0,0,0|0#1|0#2|0#3|2#4|2#5|2#6|1#7|1#8|1#9|2#10|1#11|1#12|0,0|0#1|0#2|0#3|1#4|0#5|0#6|0#7|0#8|0#9|0#10|0#11|0#12|0,0|0#1|0#2|0#3|2#4|2#5|2#6|1#7|1#8|2#9|2#10|0#11|0#12|0,0|0#1|0#2|0#3|1#4|0#5|0#6|0#7|0#8|0#9|0#10|0#11|0#12|0
41|98,0,0,0,0,0,0,0,0,0,0,0,0,1,0,0,0,,,,
87|19,0,0,0,0,0,0,0,0,0,0,0,0,0,0,0,0,,,,
50|92,0,0,0,0,0,0,0,0,0,0,0,0,0,0,0,0,,,,
11|107,0,0,0,0,0,0,0,0,0,0,0,0,0,0,0,0,,,,
104|2,0,0,0,0,0,0,0,0,0,0,0,0,0,0,0,0,,,,
63|106,0,0,0,0,0,0,0,2,1,0,0,0,1,0,0,0,,,,
4|6,0,0,0,0,0,0,0,1,0,0,0,0,0,0,0,0,,,,
2|104,0,0,0,0,0,0,0,0,0,0,0,0,0,0,0,0,,,,
101|108,0,0,0,0,0,0,0,0,0,0,0,0,0,0,0,0,,,,
96|13,0,0,0,0,0,0,0,0,0,0,0,0,0,0,0,0,,,,
10|45,0,0,0,0,0,0,0,0,0,0,0,0,0,0,0,0,,,,
45|7,2,0,0,0,0,1,0,3,1,0,0,2,2,0,0,0,,,,
100|48,2,10,5,0,0,0,1,1,1,0,8,0,0,0,0,0,0|0#1|0#2|0#3|2#4|1#5|1#6|0#7|0#8|0#9|0#10|0#11|0#12|0,0|0#1|0#2|0#3|0#4|0#5|0#6|0#7|0#8|0#9|0#10|0#11|0#12|0,0|0#1|0#2|0#3|2#4|1#5|1#6|0#7|0#8|0#9|0#10|0#11|1#12|0,0|0#1|0#2|0#3|0#4|0#5|0#6|0#7|0#8|0#9|0#10|0#11|0#12|0
89|44,0,0,0,0,0,0,0,0,0,0,0,1,1,0,0,0,0|0#1|0#2|0#3|0#4|0#5|0#6|0#7|0#8|0#9|0#10|0#11|0#12|0,0|0#1|0#2|0#3|0#4|0#5|0#6|0#7|0#8|0#9|0#10|0#11|0#12|0,0|0#1|0#2|0#3|0#4|1#5|0#6|0#7|0#8|1#9|1#10|0#11|0#12|0,0|0#1|0#2|0#3|0#4|0#5|0#6|0#7|0#8|0#9|0#10|0#11|0#12|0
140|95,0,0,0,0,0,0,0,0,0,0,0,0,0,0,0,0,,,,
71|5,0,0,0,0,0,0,0,0,0,0,0,0,0,0,0,0,,,,
121|84,0,0,3,0,2,0,0,0,0,0,0,2,1,0,0,0,0|0#1|0#2|0#3|0#4|0#5|0#6|0#7|0#8|0#9|0#10|0#11|0#12|0,,0|0#1|0#2|0#3|0#4|0#5|0#6|0#7|0#8|0#9|0#10|0#11|0#12|0,
12|70,0,0,0,0,0,0,0,0,0,0,0,0,0,0,0,0,,,,
50|119,0,0,0,0,0,0,0,0,0,0,0,0,0,0,0,0,,,,
130|0,0,0,0,0,0,0,0,0,0,0,0,0,0,0,0,0,,,,
28|141,0,0,0,0,0,0,0,0,0,0,0,0,0,0,0,0,,,,
0|88,0,0,0,0,0,0,0,0,0,0,0,0,0,0,0,0,,,,
22|87,0,0,0,0,0,0,0,0,0,0,0,0,0,0,0,0,,,,
19|9,1,0,0,0,0,1,0,2,7,1,0,1,1,0,0,0,,,,
31|81,0,0,0,0,0,0,0,0,0,0,0,0,0,0,0,0,,,,
118|142,0,0,0,0,0,0,0,0,0,0,0,0,0,0,0,0,,,,
