61|55,0,1,0,0,0,0,0,2,0,0,0,1,1,0,0,0,0|0#1|0#2|0#3|0#4|0#5|0#6|0#7|0#8|0#9|0#10|0#11|0#12|0,,0|0#1|0#2|0#3|0#4|0#5|0#6|0#7|0#8|0#9|0#10|0#11|0#12|0,
113|36,0,0,0,0,0,0,0,0,0,0,0,0,0,0,0,0,,,,
1|34,0,0,0,0,0,0,0,0,0,0,0,0,0,0,0,0,,,,
54|86,0,5,0,0,0,0,1,0,0,0,0,0,0,0,0,0,0|0#1|0#2|0#3|0#4|0#5|0#6|0#7|0#8|0#9|0#10|0#11|0#12|0,,0|0#1|0#2|0#3|0#4|0#5|0#6|0#7|0#8|0#9|0#10|0#11|0#12|0,
134|72,0,0,0,0,0,0,0,0,0,0,0,0,0,0,0,0,,,,
69|110,0,0,0,0,0,0,0,2,0,0,0,0,1,0,0,0,,,,
141|41,0,0,0,0,0,0,0,0,0,0,0,0,0,0,0,0,,,,
144|89,0,0,0,0,0,0,0,0,0,0,0,0,0,0,0,0,,,,
16|64,0,0,0,0,0,0,0,0,0,0,0,0,0,0,0,0,,,,
77|3,0,0,0,0,0,0,0,0,0,0,0,0,0,0,0,0,,,,
81|131,0,0,0,0,0,0,0,0,0,0,0,0,0,0,0,0,,,,
125|78,0,0,0,0,0,0,0,0,0,0,0,0,0,0,0,0,,,0|0#1|0#2|0#3|0#4|0#5|0#6|0#7|0#8|0#9|0#10|0#11|0#12|0,
42|44,0,0,0,0,0,0,0,0,0,0,0,0,0,0,0,0,,,,
9|125,0,0,0,0,0,0,0,0,0,0,0,0,0,0,0,0,,,,
35|75,0,0,0,0,0,0,0,0,0,0,0,0,0,0,0,0,,,,
63|80,0,0,0,0,0,0,0,0,0,0,0,0,0,0,0,0,,,,
80|66,40,13,30,1,4,2,0,2,0,2,9,3,6,0,0,0,0|0#1|0#2|0#3|1#4|2#5|2#6|1#7|2#8|2#9|2#10|2#11|2#12|0,0|0#1|0#2|0#3|0#4|0#5|1#6|1#7|0#8|0#9|0#10|0#11|1#12|0,0|0#1|0#2|0#3|1#4|2#5|2#6|2#7|2#8|2#9|2#10|2#11|2#12|0,0|0#1|0#2|0#3|0#4|0#5|1#6|1#7|1#8|0#9|0#10|0#11|0#12|0
132|120,0,0,0,0,0,0,0,1,0,0,0,0,0,0,0,0,,,,
106|67,0,0,0,0,0,1,0,0,2,0,0,1,1,0,0,0,0|0#1|0#2|0#3|1#4|1#5|1#6|0#7|0#8|0#9|0#10|0#11|0#12|0,0|0#1|0#2|0#3|0#4|0#5|0#6|0#7|0#8|0#9|0#10|0#11|0#12|0,0|0#1|0#2|0#3|0#4|0#5|0#6|0#7|0#8|0#9|0#10|0#11|1#12|0,0|0#1|0#2|0#3|0#4|0#5|0#6|0#7|0#8|0#9|0#10|0#11|0#12|0
17|111,0,0,0,0,0,0,0,0,0,0,0,0,0,0,0,0,,,,
151|58,0,0,0,0,0,0,0,0,0,0,0,0,0,0,0,0,,,,
146|124,0,0,0,0,0,0,0,0,0,0,0,0,0,0,0,0,,,,
122|30,0,0,0,0,0,0,0,0,0,0,0,0,0,0,0,0,,,,
133|137,0,0,0,0,0,0,0,0,0,0,0,0,0,0,0,0,,,,
23|33,0,0,0,0,0,0,0,0,0,0,0,0,0,0,0,0,,,,
132|47,0,0,0,0,0,0,0,0,0,0,0,0,0,0,0,0,,,,
95|135,0,0,0,0,0,0,0,0,0,0,0,0,0,0,0,0,,,,
18|128,0,0,0,0,0,0,0,0,0,0,0,0,0,0,0,0,,,,
56|123,0,0,0,0,0,0,0,0,0,0,0,0,0,0,0,0,,,,
108|129,0,0,0,0,0,0,0,0,0,0,0,0,0,0,0,0,,,,
82|91,0,0,0,0,0,0,0,0,0,0,0,0,0,0,0,0,,,,
40|19,0,0,0,0,0,0,0,0,0,0,0,0,0,0,0,0,,,,
73|97,0,0,0,0,0,0,0,0,1,0,0,0,0,0,0,0,,0|0#1|0#2|0#3|0#4|0#5|0#6|0#7|0#8|0#9|0#10|0#11|0#12|0,,0|0#1|0#2|0#3|0#4|0#5|0#6|0#7|0#8|0#9|0#10|0#11|0#12|0
43|136,0,0,0,0,0,0,0,0,0,0,0,0,0,0,0,0,,,,
107|112,0,0,0,0,0,0,0,0,0,0,0,0,0,0,0,0,,,,
115|61,5,6,12,0,4,8,2,4,11,0,3,0,4,0,0,0,0|0#1|0#2|0#3|1#4|0#5|1#6|1#7|0#8|0#9|0#10|1#11|0#12|0,0|0#1|0#2|0#3|0#4|0#5|0#6|0#7|0#8|0#9|0#10|0#11|0#12|0,0|0#1|0#2|0#3|0#4|1#5|1#6|1#7|1#8|0#9|0#10|0#11|1#12|0,0|0#1|0#2|0#3|0#4|0#5|0#6|0#7|0#8|0#9|0#10|0#11|0#12|0
14|39,0,0,0,0,0,0,0,0,0,0,0,0,0,0,0,0,,,,
108|92,0,0,0,0,0,0,0,0,0,0,0,0,0,0,0,0,,,,
