11|112,0,0,0,0,0,0,0,0,0,0,0,0,0,0,0,0,,,,
68|13,0,0,0,0,0,0,0,0,0,0,0,0,0,0,0,0,,,,
63|111,0,0,0,0,0,0,0,0,0,0,0,0,1,0,0,0,,,,
0|93,0,0,0,0,0,0,0,0,0,0,0,0,0,0,0,0,,,,
10|50,0,0,0,0,0,0,0,0,0,0,0,0,0,0,0,0,,,,
20|67,1,2,0,0,0,0,0,5,0,0,0,0,4,0,0,0,,,,
140|125,0,0,0,0,0,0,0,0,0,0,0,0,0,0,0,0,,,,
99|66,103,40,281,1,21,17,12,27,17,20,73,16,32,0,0,0,0|0#1|0#2|0#3|4#4|4#5|4#6|4#7|4#8|4#9|4#10|4#11|4#12|0,0|0#1|0#2|0#3|4#4|4#5|4#6|4#7|4#8|4#9|4#10|4#11|4#12|0,0|0#1|0#2|0#3|4#4|4#5|4#6|4#7|4#8|4#9|4#10|4#11|4#12|0,0|0#1|0#2|0#3|4#4|4#5|4#6|4#7|4#8|4#9|4#10|4#11|4#12|0
101|113,0,0,0,0,0,0,0,0,0,0,0,0,4,0,0,0,,,,
50|124,0,0,0,0,0,0,0,0,0,0,0,0,0,0,0,0,,,,
114|100,2,0,0,0,0,0,0,1,0,0,0,0,0,0,0,0,,,,
64|128,0,0,0,0,0,0,0,0,0,0,0,0,0,0,0,0,,,,
77|115,0,0,0,0,0,0,0,0,0,0,0,0,0,0,0,0,,,,
87|24,0,0,0,0,0,0,0,0,0,0,0,0,0,0,0,0,0|0#1|0#2|0#3|0#4|0#5|0#6|0#7|0#8|0#9|0#10|0#11|0#12|0,,0|0#1|0#2|0#3|0#4|0#5|0#6|0#7|0#8|0#9|0#10|0#11|0#12|0,
112|95,0,0,0,0,0,0,0,0,0,0,0,0,0,0,0,0,,,,
112|5,1,0,2,0,0,0,0,0,0,0,1,0,2,0,0,0,,,,
128|104,0,0,0,0,0,0,0,0,0,0,0,0,0,0,0,0,0|0#1|0#2|0#3|1#4|2#5|1#6|2#7|2#8|2#9|2#10|2#11|2#12|0,0|0#1|0#2|0#3|1#4|0#5|0#6|1#7|1#8|1#9|0#10|2#11|0#12|0,0|0#1|0#2|0#3|1#4|2#5|2#6|2#7|2#8|2#9|2#10|2#11|2#12|0,0|0#1|0#2|0#3|0#4|1#5|2#6|1#7|1#8|1#9|1#10|1#11|1#12|0
59|19,0,0,0,0,0,0,0,0,0,0,0,10,0,0,0,0,,,,
100|53,0,2,0,0,0,0,0,0,0,0,0,0,0,0,0,0,0|0#1|0#2|0#3|0#4|0#5|0#6|0#7|0#8|0#9|0#10|0#11|0#12|0,0|0#1|0#2|0#3|0#4|0#5|0#6|0#7|0#8|0#9|0#10|0#11|0#12|0,0|0#1|0#2|0#3|0#4|0#5|0#6|0#7|0#8|0#9|0#10|0#11|0#12|0,0|0#1|0#2|0#3|0#4|0#5|0#6|0#7|0#8|0#9|0#10|0#11|0#12|0
115|117,0,0,0,0,0,0,0,0,0,0,0,0,0,0,0,0,,,,
25|116,0,0,0,0,0,0,0,0,0,0,0,0,0,0,0,0,,,,
38|103,0,0,0,0,0,0,0,0,0,0,0,0,0,0,0,0,,,,
13|98,0,0,0,0,0,0,0,0,0,0,0,0,0,0,0,0,,,,
3|126,0,0,0,0,0,0,0,0,0,0,0,0,0,0,0,0,,,,
12|129,0,0,0,0,0,0,0,0,0,0,0,0,0,0,0,0,,,,
22|92,0,0,0,0,0,0,0,0,0,0,0,0,0,0,0,0,,,,
