50|136,0,0,0,0,0,0,0,0,0,0,0,0,0,0,0,0,,,,
99|78,0,0,0,0,0,0,0,0,0,0,0,1,0,0,0,0,0|0#1|0#2|0#3|1#4|2#5|2#6|2#7|2#8|1#9|2#10|2#11|2#12|0,0|0#1|0#2|0#3|0#4|2#5|2#6|2#7|1#8|1#9|0#10|1#11|1#12|0,0|0#1|0#2|0#3|2#4|2#5|2#6|2#7|1#8|2#9|2#10|2#11|2#12|0,0|0#1|0#2|0#3|1#4|2#5|1#6|2#7|1#8|1#9|1#10|0#11|0#12|0
147|6,0,0,0,0,0,0,0,0,0,0,0,0,0,0,0,0,,,,
77|127,0,0,0,0,0,0,0,0,0,0,0,0,0,0,0,0,,,,
114|112,0,0,0,0,0,0,0,0,0,0,0,0,0,0,0,0,,,,
38|115,0,0,0,0,0,0,0,0,0,0,0,0,0,0,0,0,,,,
76|110,0,0,0,0,0,0,0,0,0,0,0,0,0,0,0,0,,,,
148|11,0,0,0,0,0,0,0,0,0,0,0,0,0,0,0,0,,,,
49|14,0,0,0,0,0,0,0,0,0,0,0,0,0,0,0,0,,,,
101|125,0,0,0,0,0,0,0,1,1,0,0,0,0,0,0,0,,,,
140|137,34,17,13,2,3,7,1,12,1,1,7,1,6,0,0,0,,,,
10|62,0,0,0,0,0,0,0,0,0,0,0,0,0,0,0,0,,,,
17|1,0,0,0,0,0,0,0,0,0,0,0,0,0,0,0,0,,,,
25|128,0,0,0,0,0,0,0,0,0,0,0,0,0,0,0,0,,,,
87|36,0,0,0,0,0,0,0,0,0,0,0,0,0,0,0,0,,,,
2|121,0,0,0,0,0,0,0,0,0,0,0,0,0,0,0,0,,,,
11|124,0,0,0,0,0,0,0,0,0,0,0,0,0,0,0,0,,,,
115|129,0,0,0,0,0,0,0,0,0,0,0,0,0,0,0,0,,,,
139|17,0,0,0,0,0,0,0,0,0,0,0,0,0,0,0,0,,,,
89|61,12,4,18,11,0,3,3,8,2,1,3,19,4,0,0,0,0|0#1|0#2|0#3|4#4|4#5|2#6|3#7|3#8|3#9|4#10|3#11|3#12|0,0|0#1|0#2|0#3|4#4|2#5|2#6|2#7|2#8|2#9|3#10|2#11|2#12|0,0|0#1|0#2|0#3|4#4|2#5|2#6|3#7|3#8|4#9|4#10|3#11|3#12|0,0|0#1|0#2|0#3|3#4|2#5|2#6|2#7|2#8|3#9|3#10|2#11|2#12|0
100|65,161,60,319,9,24,40,21,42,39,33,119,117,42,11,0,0,0|0#1|0#2|0#3|4#4|4#5|4#6|4#7|4#8|4#9|4#10|4#11|4#12|0,0|0#1|0#2|0#3|4#4|4#5|4#6|4#7|4#8|4#9|4#10|4#11|4#12|0,0|0#1|0#2|0#3|4#4|4#5|4#6|4#7|4#8|4#9|4#10|4#11|4#12|0,0|0#1|0#2|0#3|4#4|4#5|4#6|4#7|4#8|4#9|4#10|4#11|4#12|0
102|90,0,0,1,0,0,1,0,0,0,0,0,2,0,0,0,0,,,,
3|138,0,0,0,0,0,0,0,0,0,0,0,0,0,0,0,0,,,,
20|79,0,0,0,0,0,0,0,0,0,0,0,0,0,0,0,0,,,,
24|111,0,0,0,0,0,0,0,0,0,0,0,0,0,0,0,0,,,,
63|123,0,0,0,0,0,0,0,0,0,0,0,0,0,0,0,0,,,,
68|25,0,0,0,0,0,0,0,0,0,0,0,0,0,0,0,0,,,,
96|30,0,0,0,0,0,0,0,0,0,0,0,0,4,0,0,0,0|0#1|0#2|0#3|0#4|0#5|0#6|0#7|0#8|0#9|0#10|0#11|0#12|0,0|0#1|0#2|0#3|0#4|0#5|0#6|0#7|0#8|0#9|0#10|0#11|0#12|0,0|0#1|0#2|0#3|0#4|0#5|0#6|0#7|0#8|0#9|0#10|0#11|0#12|0,0|0#1|0#2|0#3|0#4|0#5|0#6|0#7|0#8|0#9|0#10|0#11|0#12|0
128|116,0,0,97,0,0,0,0,0,0,0,0,9,0,0,0,0,,,,
