116|124,0,0,0,0,0,0,0,0,0,0,0,0,0,0,0,0,,,,
51|131,0,0,0,0,0,0,0,0,0,0,0,0,0,0,0,0,,,,
65|135,0,0,0,0,0,0,0,0,0,0,0,0,0,0,0,0,,,,
149|12,0,0,0,0,0,0,0,0,0,0,0,0,0,0,0,0,,,,
110|60,0,0,0,0,0,0,0,0,0,0,0,0,0,0,0,0,0|0#1|0#2|0#3|0#4|0#5|0#6|0#7|0#8|0#9|0#10|0#11|0#12|0,0|0#1|0#2|0#3|0#4|0#5|0#6|0#7|0#8|0#9|0#10|0#11|0#12|0,0|0#1|0#2|0#3|0#4|0#5|0#6|0#7|0#8|0#9|0#10|0#11|0#12|0,0|0#1|0#2|0#3|0#4|0#5|0#6|0#7|0#8|0#9|0#10|0#11|0#12|0
53|0,0,0,0,0,0,0,0,0,0,0,0,0,0,0,0,0,,,,
103|91,0,0,0,0,0,0,0,0,0,0,0,0,0,0,0,0,,0|0#1|0#2|0#3|0#4|0#5|0#6|0#7|0#8|0#9|0#10|0#11|0#12|0,,0|0#1|0#2|0#3|0#4|0#5|0#6|0#7|0#8|0#9|0#10|0#11|0#12|0
79|139,0,0,0,0,0,0,0,0,0,0,0,0,0,0,0,0,,,,
26|123,0,0,0,0,0,0,0,0,0,0,0,0,0,0,0,0,,,,
88|37,0,0,0,0,0,0,0,0,0,0,0,0,0,0,0,0,,,,
30|74,0,0,0,0,0,0,0,0,0,0,0,0,0,0,0,0,,,,
78|20,0,0,0,0,0,0,0,0,0,0,0,0,0,0,0,0,,,,
102|120,0,0,0,0,0,0,0,0,0,0,0,0,0,0,0,0,,,,
141|132,0,0,0,0,0,0,0,0,1,0,0,0,0,0,0,0,,,,
39|110,0,0,0,0,0,0,0,0,0,0,0,0,0,0,0,0,,,,
90|143,0,0,0,0,0,0,0,0,0,0,0,0,0,0,0,0,,,,
103|137,0,0,0,0,0,0,0,0,0,0,0,0,0,0,0,0,,,,
97|31,2,0,0,0,0,2,1,3,2,0,1,0,0,0,0,0,0|0#1|0#2|0#3|0#4|0#5|0#6|0#7|0#8|0#9|0#10|0#11|0#12|0,0|0#1|0#2|0#3|0#4|0#5|0#6|0#7|0#8|0#9|0#10|0#11|0#12|0,0|0#1|0#2|0#3|0#4|0#5|0#6|0#7|0#8|0#9|0#10|0#11|0#12|0,0|0#1|0#2|0#3|0#4|0#5|0#6|0#7|0#8|0#9|0#10|0#11|0#12|0
27|2,0,0,0,0,0,0,0,0,0,0,0,0,0,0,0,0,,,,
101|66,128,66,232,4,27,22,25,36,7,15,149,52,34,1,0,0,0|0#1|0#2|0#3|4#4|4#5|4#6|4#7|4#8|4#9|4#10|4#11|4#12|0,0|0#1|0#2|0#3|4#4|4#5|4#6|4#7|4#8|4#9|4#10|4#11|4#12|0,0|0#1|0#2|0#3|4#4|4#5|4#6|4#7|4#8|4#9|4#10|4#11|4#12|0,0|0#1|0#2|0#3|4#4|4#5|4#6|4#7|4#8|4#9|4#10|4#11|4#12|0
69|26,0,0,0,0,0,0,0,0,0,0,0,0,0,0,0,0,,,,
120|77,0,0,0,0,0,0,0,0,0,0,0,0,0,0,0,0,,,,
4|133,0,0,0,0,0,0,0,0,0,0,0,0,0,0,0,0,,,,
129|111,102,25,104,8,9,13,6,25,4,2,42,10,4,0,0,0,,,,
11|63,0,0,0,0,0,0,0,0,0,0,0,0,0,0,0,0,,,,
78|122,0,0,0,0,0,0,0,0,0,0,0,0,0,0,0,0,,,,
13|136,0,0,0,0,0,0,0,0,0,0,0,0,0,0,0,0,,,,
