45|119,0,0,0,0,0,0,0,0,0,0,0,0,0,0,0,0,,,,
76|94,0,0,4,0,0,0,1,0,0,0,0,1,5,0,0,0,0|0#1|0#2|0#3|0#4|0#5|0#6|0#7|0#8|0#9|0#10|0#11|0#12|0,,0|0#1|0#2|0#3|0#4|0#5|0#6|0#7|0#8|0#9|0#10|0#11|0#12|0,
58|106,0,0,0,0,0,0,0,0,0,0,0,0,0,0,0,0,,,,
64|52,0,0,0,0,0,0,0,0,0,0,0,0,0,0,0,0,,,,
96|101,0,1,8,1,0,0,0,1,1,0,0,0,1,0,1,0,,,,
70|127,0,0,0,0,0,0,0,0,0,0,0,0,0,0,0,0,,,,
4|31,0,0,0,0,0,0,0,0,0,0,0,0,0,0,0,0,,,,
19|61,0,0,0,0,0,0,0,0,0,0,0,0,0,0,0,0,,,,
7|79,0,0,0,0,0,0,0,0,0,0,0,0,0,0,0,0,,,,
17|36,0,0,0,0,0,0,0,0,0,0,0,0,0,0,0,0,,,,
45|41,0,0,0,0,0,0,0,0,0,0,0,0,0,0,0,0,,,,
142|13,0,0,0,0,0,0,0,0,0,0,0,0,0,0,0,0,,,,
147|86,0,0,0,0,0,1,1,0,1,0,0,0,0,0,0,0,,,,
26|30,0,0,0,0,0,0,0,0,0,0,0,0,0,0,0,0,,,,
133|19,0,0,0,0,0,0,0,0,0,0,0,0,0,0,0,0,,,,
36|47,0,0,0,0,0,0,0,2,0,0,0,0,0,0,0,0,,,,
62|27,0,0,0,0,0,0,0,0,0,0,0,0,0,0,1,0,,0|0#1|0#2|0#3|0#4|0#5|0#6|0#7|0#8|0#9|0#10|0#11|0#12|0,,
97|118,0,0,0,0,0,0,0,0,0,0,0,0,0,0,0,0,,,,
52|10,0,0,0,0,0,0,0,0,0,0,0,0,0,0,0,0,,,,
71|21,0,0,0,0,0,0,0,0,0,0,0,0,0,0,0,0,,,,
44|102,0,0,0,0,0,0,0,0,0,0,0,0,0,0,0,0,,,,
90|32,0,0,0,0,0,0,0,0,0,0,0,0,2,0,0,0,,,,
83|63,4,3,13,2,2,0,3,2,1,0,2,22,1,0,0,0,0|0#1|0#2|0#3|2#4|0#5|0#6|0#7|0#8|2#9|0#10|0#11|0#12|0,0|0#1|0#2|0#3|1#4|0#5|0#6|0#7|0#8|1#9|0#10|0#11|0#12|0,0|0#1|0#2|0#3|0#4|0#5|0#6|0#7|0#8|2#9|0#10|0#11|0#12|0,0|0#1|0#2|0#3|0#4|0#5|0#6|0#7|0#8|1#9|0#10|0#11|0#12|0
74|69,0,0,0,0,0,0,0,1,0,0,0,1,0,0,0,0,0|0#1|0#2|0#3|0#4|0#5|0#6|0#7|0#8|0#9|0#10|0#11|0#12|0,0|0#1|0#2|0#3|0#4|0#5|0#6|0#7|0#8|0#9|0#10|0#11|0#12|0,,0|0#1|0#2|0#3|0#4|0#5|0#6|0#7|0#8|0#9|0#10|0#11|0#12|0
55|58,2,0,0,0,2,1,0,0,5,0,0,0,0,0,0,0,0|0#1|0#2|0#3|0#4|0#5|0#6|0#7|0#8|0#9|0#10|0#11|0#12|0,,0|0#1|0#2|0#3|0#4|0#5|0#6|0#7|0#8|0#9|0#10|0#11|0#12|0,
109|64,0,0,0,0,0,0,0,0,0,0,2,1,6,0,0,0,0|0#1|0#2|0#3|2#4|0#5|0#6|0#7|0#8|0#9|0#10|0#11|0#12|0,0|0#1|0#2|0#3|1#4|0#5|0#6|0#7|0#8|0#9|0#10|0#11|0#12|0,0|0#1|0#2|0#3|2#4|0#5|0#6|0#7|0#8|0#9|0#10|0#11|0#12|0,0|0#1|0#2|0#3|1#4|0#5|0#6|0#7|0#8|0#9|0#10|0#11|0#12|0
148|107,0,0,0,0,0,0,0,0,0,0,0,0,0,0,0,0,,,,
135|44,0,0,0,0,0,0,0,0,0,0,0,0,2,0,0,0,,,,
29|78,0,0,0,0,0,0,0,0,0,0,0,0,0,0,0,0,,,,
80|9,20,17,25,12,7,3,1,6,6,1,5,13,3,0,0,0,,,,
107|39,0,0,0,0,0,0,0,0,1,0,0,0,0,0,0,0,,,,
134|103,0,0,0,0,0,0,1,0,1,0,0,0,0,0,0,0,,,0|0#1|0#2|0#3|0#4|0#5|0#6|0#7|0#8|0#9|0#10|0#11|0#12|0,
128|75,0,0,0,0,0,0,0,0,0,0,0,0,1,0,0,0,0|0#1|0#2|0#3|0#4|0#5|0#6|0#7|0#8|0#9|0#10|0#11|0#12|0,0|0#1|0#2|0#3|0#4|0#5|0#6|0#7|0#8|0#9|0#10|0#11|0#12|0,0|0#1|0#2|0#3|0#4|0#5|0#6|0#7|0#8|0#9|0#10|0#11|0#12|0,0|0#1|0#2|0#3|0#4|0#5|0#6|0#7|0#8|0#9|0#10|0#11|0#12|0
116|33,0,0,0,0,0,0,0,0,0,0,0,0,0,0,0,0,,,,
121|116,2,0,0,0,0,0,0,2,0,0,0,1,0,0,0,0,,,,
38|72,0,0,0,0,0,0,0,0,0,0,0,0,0,0,0,0,,,,
31|115,0,0,0,0,0,0,0,0,0,0,0,0,0,0,0,0,,,,
83|114,0,0,0,0,0,0,0,0,0,0,0,0,0,0,0,0,,,,
57|83,0,0,0,0,0,0,0,0,0,0,0,0,0,0,0,0,,,,
43|16,0,0,0,0,0,0,0,0,0,0,0,0,0,0,0,0,,,,
113|6,0,0,0,0,0,0,0,0,0,0,0,0,0,0,0,0,,,,
48|89,0,0,0,0,0,1,0,4,0,0,0,0,0,0,0,0,0|0#1|0#2|0#3|0#4|0#5|0#6|0#7|0#8|0#9|0#10|0#11|0#12|0,0|0#1|0#2|0#3|0#4|0#5|0#6|0#7|0#8|0#9|0#10|0#11|0#12|0,,0|0#1|0#2|0#3|0#4|0#5|0#6|0#7|0#8|0#9|0#10|0#11|0#12|0
81|38,0,0,2,0,0,0,0,1,0,0,2,0,4,0,0,0,0|0#1|0#2|0#3|0#4|0#5|0#6|0#7|0#8|0#9|0#10|0#11|0#12|0,,0|0#1|0#2|0#3|0#4|0#5|0#6|0#7|0#8|0#9|0#10|0#11|0#12|0,
