110|41,0,0,0,0,0,0,0,0,0,0,0,0,0,0,0,0,0|0#1|0#2|0#3|0#4|0#5|0#6|0#7|0#8|0#9|0#10|0#11|0#12|0,,0|0#1|0#2|0#3|0#4|0#5|0#6|0#7|0#8|0#9|0#10|0#11|0#12|0,
101|47,0,1,0,0,0,0,0,0,1,0,0,0,0,0,0,0,0|0#1|0#2|0#3|0#4|0#5|0#6|0#7|0#8|0#9|0#10|0#11|0#12|0,,0|0#1|0#2|0#3|0#4|0#5|0#6|0#7|0#8|0#9|0#10|0#11|0#12|0,
55|6,0,0,0,0,0,0,0,0,0,0,0,0,0,0,0,0,,,,
103|72,68,24,90,7,1,7,10,18,1,0,17,10,4,0,0,0,0|0#1|0#2|0#3|4#4|4#5|4#6|4#7|4#8|4#9|4#10|4#11|4#12|0,0|0#1|0#2|0#3|4#4|4#5|3#6|3#7|2#8|3#9|3#10|3#11|3#12|0,0|0#1|0#2|0#3|4#4|4#5|4#6|4#7|4#8|4#9|4#10|4#11|4#12|0,0|0#1|0#2|0#3|4#4|3#5|3#6|2#7|2#8|3#9|3#10|3#11|3#12|0
141|94,0,0,0,0,0,0,0,0,0,0,0,0,0,0,0,0,,,,
30|55,0,0,0,0,0,0,0,0,0,0,0,0,0,0,0,0,,,,
65|116,0,0,0,0,0,0,0,0,0,0,0,0,0,0,0,0,,,,
32|80,0,0,0,0,0,0,0,0,0,0,0,0,0,0,0,0,,,,
23|86,0,0,0,0,0,0,0,0,0,0,0,0,0,0,0,0,,,,
13|117,0,0,0,0,0,0,0,0,0,0,0,0,0,0,0,0,,,,
29|8,0,0,0,0,0,0,0,0,0,0,0,0,0,0,0,0,,,,
90|124,0,0,0,0,0,0,0,0,0,0,0,0,0,0,0,0,,,,
97|12,0,0,0,0,0,0,0,0,0,0,0,0,1,0,0,0,,,,
51|91,0,0,0,0,0,0,0,0,0,0,0,0,0,0,0,0,,,,
26|104,0,0,0,0,0,0,0,0,0,0,0,0,0,0,0,0,,,,
141|113,0,0,0,0,0,0,0,0,0,0,0,0,0,0,0,0,,,,
103|118,0,0,0,0,0,0,0,0,0,0,0,0,0,0,0,0,,,,
11|44,0,0,0,0,0,0,0,0,0,0,0,0,0,0,0,0,,,,
81|4,0,0,0,0,0,0,0,0,0,0,0,0,0,0,0,0,,,,
88|18,0,0,0,0,0,0,0,0,0,0,0,0,0,0,0,0,,,,
42|97,0,0,0,0,0,0,0,0,0,0,0,0,0,0,0,0,,,,
51|112,0,0,0,0,0,0,0,0,0,0,0,0,0,0,0,0,,,,
120|58,0,0,0,0,0,2,0,0,0,0,0,0,0,0,0,0,,,,
116|105,0,0,0,0,0,0,0,0,0,0,0,0,0,0,0,0,,,,
78|103,0,0,0,0,0,0,0,0,0,0,0,0,0,0,0,0,,,,
102|101,0,0,0,0,0,0,0,0,0,0,0,0,0,0,0,0,0|0#1|0#2|0#3|0#4|0#5|0#6|0#7|0#8|0#9|0#10|0#11|0#12|0,0|0#1|0#2|0#3|0#4|0#5|0#6|0#7|0#8|0#9|0#10|0#11|0#12|0,0|0#1|0#2|0#3|0#4|0#5|0#6|0#7|0#8|0#9|0#10|0#11|0#12|0,0|0#1|0#2|0#3|0#4|0#5|0#6|0#7|0#8|0#9|0#10|0#11|0#12|0
4|114,0,0,0,0,0,0,0,0,0,0,0,0,0,0,0,0,,,,
12|100,0,0,0,0,0,0,0,0,0,0,0,0,0,0,0,0,,,,
113|89,0,0,0,0,0,0,0,0,0,0,0,3,3,0,0,0,0|0#1|0#2|0#3|0#4|0#5|0#6|0#7|0#8|0#9|0#10|0#11|0#12|0,0|0#1|0#2|0#3|0#4|0#5|0#6|0#7|0#8|0#9|0#10|0#11|0#12|0,0|0#1|0#2|0#3|0#4|0#5|0#6|0#7|0#8|0#9|0#10|0#11|0#12|0,0|0#1|0#2|0#3|0#4|0#5|0#6|0#7|0#8|0#9|0#10|0#11|0#12|0
1|87,0,0,0,0,0,0,0,0,0,0,0,0,0,0,0,0,,,,
114|1,0,0,0,0,0,0,0,0,0,0,0,0,0,0,0,0,,,,
52|129,0,0,0,0,0,0,0,0,0,0,0,0,0,0,0,0,,,,
122|83,0,0,0,0,0,0,0,0,0,0,0,1,3,0,0,0,0|0#1|0#2|0#3|0#4|0#5|0#6|0#7|0#8|0#9|0#10|0#11|0#12|0,0|0#1|0#2|0#3|0#4|0#5|0#6|0#7|0#8|0#9|0#10|0#11|0#12|0,0|0#1|0#2|0#3|0#4|0#5|0#6|0#7|0#8|0#9|0#10|0#11|0#12|0,0|0#1|0#2|0#3|0#4|0#5|0#6|0#7|0#8|0#9|0#10|0#11|0#12|0
