112|7,0,0,0,0,0,0,0,0,0,0,0,0,0,0,0,0,,,,
25|118,0,0,0,0,0,0,0,0,0,0,0,0,0,0,0,0,,,,
102|80,4,3,8,1,0,1,1,4,2,0,0,3,5,0,0,0,0|0#1|0#2|0#3|0#4|0#5|0#6|0#7|0#8|0#9|0#10|0#11|0#12|0,,0|0#1|0#2|0#3|0#4|0#5|0#6|0#7|0#8|0#9|0#10|0#11|0#12|0,
3|128,0,0,0,0,0,0,0,0,0,0,0,0,0,0,0,0,,,,
68|15,0,0,0,0,0,0,0,0,0,0,0,0,0,0,0,0,,,,
96|20,0,0,0,0,0,0,1,0,1,0,0,0,0,0,0,0,,,,
2|111,0,0,0,0,0,0,0,0,0,0,0,0,0,0,0,0,,,,
22|94,0,0,0,0,0,0,0,0,0,0,0,0,0,0,0,0,,,,
76|100,0,0,0,0,0,0,0,0,0,0,0,0,0,0,0,0,,,,
101|115,0,0,0,0,0,0,0,0,1,0,0,0,0,0,0,0,,,,
99|68,83,59,333,3,19,13,22,30,10,12,60,4,15,0,0,0,0|0#1|0#2|0#3|4#4|4#5|4#6|4#7|4#8|4#9|4#10|4#11|4#12|0,0|0#1|0#2|0#3|4#4|4#5|4#6|4#7|4#8|4#9|4#10|4#11|4#12|0,0|0#1|0#2|0#3|4#4|4#5|4#6|4#7|4#8|4#9|4#10|4#11|4#12|0,0|0#1|0#2|0#3|4#4|4#5|4#6|4#7|4#8|4#9|4#10|4#11|4#12|0
89|51,0,0,0,0,0,0,0,0,0,0,0,0,2,0,0,0,0|0#1|0#2|0#3|4#4|4#5|4#6|3#7|3#8|3#9|3#10|3#11|4#12|0,0|0#1|0#2|0#3|2#4|2#5|2#6|2#7|2#8|2#9|2#10|2#11|2#12|0,0|0#1|0#2|0#3|4#4|3#5|4#6|3#7|3#8|3#9|3#10|3#11|3#12|0,0|0#1|0#2|0#3|2#4|2#5|2#6|2#7|2#8|2#9|2#10|2#11|2#12|0
115|119,0,0,0,0,0,0,0,0,0,0,0,0,0,0,0,0,,,,
50|126,0,0,0,0,0,0,0,0,0,0,0,0,0,0,0,0,,,,
63|113,0,0,0,0,0,0,0,0,0,0,0,0,0,0,0,0,,,,
87|26,0,0,0,0,0,0,0,0,0,0,0,1,0,0,0,0,,,,
100|55,67,29,75,7,15,17,6,14,1,20,69,6,31,0,0,0,0|0#1|0#2|0#3|4#4|4#5|4#6|4#7|4#8|4#9|4#10|4#11|4#12|0,0|0#1|0#2|0#3|3#4|4#5|4#6|4#7|4#8|4#9|3#10|3#11|3#12|0,0|0#1|0#2|0#3|4#4|4#5|4#6|4#7|4#8|4#9|4#10|4#11|4#12|0,0|0#1|0#2|0#3|3#4|4#5|4#6|4#7|4#8|4#9|3#10|3#11|3#12|0
121|91,0,0,0,0,0,0,0,0,0,0,0,0,0,0,0,0,,,,
0|95,0,0,0,0,0,0,0,0,0,0,0,0,0,0,0,0,,,,
77|117,0,0,0,0,0,0,0,1,0,0,0,0,0,0,0,0,,,,
11|114,0,0,0,0,0,0,0,0,0,0,0,0,0,0,0,0,,,,
38|105,0,0,0,0,0,0,0,0,0,0,0,0,0,0,0,0,,,,
112|97,1,1,0,1,0,0,0,1,0,0,0,2,0,0,0,0,,,,
10|52,0,0,0,0,0,0,0,0,0,0,0,0,0,0,0,0,,,,
24|101,0,0,0,0,0,0,0,0,0,0,0,0,0,0,0,0,,,,
114|102,5,0,14,0,2,1,2,3,6,0,4,5,0,0,1,0,,0|0#1|0#2|0#3|0#4|0#5|0#6|0#7|0#8|0#9|0#10|0#11|0#12|0,,0|0#1|0#2|0#3|0#4|0#5|0#6|0#7|0#8|0#9|0#10|0#11|0#12|0
20|69,0,0,0,0,0,0,0,0,0,0,0,0,0,0,0,0,,,,
128|106,0,0,0,0,0,0,0,0,0,0,0,0,0,0,0,0,,,,
140|127,0,0,0,0,0,0,0,0,0,0,0,0,0,0,0,0,,,,
