21|26,0,0,0,0,0,0,0,0,0,0,0,0,0,0,0,0,,,,
52|79,0,0,0,0,0,0,0,0,0,0,0,0,0,0,0,0,,,,
61|73,0,0,0,0,0,0,0,0,0,0,0,0,0,0,1,0,,,,
146|142,0,0,0,0,0,0,0,0,0,0,0,0,0,0,0,0,,,,
106|85,0,0,0,0,0,0,0,0,0,0,0,0,0,0,0,0,0|0#1|0#2|0#3|0#4|0#5|0#6|0#7|0#8|0#9|0#10|0#11|0#12|0,,0|0#1|0#2|0#3|0#4|0#5|0#6|0#7|0#8|0#9|0#10|0#11|0#12|0,0|0#1|0#2|0#3|0#4|0#5|0#6|0#7|0#8|0#9|0#10|0#11|0#12|0
35|93,0,0,0,0,0,0,0,0,0,0,0,0,0,0,0,0,,,,
56|141,0,0,0,0,0,0,0,0,0,0,0,0,0,0,0,0,,,,
91|106,6,5,36,1,4,0,1,1,7,0,8,3,11,0,0,0,,,,
9|143,0,0,0,0,0,0,0,0,0,0,0,0,0,0,0,0,,,,
107|130,0,0,0,0,0,0,0,0,0,0,0,0,0,0,0,0,,,,
111|29,0,0,0,0,0,0,0,0,0,0,0,0,0,0,0,0,,,0|0#1|0#2|0#3|0#4|0#5|0#6|0#7|0#8|0#9|0#10|0#11|0#12|0,0|0#1|0#2|0#3|0#4|0#5|0#6|0#7|0#8|0#9|0#10|0#11|0#12|0
120|23,0,3,0,0,0,0,0,4,0,0,0,0,0,0,0,0,,0|0#1|0#2|0#3|0#4|0#5|0#6|0#7|0#8|0#9|0#10|0#11|0#12|0,,
80|84,0,1,0,0,0,0,0,0,0,0,1,1,3,0,0,0,,,,
101|12,0,0,0,0,0,0,0,0,0,0,0,0,0,0,0,0,,,,
40|37,0,0,0,0,0,0,0,0,0,0,0,0,0,0,0,0,,,,
108|147,0,0,0,0,0,0,0,0,0,0,0,0,0,0,0,0,,,,
132|65,0,0,0,0,0,0,0,0,0,0,0,0,0,0,0,0,,,,
151|76,0,0,0,0,0,0,0,0,0,0,0,0,0,0,0,0,,,,
33|68,0,0,0,0,0,0,0,0,0,0,0,0,0,0,0,0,,,,
30|20,0,0,0,0,0,0,0,0,0,0,0,0,0,0,0,0,,,,
14|57,0,2,0,0,0,0,0,3,0,0,0,1,0,0,0,0,,,,
22|7,0,0,0,0,0,0,0,0,0,0,0,0,0,0,0,0,,,,
16|82,0,0,0,0,0,0,0,0,0,0,0,0,0,0,0,0,,,,
42|62,0,0,0,0,0,0,0,0,0,0,0,0,0,0,0,0,,,,
1|52,0,0,0,0,0,0,0,0,0,0,0,0,0,0,0,0,,,,
113|54,0,0,4,0,4,6,1,2,1,0,0,0,0,0,0,0,0|0#1|0#2|0#3|0#4|0#5|0#6|0#7|0#8|0#9|0#10|0#11|0#12|0,,0|0#1|0#2|0#3|0#4|0#5|0#6|0#7|0#8|0#9|0#10|0#11|0#12|0,
134|90,0,0,0,0,0,0,0,0,0,0,0,0,0,0,0,0,,,,
23|51,0,0,0,0,0,0,0,0,0,0,0,0,0,0,0,0,,,,
18|146,0,0,0,0,0,0,0,0,0,0,0,0,0,0,0,0,,,,
26|99,0,0,0,0,0,0,0,0,0,0,0,0,0,0,0,0,,,,
125|96,0,0,0,0,0,0,0,0,1,0,0,0,0,0,0,0,,,,
