94|13,0,0,0,0,0,0,0,0,0,0,0,0,0,0,0,0,,,,
77|135,0,0,0,0,0,0,0,0,0,0,0,0,0,0,0,0,,,,
25|136,0,0,0,0,0,0,0,0,0,0,0,0,0,0,0,0,,,,
49|22,0,0,0,0,0,0,0,0,0,0,0,0,0,0,0,0,,,,
101|133,0,0,0,0,0,0,0,0,0,0,0,0,0,0,0,0,,,,
128|124,0,0,0,0,0,0,0,0,0,0,1,1,0,0,0,0,,,,
114|120,0,0,0,0,0,0,0,0,0,0,0,0,0,0,0,0,,,,
50|144,0,0,0,0,0,0,0,0,0,0,0,0,0,0,0,0,,,,
140|145,0,0,0,0,0,0,0,0,0,0,0,0,0,0,0,0,,,,
38|123,0,0,0,0,0,0,0,0,0,0,0,0,0,0,0,0,,,,
11|132,0,0,0,0,0,0,0,0,0,0,0,0,0,0,0,0,,,,
51|5,0,0,0,0,0,0,0,0,0,0,0,0,0,0,0,0,,,,
100|73,0,1,0,0,0,0,0,0,0,0,0,1,0,0,0,0,0|0#1|0#2|0#3|4#4|4#5|2#6|3#7|2#8|2#9|3#10|2#11|3#12|0,0|0#1|0#2|0#3|4#4|3#5|2#6|2#7|1#8|1#9|2#10|2#11|1#12|0,0|0#1|0#2|0#3|4#4|3#5|2#6|2#7|2#8|2#9|2#10|2#11|3#12|0,0|0#1|0#2|0#3|3#4|2#5|2#6|2#7|1#8|2#9|2#10|2#11|2#12|0
110|0,0,0,0,0,0,0,0,0,0,0,0,0,0,0,0,0,,,,
87|44,1,0,0,1,0,0,0,0,0,0,0,0,0,0,0,0,0|0#1|0#2|0#3|0#4|0#5|0#6|0#7|0#8|0#9|0#10|0#11|0#12|0,0|0#1|0#2|0#3|0#4|0#5|0#6|0#7|0#8|0#9|0#10|0#11|0#12|0,0|0#1|0#2|0#3|0#4|0#5|0#6|0#7|0#8|0#9|0#10|0#11|0#12|0,0|0#1|0#2|0#3|0#4|0#5|0#6|0#7|0#8|0#9|0#10|0#11|0#12|0
20|87,0,0,0,0,0,0,0,0,0,0,0,0,0,0,0,0,,,,
139|25,0,0,0,0,0,0,0,0,0,0,0,0,0,0,0,0,,,0|0#1|0#2|0#3|0#4|0#5|0#6|0#7|0#8|0#9|0#10|0#11|0#12|0,
10|70,0,0,0,0,0,0,0,0,0,0,0,0,0,0,0,0,,,,
99|86,0,0,0,0,0,0,0,0,0,0,0,0,0,0,0,0,,,,
63|131,0,0,0,0,0,0,0,0,0,0,0,0,0,0,0,0,,,,
3|146,0,0,0,0,0,0,0,0,0,0,0,0,0,0,0,0,,,,
59|39,0,0,0,0,0,0,0,0,0,0,0,0,0,0,0,0,,,,
8|12,0,0,0,0,0,0,0,0,0,0,0,0,0,0,0,0,,,,
115|137,0,0,1,0,0,2,0,1,0,0,0,0,1,0,0,0,,,,
68|33,2,1,6,1,0,1,0,1,5,0,1,5,1,0,0,0,,,,
85|19,0,0,0,0,0,0,0,0,0,0,0,0,0,0,0,0,,,,
25|7,0,0,0,0,0,0,0,0,0,0,0,0,0,0,0,0,,,,
