17|18,1,1,0,0,0,0,0,0,0,0,0,0,0,0,2,0,,,,
147|68,7,3,15,1,0,2,0,3,1,1,3,1,1,0,0,0,0|0#1|0#2|0#3|0#4|0#5|0#6|0#7|0#8|0#9|0#10|0#11|0#12|0,0|0#1|0#2|0#3|0#4|0#5|0#6|0#7|0#8|0#9|0#10|0#11|0#12|0,0|0#1|0#2|0#3|0#4|0#5|0#6|0#7|0#8|0#9|0#10|0#11|0#12|0,0|0#1|0#2|0#3|0#4|0#5|0#6|0#7|0#8|0#9|0#10|0#11|0#12|0
111|141,0,0,0,0,0,0,0,2,0,0,0,0,0,0,0,0,,,,
21|140,0,0,0,0,0,0,0,0,0,0,0,0,0,0,0,0,,,,
118|40,0,0,0,0,0,0,0,0,0,0,0,0,0,0,0,0,,,,
64|34,81,16,64,7,7,2,0,7,8,1,25,5,4,0,0,0,,,,
90|14,0,0,0,0,0,0,0,0,0,0,0,0,0,0,0,0,,,,
26|12,0,0,0,0,0,0,0,0,0,0,0,0,0,0,0,0,,,,
45|23,1,4,1,0,0,1,0,3,0,0,0,0,3,0,0,0,,,,
144|20,0,0,0,0,0,0,0,0,0,0,0,0,0,0,0,0,,,,
85|70,5,3,1,1,0,0,5,0,0,0,2,0,0,0,0,0,0|0#1|0#2|0#3|0#4|0#5|0#6|0#7|0#8|0#9|0#10|0#11|0#12|0,0|0#1|0#2|0#3|0#4|0#5|0#6|0#7|0#8|0#9|0#10|0#11|0#12|0,0|0#1|0#2|0#3|0#4|0#5|0#6|0#7|0#8|0#9|0#10|0#11|0#12|0,0|0#1|0#2|0#3|0#4|0#5|0#6|0#7|0#8|0#9|0#10|0#11|0#12|0
109|46,0,0,0,0,0,0,0,0,0,0,0,0,0,0,0,0,0|0#1|0#2|0#3|0#4|0#5|0#6|0#7|0#8|0#9|0#10|0#11|0#12|0,,,
70|109,0,0,0,0,0,0,0,0,0,0,0,0,0,0,0,0,,,,
36|29,0,0,0,0,0,0,0,0,0,0,0,0,0,0,0,0,,,,
149|93,0,0,0,0,0,0,0,0,0,0,0,0,0,0,0,0,,,,
135|26,0,0,0,0,0,0,0,0,0,0,0,0,0,0,0,0,,,,
83|45,0,1,0,0,0,0,0,0,0,0,0,0,0,0,0,0,0|0#1|0#2|0#3|0#4|0#5|0#6|0#7|0#8|0#9|0#10|0#11|0#12|0,0|0#1|0#2|0#3|0#4|0#5|0#6|0#7|0#8|0#9|0#10|0#11|0#12|0,0|0#1|0#2|0#3|0#4|0#5|0#6|0#7|0#8|0#9|0#10|0#11|0#12|0,0|0#1|0#2|0#3|0#4|0#5|0#6|0#7|0#8|0#9|0#10|0#11|0#12|0
35|144,0,0,0,0,0,0,0,0,0,0,0,0,0,0,0,0,,,,
11|6,0,0,0,0,0,1,0,0,0,0,0,0,0,0,0,0,,,,
59|90,2,1,0,0,0,0,0,2,0,1,0,0,1,0,0,0,,,,
57|65,0,0,0,0,0,0,0,0,0,0,0,0,0,0,0,0,,,,
87|143,0,0,0,0,0,0,0,0,0,0,0,0,0,0,0,0,,,,
116|15,0,0,0,0,0,0,0,0,0,0,0,0,0,0,0,0,,,,
95|87,3,2,13,0,1,5,1,1,3,0,1,3,2,0,0,0,,0|0#1|0#2|0#3|0#4|0#5|0#6|0#7|0#8|0#9|0#10|0#11|0#12|0,,
125|145,0,0,0,0,0,0,0,0,0,0,0,0,0,0,0,0,,,,
9|86,0,0,0,0,0,0,0,0,0,0,0,0,0,0,0,0,,,,
137|51,0,0,0,0,0,0,0,0,0,0,0,0,0,0,0,0,,,,
38|54,0,0,0,0,0,0,0,0,0,0,0,0,0,0,0,0,,,,
19|43,0,0,0,0,0,0,0,1,0,0,0,0,0,0,0,0,,,,
128|57,0,0,0,0,0,0,0,0,0,0,0,0,0,0,0,0,,,,
138|132,0,0,0,0,0,0,0,0,0,0,0,0,0,0,0,0,,,,
48|131,0,0,0,0,0,0,0,0,0,0,0,0,0,0,0,0,,,,
4|13,0,0,0,0,0,0,0,0,0,0,0,0,0,0,0,0,,,,
76|76,0,0,0,0,0,0,0,0,0,0,0,0,0,0,0,0,,,,
