27|121,0,0,0,0,0,0,0,0,0,0,0,0,0,0,0,0,,,,
79|120,0,0,0,0,0,0,0,0,0,0,0,0,0,0,0,0,,,,
50|89,0,1,0,0,0,0,0,7,0,0,0,0,0,0,0,0,,,,
5|131,0,0,0,0,0,0,0,0,0,0,0,0,0,0,0,0,,,,
79|24,0,0,0,0,0,1,0,0,0,0,0,4,0,0,0,0,,,,
118|139,0,0,0,0,0,0,0,0,1,0,0,0,0,0,0,0,,,,
37|6,0,0,0,0,0,0,0,0,0,0,0,0,0,0,0,0,,,,
53|146,0,0,0,0,0,0,0,0,0,0,0,0,0,0,0,0,,,,
104|95,10,6,28,3,3,6,4,1,5,0,5,4,7,0,0,0,,0|0#1|0#2|0#3|0#4|0#5|0#6|0#7|0#8|0#9|0#10|0#11|0#12|0,0|0#1|0#2|0#3|0#4|0#5|0#6|0#7|0#8|0#9|0#10|0#11|0#12|0,
14|134,0,0,0,0,0,0,0,0,0,0,0,0,0,0,0,0,,,,
40|72,0,0,0,0,0,0,1,0,0,0,0,0,1,0,0,0,0|0#1|0#2|0#3|0#4|0#5|0#6|0#7|0#8|0#9|0#10|0#11|0#12|0,,,
117|122,0,1,0,0,1,2,0,0,0,0,2,0,1,0,0,0,,,,
14|92,0,0,0,0,0,0,0,0,0,0,0,0,0,0,0,0,,,,
66|133,0,0,0,0,0,0,0,0,0,0,0,0,0,0,0,0,,,,
143|147,0,0,0,0,0,0,0,0,0,0,0,0,0,0,0,0,,,,
98|35,0,0,0,0,0,0,0,2,0,0,0,0,1,0,0,0,,,,0|0#1|0#2|0#3|0#4|0#5|0#6|0#7|0#8|0#9|0#10|0#11|0#12|0
63|4,0,0,0,0,0,0,0,0,0,0,0,0,0,0,0,0,,,,
142|130,0,0,0,0,0,0,0,0,0,0,0,0,0,0,0,0,,,,
28|138,0,0,0,0,0,0,0,0,0,0,0,0,0,0,0,0,,,,
104|135,0,0,0,0,0,0,0,0,0,0,0,0,0,0,0,0,,,,
31|78,0,0,0,0,0,0,0,0,0,0,0,0,0,0,0,0,,,,
21|61,0,0,0,0,0,0,0,0,0,0,0,0,0,0,0,0,,,,
12|67,0,0,0,0,0,0,0,0,0,0,0,0,0,0,0,0,,,,
91|141,0,0,0,0,0,0,0,0,0,0,0,0,0,0,0,0,,,,
111|64,0,0,6,0,0,1,1,0,1,0,0,2,0,0,0,0,0|0#1|0#2|0#3|0#4|0#5|0#6|0#7|0#8|0#9|0#10|0#11|0#12|0,0|0#1|0#2|0#3|0#4|0#5|0#6|0#7|0#8|0#9|0#10|0#11|0#12|0,0|0#1|0#2|0#3|0#4|0#5|0#6|0#7|0#8|0#9|0#10|0#11|0#12|0,0|0#1|0#2|0#3|0#4|0#5|0#6|0#7|0#8|0#9|0#10|0#11|0#12|0
130|75,0,0,0,0,0,0,0,0,0,0,0,0,0,0,0,0,,,,
