139|145,0,0,0,0,0,0,0,0,2,0,0,0,0,0,0,0,,,,
116|11,0,0,0,0,0,0,0,0,0,0,0,0,0,0,0,0,,,,
67|78,2,1,1,0,0,1,0,1,1,0,0,0,0,0,0,0,,,,
38|50,0,0,0,0,0,0,0,0,1,0,0,0,0,0,0,0,,,,
84|109,0,0,0,0,0,0,0,0,0,0,0,0,0,0,0,0,,,,
83|41,0,0,0,0,0,0,0,0,0,0,0,0,0,0,0,0,,,,
86|89,17,10,41,2,2,8,1,5,7,0,9,1,4,0,0,0,0|0#1|0#2|0#3|0#4|0#5|0#6|0#7|0#8|0#9|0#10|0#11|0#12|0,0|0#1|0#2|0#3|0#4|0#5|0#6|0#7|0#8|0#9|0#10|0#11|0#12|0,0|0#1|0#2|0#3|0#4|0#5|0#6|0#7|0#8|0#9|0#10|0#11|0#12|0,0|0#1|0#2|0#3|0#4|0#5|0#6|0#7|0#8|0#9|0#10|0#11|0#12|0
48|67,0,0,0,0,0,0,0,1,0,0,0,0,0,0,0,0,,,,
93|58,25,5,411,77,7,6,3,3,0,1,21,52,2,0,0,0,0|0#1|0#2|0#3|4#4|4#5|4#6|4#7|4#8|4#9|4#10|4#11|4#12|0,0|0#1|0#2|0#3|4#4|4#5|4#6|4#7|4#8|4#9|4#10|4#11|3#12|0,0|0#1|0#2|0#3|4#4|4#5|4#6|4#7|4#8|4#9|4#10|4#11|4#12|0,0|0#1|0#2|0#3|4#4|4#5|4#6|4#7|4#8|4#9|4#10|4#11|3#12|0
147|64,0,0,0,0,0,0,0,0,0,0,0,0,0,0,0,0,,0|0#1|0#2|0#3|0#4|0#5|0#6|0#7|0#8|0#9|0#10|0#11|0#12|0,,0|0#1|0#2|0#3|0#4|0#5|0#6|0#7|0#8|0#9|0#10|0#11|0#12|0
49|144,0,0,0,0,0,0,0,0,0,0,0,0,0,0,0,0,,,,
81|16,3,0,5,0,0,1,2,2,1,0,1,0,0,0,0,0,,,,
57|61,0,0,4,0,2,1,0,0,7,0,1,7,1,0,0,0,,,,
109|42,0,0,0,0,0,0,0,0,0,0,0,0,0,0,0,0,0|0#1|0#2|0#3|0#4|0#5|0#6|0#7|0#8|0#9|0#10|0#11|0#12|0,,0|0#1|0#2|0#3|0#4|0#5|0#6|0#7|0#8|0#9|0#10|0#11|0#12|0,
11|2,0,0,0,0,0,0,0,0,0,0,0,0,0,0,0,0,,,,
145|39,0,0,0,0,0,0,0,0,0,0,0,0,0,0,0,0,,,,
64|30,0,0,0,0,0,0,0,0,0,0,0,0,0,0,0,0,,,,
7|57,0,0,0,0,0,0,0,0,0,0,0,0,0,0,0,0,,,,
74|47,0,0,0,0,0,0,1,0,1,0,0,0,0,0,0,0,,,,
90|10,0,0,0,0,0,0,0,0,0,0,0,0,1,0,0,0,,,,
115|9,0,0,0,0,0,0,0,0,0,0,0,0,0,0,0,0,,,,
9|82,0,0,0,0,0,0,0,0,0,0,0,0,0,0,0,0,,,,
119|59,0,0,0,0,0,0,0,0,0,0,0,0,0,0,0,0,,,0|0#1|0#2|0#3|0#4|0#5|0#6|0#7|0#8|0#9|0#10|0#11|0#12|0,
17|14,0,0,0,0,0,0,0,0,0,0,0,0,0,0,0,0,,,,
126|28,0,0,0,0,0,0,0,0,0,0,0,0,0,0,0,0,,,,
141|7,0,0,0,0,0,0,0,0,0,0,0,0,0,0,0,0,,,,
29|56,0,0,0,0,0,0,0,0,0,0,0,0,0,0,0,0,,,,
36|25,0,0,0,0,0,2,0,1,0,0,0,0,1,0,0,0,,,,
128|53,0,0,0,0,0,0,0,0,0,0,0,0,0,0,0,0,,,,
76|72,0,0,0,0,0,2,2,4,0,0,0,1,2,0,0,0,0|0#1|0#2|0#3|0#4|0#5|0#6|0#7|0#8|0#9|0#10|0#11|0#12|0,,0|0#1|0#2|0#3|0#4|0#5|0#6|0#7|0#8|0#9|0#10|0#11|0#12|0,
107|17,0,0,0,0,0,0,0,0,0,0,0,0,0,0,0,0,,,,
125|141,0,0,0,0,0,0,0,0,0,0,0,0,0,0,0,0,,,,
35|140,0,0,0,0,0,0,0,0,0,0,0,0,0,0,0,0,,,,
135|22,0,0,0,0,0,0,0,0,0,0,0,0,0,0,0,0,,,,
95|83,14,2,23,1,1,3,3,1,1,0,2,3,32,0,0,0,,,,
55|36,0,0,0,0,0,0,0,0,0,0,0,0,0,0,0,0,,0|0#1|0#2|0#3|0#4|0#5|0#6|0#7|0#8|0#9|0#10|0#11|0#12|0,,0|0#1|0#2|0#3|0#4|0#5|0#6|0#7|0#8|0#9|0#10|0#11|0#12|0
70|105,0,0,0,0,0,0,0,0,0,0,0,0,0,0,0,0,,,,
