86|51,47,23,29,17,7,2,1,33,1,2,13,6,3,0,0,0,0|0#1|0#2|0#3|3#4|2#5|1#6|0#7|1#8|1#9|2#10|0#11|2#12|0,0|0#1|0#2|0#3|2#4|1#5|1#6|0#7|0#8|0#9|0#10|0#11|0#12|0,0|0#1|0#2|0#3|2#4|1#5|0#6|1#7|0#8|2#9|1#10|0#11|2#12|0,0|0#1|0#2|0#3|2#4|0#5|0#6|0#7|0#8|0#9|0#10|0#11|0#12|0
65|15,0,0,0,0,0,0,0,0,0,0,0,0,0,0,0,0,,,,
89|135,0,0,0,0,0,0,0,0,0,0,0,0,0,0,0,0,,,,
119|21,0,0,0,0,0,0,0,0,0,0,0,0,0,0,0,0,,,,
77|57,0,0,0,0,0,0,0,0,0,0,0,0,0,0,0,0,,,,
67|40,0,0,0,0,0,0,0,0,0,0,0,0,0,0,0,0,,,,
10|145,0,0,0,0,0,0,0,0,0,0,0,0,0,0,0,0,,,,
89|99,46,14,103,9,14,14,4,14,5,2,42,28,8,0,0,0,0|0#1|0#2|0#3|0#4|0#5|0#6|0#7|0#8|0#9|0#10|0#11|0#12|0,0|0#1|0#2|0#3|0#4|0#5|0#6|0#7|0#8|0#9|0#10|0#11|0#12|0,0|0#1|0#2|0#3|0#4|0#5|0#6|0#7|0#8|0#9|0#10|0#11|0#12|0,0|0#1|0#2|0#3|0#4|0#5|0#6|0#7|0#8|0#9|0#10|0#11|0#12|0
1|142,0,0,0,0,0,0,0,0,0,0,0,0,0,0,0,0,,,,
39|35,0,1,0,0,0,1,0,1,0,0,0,1,1,0,0,0,,,0|0#1|0#2|0#3|0#4|0#5|0#6|0#7|0#8|0#9|0#10|0#11|0#12|0,
98|93,0,0,0,0,0,0,0,0,0,0,0,0,0,0,0,0,,,,
100|146,0,0,0,0,0,0,0,0,0,0,0,0,0,0,0,0,,,,
37|136,0,0,0,0,0,0,0,0,0,0,0,0,0,0,0,0,,,,
93|20,0,0,0,0,0,0,0,0,0,0,0,0,0,0,0,0,,,,
9|2,0,0,0,0,0,0,0,0,0,0,0,1,0,0,0,0,,,,
76|1,0,0,0,0,0,0,0,0,0,0,0,0,0,0,0,0,,,,
58|46,0,0,0,0,0,0,0,0,1,0,0,0,0,0,0,0,,,,
148|49,0,0,0,0,0,0,0,0,0,0,0,0,0,0,0,0,,,,
62|144,0,0,0,0,0,0,0,0,0,0,0,0,0,0,0,0,,,,
75|131,0,0,0,0,0,0,0,0,0,0,0,0,0,0,0,0,,,,
127|137,0,0,0,0,0,0,0,0,0,0,0,0,0,0,0,0,,,,
79|82,3,1,5,13,0,2,1,7,0,0,0,0,1,0,0,0,0|0#1|0#2|0#3|2#4|2#5|0#6|0#7|0#8|0#9|0#10|0#11|0#12|0,0|0#1|0#2|0#3|1#4|1#5|0#6|0#7|0#8|0#9|0#10|0#11|0#12|0,0|0#1|0#2|0#3|2#4|0#5|0#6|0#7|0#8|0#9|0#10|0#11|0#12|0,0|0#1|0#2|0#3|1#4|0#5|0#6|0#7|0#8|0#9|0#10|0#11|0#12|0
129|38,0,0,1,0,0,0,0,0,0,0,0,2,0,0,0,0,,,,
113|133,0,0,0,0,0,0,0,0,0,0,0,0,0,0,0,0,,,,
84|26,0,0,0,0,0,0,0,0,0,0,0,0,0,0,0,0,,,,
96|68,98,43,164,23,25,14,13,21,3,16,96,48,16,1,0,0,0|0#1|0#2|0#3|4#4|4#5|4#6|4#7|4#8|4#9|4#10|4#11|4#12|0,0|0#1|0#2|0#3|4#4|4#5|4#6|4#7|4#8|4#9|4#10|4#11|4#12|0,0|0#1|0#2|0#3|4#4|4#5|4#6|4#7|4#8|4#9|4#10|4#11|4#12|0,0|0#1|0#2|0#3|4#4|4#5|4#6|4#7|4#8|4#9|4#10|4#11|4#12|0
152|145,0,0,0,0,0,0,0,0,0,0,0,0,0,0,0,0,,,,
23|132,0,0,0,0,0,0,0,0,0,0,0,0,0,0,0,0,,,,
126|120,0,0,0,0,0,0,0,0,0,0,0,0,0,0,0,0,,,,
138|32,0,0,0,0,0,0,0,0,0,0,0,0,0,0,0,0,,,,
