51|58,0,0,0,0,0,0,0,2,0,0,0,0,0,0,0,0,,,,
106|115,0,0,0,0,0,1,1,0,0,0,0,3,0,0,0,0,,,,
41|41,0,0,0,0,0,0,0,0,1,0,0,6,0,0,0,0,0|0#1|0#2|0#3|0#4|0#5|0#6|0#7|0#8|0#9|0#10|0#11|0#12|0,,0|0#1|0#2|0#3|0#4|0#5|0#6|0#7|0#8|0#9|0#10|0#11|0#12|0,
68|113,0,1,0,0,0,0,0,0,0,0,1,0,0,0,0,0,,,,
94|138,0,0,0,0,0,0,0,0,0,0,0,0,0,0,0,0,,,,
131|123,0,0,1,0,0,2,0,1,1,0,0,4,1,0,0,0,,,,
144|110,0,0,0,0,0,0,0,0,0,0,0,0,0,0,0,0,,,,
22|30,0,0,0,0,0,0,0,0,2,0,0,0,0,0,0,0,,,,
119|102,0,0,0,0,0,1,0,1,0,1,0,0,2,0,0,0,,,,
93|121,0,0,0,0,0,0,0,0,0,0,0,1,0,0,0,0,,,,
103|39,0,0,0,0,0,0,0,0,0,0,0,0,0,0,0,0,,,,
15|61,0,0,0,0,0,0,0,0,0,0,0,0,0,0,0,0,,,,
40|9,0,0,0,0,0,0,0,0,0,0,0,0,0,0,0,0,,,,
7|111,0,0,0,0,0,0,0,0,0,0,0,0,0,0,0,0,,,,
55|126,0,0,0,0,0,0,0,0,0,0,0,0,0,0,0,0,,,,
70|69,0,0,0,0,0,0,0,0,0,0,0,0,0,0,0,0,,,,
53|83,1,0,0,0,0,0,0,2,0,0,0,0,1,0,0,0,,,0|0#1|0#2|0#3|0#4|0#5|0#6|0#7|0#8|0#9|0#10|0#11|0#12|0,
72|94,0,0,0,0,0,0,1,0,0,0,0,1,0,0,0,0,,,,
80|134,0,0,0,0,0,0,0,1,1,0,0,0,0,0,0,0,,,,
25|78,0,0,0,0,0,0,0,0,0,0,0,0,0,0,0,0,,,,
29|101,0,0,0,0,0,0,0,0,0,0,0,0,0,0,0,0,,,,
143|86,0,0,0,0,0,0,0,0,0,0,0,0,0,0,0,0,,,,
32|47,0,0,0,0,0,0,0,0,0,0,0,0,0,0,0,0,,,,
112|33,0,0,0,0,0,0,0,0,0,0,0,0,0,0,0,0,,,,
42|139,0,0,0,0,0,0,0,0,0,0,0,0,0,0,0,0,,,,
105|64,32,10,26,2,3,2,3,8,1,3,20,4,7,0,0,0,0|0#1|0#2|0#3|4#4|4#5|4#6|4#7|4#8|4#9|4#10|4#11|4#12|0,0|0#1|0#2|0#3|4#4|4#5|4#6|4#7|4#8|4#9|4#10|4#11|4#12|0,0|0#1|0#2|0#3|4#4|4#5|4#6|4#7|4#8|4#9|4#10|4#11|4#12|0,0|0#1|0#2|0#3|4#4|4#5|4#6|4#7|4#8|4#9|4#10|4#11|4#12|0
60|52,0,0,0,0,0,0,0,0,0,0,0,0,0,0,0,0,,,,
3|79,0,0,0,0,0,0,0,0,0,0,0,0,0,0,0,0,,,,
150|55,0,0,0,0,0,0,0,0,0,0,0,0,0,0,0,0,,,,
16|114,0,0,0,0,0,0,0,0,0,0,0,0,0,0,0,0,,,,
145|127,0,0,0,0,0,0,0,0,0,0,0,0,0,0,0,0,,,,
13|36,0,0,0,0,0,0,0,0,0,0,0,0,0,0,0,0,,,,
0|31,0,0,0,0,0,0,0,0,0,0,0,0,0,0,0,0,,,,
131|44,0,0,0,0,0,0,0,0,0,0,0,0,0,0,0,0,,,,
34|72,0,0,0,0,0,0,0,0,0,0,0,0,0,0,0,0,,,,
44|89,0,0,0,0,0,0,0,0,0,0,0,0,0,0,0,0,,,,
152|80,0,0,0,0,0,0,0,0,0,0,0,0,0,0,0,0,,,,
124|75,0,0,0,0,0,0,0,0,0,0,0,0,0,0,0,0,,,,
67|0,0,0,0,0,0,0,0,0,0,0,0,1,0,0,0,0,,,,
8|128,0,0,0,0,0,0,0,0,0,0,0,0,0,0,0,0,,,,
41|122,0,0,0,0,0,0,0,0,0,0,0,0,0,0,0,0,,,,
