98|56,43,17,90,5,5,2,2,9,0,13,31,70,23,0,0,0,0|0#1|0#2|0#3|4#4|4#5|4#6|4#7|4#8|4#9|4#10|4#11|4#12|0,0|0#1|0#2|0#3|4#4|4#5|4#6|4#7|4#8|4#9|4#10|4#11|4#12|0,0|0#1|0#2|0#3|4#4|4#5|4#6|4#7|4#8|4#9|4#10|4#11|4#12|0,0|0#1|0#2|0#3|4#4|4#5|4#6|4#7|4#8|4#9|4#10|4#11|4#12|0
152|108,0,0,0,0,0,0,0,0,0,0,0,0,0,0,0,0,,,,
35|2,0,0,0,0,0,0,0,0,0,0,0,0,0,0,0,0,,,,
31|99,0,0,0,0,0,0,0,0,0,0,0,0,0,0,0,0,,,,
27|142,0,0,0,0,0,0,0,0,0,0,0,0,0,0,0,0,,,,
117|143,0,0,0,0,0,0,0,0,0,0,0,0,0,0,0,0,,,,
10|108,0,0,0,0,0,0,0,0,0,0,0,0,0,0,0,0,,,,
111|85,0,0,3,0,0,1,0,3,1,0,1,1,2,0,0,0,0|0#1|0#2|0#3|0#4|0#5|0#6|0#7|0#8|0#9|0#10|0#11|0#12|0,0|0#1|0#2|0#3|0#4|0#5|0#6|0#7|0#8|0#9|0#10|0#11|0#12|0,0|0#1|0#2|0#3|0#4|0#5|0#6|0#7|1#8|0#9|0#10|0#11|0#12|0,0|0#1|0#2|0#3|0#4|0#5|0#6|0#7|0#8|0#9|0#10|0#11|0#12|0
1|105,0,0,0,0,0,0,0,0,0,0,0,0,0,0,0,0,,,,
79|45,0,0,0,0,0,0,0,1,0,0,0,0,0,0,0,0,,0|0#1|0#2|0#3|0#4|0#5|0#6|0#7|0#8|0#9|0#10|0#11|0#12|0,,0|0#1|0#2|0#3|0#4|0#5|0#6|0#7|0#8|0#9|0#10|0#11|0#12|0
12|88,0,0,0,0,0,0,0,0,0,0,0,0,0,0,0,0,,,,
139|9,0,0,0,0,0,0,0,0,0,0,0,0,0,0,0,0,,,,
62|107,0,0,0,0,0,0,1,0,1,0,0,3,0,0,0,0,,,,
40|93,0,0,0,0,0,0,0,0,0,0,0,0,0,0,0,0,,,,
86|14,0,0,0,0,0,0,0,0,0,0,0,0,0,0,0,0,,,,
21|82,0,0,0,0,0,0,0,0,0,0,0,0,0,0,0,0,,,,
100|109,0,0,0,0,0,0,0,0,0,0,0,0,0,0,0,0,,,,
130|96,0,0,0,0,0,0,0,0,0,0,0,0,0,0,0,0,,,,
61|0,0,0,0,0,0,0,0,0,0,0,0,0,0,0,0,0,,,,
79|141,0,0,0,0,0,0,0,0,0,0,0,0,0,0,0,0,,,,
