32|7,0,0,0,0,0,0,0,0,0,0,0,0,0,0,0,0,,,,
27|99,0,0,0,0,0,0,0,0,0,0,0,0,0,0,0,0,,,,
144|106,0,0,0,0,0,0,0,0,0,0,0,0,0,0,0,0,,,,
31|20,0,0,0,0,0,0,0,0,0,0,0,0,0,0,0,0,,,,
131|119,0,0,0,1,0,0,0,0,2,0,0,1,1,0,0,0,,,,
54|105,0,0,0,0,0,0,0,1,0,0,0,0,0,0,0,0,,,,
43|62,0,0,0,0,0,0,0,0,0,0,0,0,0,0,0,0,,,,
107|85,0,0,0,0,0,0,0,0,2,0,0,5,1,0,0,0,0|0#1|0#2|0#3|0#4|0#5|0#6|0#7|0#8|0#9|0#10|0#11|0#12|0,0|0#1|0#2|0#3|0#4|0#5|0#6|0#7|0#8|0#9|0#10|0#11|0#12|0,,
40|101,0,0,0,0,0,0,0,0,0,0,0,0,0,0,0,0,,,,
62|73,0,0,0,0,0,0,0,0,0,0,0,0,0,0,1,0,,,,
53|79,0,1,0,0,0,0,0,1,0,0,0,0,0,0,0,0,0|0#1|0#2|0#3|0#4|0#5|0#6|0#7|0#8|0#9|0#10|0#11|0#12|0,,,
121|23,0,1,0,0,0,0,0,1,1,0,0,0,1,0,0,0,,,0|0#1|0#2|0#3|0#4|0#5|0#6|0#7|0#8|0#9|0#10|0#11|0#12|0,
133|65,0,0,0,0,0,0,0,0,0,0,0,0,0,0,0,0,,,,
50|31,0,0,0,0,0,0,0,0,0,0,0,0,0,0,0,0,,,,
114|54,0,0,0,0,1,0,0,1,0,0,0,5,4,0,0,0,,0|0#1|0#2|0#3|0#4|0#5|0#6|0#7|0#8|0#9|0#10|0#11|0#12|0,,0|0#1|0#2|0#3|0#4|0#5|0#6|0#7|0#8|0#9|0#10|0#11|0#12|0
109|141,0,0,0,0,0,0,0,0,0,0,0,0,0,0,0,0,,,,
92|100,0,0,0,0,0,0,0,0,0,0,0,0,0,0,0,0,,0|0#1|0#2|0#3|0#4|0#5|0#6|0#7|0#8|0#9|0#10|0#11|0#12|0,0|0#1|0#2|0#3|0#4|0#5|0#6|0#7|0#8|0#9|0#10|0#11|0#12|0,
68|109,0,0,0,0,0,0,0,0,0,0,0,0,0,0,0,0,,,,
60|48,0,0,0,0,0,0,0,0,0,0,0,0,0,0,0,0,,,,
112|29,0,0,0,0,0,0,0,0,0,0,0,0,0,0,0,0,,,,
152|76,0,0,0,0,0,0,0,0,0,0,0,0,0,0,0,0,,,,
135|90,0,0,0,0,0,0,0,0,0,0,0,0,0,0,0,0,,,,
22|26,0,0,0,0,0,0,0,0,0,0,0,0,0,0,0,0,,,,
41|37,0,0,0,2,0,0,0,5,0,0,0,2,0,0,0,0,,0|0#1|0#2|0#3|0#4|0#5|0#6|0#7|0#8|0#9|0#10|0#11|0#12|0,0|0#1|0#2|0#3|0#4|0#5|0#6|0#7|0#8|0#9|0#10|0#11|0#12|0,0|0#1|0#2|0#3|0#4|0#5|0#6|0#7|0#8|0#9|0#10|0#11|0#12|0
24|51,0,0,0,0,0,0,0,0,0,0,0,0,0,0,0,0,,,,
34|68,0,0,0,0,0,0,0,0,0,0,0,0,0,0,0,0,,,,
36|93,0,0,0,0,0,0,0,0,0,0,0,0,0,0,0,0,,,,
81|84,0,0,0,0,0,0,0,0,0,0,0,0,1,0,0,0,,,,
102|12,0,0,0,0,0,0,0,0,0,0,0,0,0,0,0,0,,,,
41|118,0,0,0,0,0,0,0,0,0,0,0,0,0,0,0,0,,,,
93|117,7,2,11,1,3,3,3,2,2,0,3,2,5,0,0,0,,,,
130|102,0,0,0,0,0,0,0,0,0,0,0,2,0,0,0,0,,,,
126|96,0,0,0,0,0,0,0,0,0,0,0,0,1,0,0,0,,,,
17|82,0,0,0,0,0,0,0,0,0,0,0,0,0,0,0,0,,,,
7|107,0,0,0,0,0,0,0,0,0,0,0,0,0,0,0,0,,,,
15|57,0,2,0,0,0,0,0,7,0,0,0,2,0,0,0,0,,,,
140|34,0,0,0,0,0,0,0,0,0,0,0,0,0,0,0,0,,0|0#1|0#2|0#3|0#4|0#5|0#6|0#7|0#8|0#9|0#10|0#11|0#12|0,0|0#1|0#2|0#3|0#4|0#5|0#6|0#7|0#8|0#9|0#10|0#11|0#12|0,
0|27,0,0,0,0,0,0,0,0,0,0,0,0,0,0,0,0,,,,
19|140,0,0,0,0,0,0,0,0,0,0,0,0,0,0,0,0,,,,
2|52,0,0,0,0,0,0,0,0,0,0,0,0,0,0,0,0,,,,
