123|97,0,1,0,0,0,1,1,0,1,0,0,8,0,0,0,0,0|0#1|0#2|0#3|0#4|0#5|0#6|0#7|0#8|0#9|0#10|0#11|0#12|0,0|0#1|0#2|0#3|0#4|0#5|0#6|0#7|0#8|0#9|0#10|0#11|0#12|0,0|0#1|0#2|0#3|0#4|0#5|0#6|0#7|0#8|0#9|0#10|0#11|0#12|0,0|0#1|0#2|0#3|0#4|0#5|0#6|0#7|0#8|0#9|0#10|0#11|0#12|0
104|126,0,0,0,0,0,0,0,0,0,0,0,0,0,0,0,0,,,,
14|83,0,0,0,0,0,0,0,0,0,0,0,0,0,0,0,0,,,,
33|94,0,0,0,0,0,0,0,0,0,0,0,0,0,0,0,0,,,,
66|124,0,0,0,0,0,0,0,0,0,0,0,0,0,0,0,0,,,,
132|91,0,0,0,0,0,0,0,0,0,0,0,0,0,0,0,0,,,,
130|66,0,0,0,0,0,0,0,0,0,0,0,0,0,0,0,0,,,0|0#1|0#2|0#3|0#4|0#5|0#6|0#7|0#8|0#9|0#10|0#11|0#12|0,
53|137,0,0,0,0,0,0,0,0,0,0,0,0,0,0,0,0,,,,
28|129,0,0,0,0,0,0,0,0,0,0,0,0,0,0,0,0,,,,
5|122,0,0,0,0,0,0,0,0,0,0,0,0,0,0,0,0,,,,
79|15,0,0,0,0,0,0,0,0,0,0,0,0,0,0,0,0,,,,
6|139,0,0,0,0,0,0,0,0,0,0,0,0,0,0,0,0,,,,
14|125,0,0,0,0,0,0,0,0,0,0,0,0,0,0,0,0,,,,
21|52,0,0,0,0,0,0,0,0,0,0,0,0,0,0,0,0,,,,
52|120,0,0,0,0,0,0,0,0,0,0,0,0,0,0,0,0,,,,
79|111,0,0,0,0,0,0,0,0,0,0,0,0,0,0,0,0,,,,
142|121,0,0,0,0,0,0,0,0,0,0,0,0,0,0,0,0,,,,
31|69,0,0,0,0,0,0,0,0,0,0,0,0,0,0,0,0,,,,
117|113,0,0,0,0,0,0,0,0,0,0,0,0,0,0,0,0,,,,
113|80,0,0,0,0,0,0,0,0,1,0,0,33,1,0,0,0,0|0#1|0#2|0#3|0#4|0#5|0#6|0#7|0#8|0#9|0#10|0#11|0#12|0,,0|0#1|0#2|0#3|0#4|0#5|0#6|0#7|0#8|0#9|0#10|0#11|0#12|0,
27|112,0,0,0,0,0,0,0,0,0,0,0,0,0,0,0,0,,,,
111|55,11,3,27,2,2,2,3,0,8,1,13,5,0,0,0,0,0|0#1|0#2|0#3|0#4|0#5|0#6|0#7|0#8|0#9|0#10|0#11|0#12|0,0|0#1|0#2|0#3|0#4|0#5|0#6|0#7|0#8|0#9|0#10|0#11|0#12|0,0|0#1|0#2|0#3|1#4|0#5|0#6|0#7|0#8|0#9|0#10|0#11|0#12|0,0|0#1|0#2|0#3|0#4|0#5|0#6|0#7|0#8|0#9|0#10|0#11|0#12|0
40|63,0,0,0,0,0,0,0,0,0,0,0,0,0,0,0,0,,,,
143|138,0,0,0,0,0,0,0,0,0,0,0,0,0,0,0,0,,,,
91|132,0,0,0,0,0,0,0,0,0,0,0,0,0,0,0,0,,,,
104|86,0,0,0,0,0,0,0,0,0,0,0,0,1,0,0,0,,,,
12|58,0,0,0,0,0,0,0,0,0,0,0,0,0,0,0,0,,,,
98|26,0,0,0,0,0,0,0,0,0,0,0,0,0,0,0,0,,,,
