44|84,0,0,0,0,0,0,0,0,0,0,0,0,0,0,0,0,,,,
94|133,0,0,0,0,0,0,0,0,0,0,0,0,0,0,0,0,,,,
8|123,0,0,0,0,0,0,0,0,0,0,0,0,0,0,0,0,,,,
3|74,0,0,0,0,0,0,0,0,0,0,0,0,0,0,0,0,,,,
115|76,1,0,6,0,0,3,2,5,0,0,1,0,2,0,0,0,0|0#1|0#2|0#3|0#4|0#5|0#6|0#7|0#8|0#9|0#10|0#11|0#12|0,0|0#1|0#2|0#3|0#4|0#5|0#6|0#7|0#8|0#9|0#10|0#11|0#12|0,0|0#1|0#2|0#3|0#4|0#5|0#6|0#7|0#8|0#9|0#10|0#11|1#12|0,0|0#1|0#2|0#3|0#4|0#5|0#6|0#7|0#8|0#9|0#10|0#11|0#12|0
145|122,0,0,0,0,0,0,0,0,0,0,0,0,0,0,0,0,,,,
40|4,0,0,0,0,0,0,0,0,0,0,0,0,0,0,0,0,,,,
70|64,1,1,3,2,0,1,0,1,6,0,1,6,8,0,0,0,0|0#1|0#2|0#3|0#4|0#5|0#6|0#7|1#8|0#9|0#10|0#11|1#12|0,0|0#1|0#2|0#3|0#4|0#5|0#6|0#7|0#8|0#9|0#10|0#11|0#12|0,0|0#1|0#2|0#3|0#4|0#5|0#6|0#7|0#8|0#9|0#10|0#11|0#12|0,0|0#1|0#2|0#3|0#4|0#5|0#6|0#7|0#8|0#9|0#10|0#11|0#12|0
16|79,0,0,0,0,0,0,0,0,0,0,0,0,0,0,0,0,,,,
134|87,0,0,0,0,0,0,0,1,0,0,0,0,0,0,0,0,,,,0|0#1|0#2|0#3|0#4|0#5|0#6|0#7|0#8|0#9|0#10|0#11|0#12|0
42|134,0,0,0,0,0,0,0,0,0,0,0,0,2,0,0,0,,,,
14|6,0,0,0,0,0,0,0,0,0,0,0,0,0,0,0,0,,,,
106|110,0,0,0,0,0,1,0,0,2,0,0,1,0,0,0,0,,,,
23|48,0,0,0,0,0,0,0,0,0,0,0,0,0,0,0,0,,,,
56|138,0,0,0,0,0,0,0,0,0,0,0,0,0,0,0,0,,,,
63|95,0,1,0,0,0,0,0,0,1,0,1,1,7,0,0,0,,,,
107|127,0,0,0,0,0,0,0,0,0,0,0,0,0,0,0,0,,,,
146|139,0,0,0,0,0,0,0,0,0,0,0,0,0,0,0,0,,,,
32|42,0,0,0,0,0,0,0,0,0,0,0,0,0,0,0,0,,,,
42|59,0,0,0,0,0,0,0,0,0,0,0,0,0,0,0,0,,,,
13|31,0,0,0,0,0,0,0,0,0,0,0,0,0,0,0,0,,,,
103|34,0,0,0,0,0,0,0,0,0,0,0,0,0,0,0,0,,,,
124|70,0,0,0,0,0,0,0,0,0,0,0,0,0,0,0,0,,,,
81|146,0,0,0,0,0,0,0,0,0,0,0,0,0,0,0,0,,,,
122|45,0,0,0,0,0,0,0,0,0,0,0,0,0,0,0,0,,,,
1|49,0,0,0,0,0,0,0,0,0,0,0,0,0,0,0,0,,,,
132|135,0,0,0,0,0,0,0,0,0,0,0,1,1,0,0,0,,,,
150|50,0,0,0,0,0,0,0,0,0,0,0,0,0,0,0,0,,,,0|0#1|0#2|0#3|0#4|0#5|0#6|0#7|0#8|0#9|0#10|0#11|0#12|0
143|81,0,0,0,0,0,0,0,0,0,0,0,0,0,0,0,0,,,,
51|53,0,0,0,0,0,0,0,0,0,0,1,0,0,0,0,0,,,,
17|126,0,0,0,0,0,0,0,0,0,0,0,0,0,0,0,0,,,,
25|73,0,0,0,0,0,0,0,0,0,0,0,0,0,0,0,0,,,,
69|125,0,0,0,0,0,0,0,0,0,0,0,0,0,0,0,0,,,,
30|17,4,1,7,0,0,0,1,0,5,0,4,0,1,0,1,0,,,,
141|56,0,0,0,0,0,0,0,0,0,0,0,0,0,0,0,0,,,,
55|121,0,0,0,0,0,0,0,0,0,0,0,0,0,0,0,0,,,,
