80|98,2,0,26,0,2,5,2,2,5,1,11,1,7,0,0,0,0|0#1|0#2|0#3|0#4|0#5|0#6|0#7|0#8|0#9|0#10|0#11|0#12|0,,0|0#1|0#2|0#3|0#4|0#5|0#6|0#7|0#8|0#9|0#10|0#11|0#12|0,
103|51,0,3,2,0,1,0,2,1,2,0,0,6,3,0,0,0,0|0#1|0#2|0#3|3#4|2#5|1#6|1#7|1#8|0#9|0#10|1#11|1#12|0,0|0#1|0#2|0#3|2#4|1#5|0#6|0#7|1#8|0#9|0#10|0#11|0#12|0,0|0#1|0#2|0#3|2#4|1#5|1#6|0#7|0#8|0#9|0#10|1#11|0#12|0,0|0#1|0#2|0#3|2#4|0#5|0#6|1#7|0#8|0#9|0#10|0#11|1#12|0
83|8,0,0,0,0,0,0,0,0,0,0,0,0,0,0,0,0,,,,
113|68,0,0,1,2,0,0,0,0,1,0,0,7,0,0,0,0,0|0#1|0#2|0#3|0#4|0#5|0#6|0#7|0#8|0#9|0#10|0#11|0#12|0,0|0#1|0#2|0#3|0#4|0#5|0#6|0#7|0#8|0#9|0#10|0#11|0#12|0,0|0#1|0#2|0#3|0#4|0#5|0#6|0#7|0#8|0#9|0#10|0#11|0#12|0,0|0#1|0#2|0#3|0#4|0#5|0#6|0#7|0#8|0#9|0#10|0#11|0#12|0
90|103,0,0,0,0,0,0,0,0,0,0,0,1,0,0,0,0,,,,
107|144,0,0,0,0,0,0,0,0,0,0,0,0,0,0,0,0,,,,
142|109,0,0,0,0,0,0,0,0,0,0,0,0,0,0,0,0,,,,
101|26,0,0,0,0,0,0,0,0,0,0,0,0,0,0,0,0,,,,
17|143,0,0,0,0,0,0,0,0,0,0,0,0,0,0,0,0,,,,
1|66,0,0,0,0,0,0,0,0,0,0,0,0,0,0,0,0,,,,
11|23,0,0,0,0,0,0,0,0,0,0,0,0,0,0,0,0,,,,
141|73,0,0,0,0,0,0,0,1,0,0,0,0,0,0,0,0,,,,
8|140,0,0,0,0,0,0,0,0,0,0,0,0,0,0,0,0,,,,
61|87,0,2,0,0,0,0,0,0,1,0,0,0,0,0,0,0,0|0#1|0#2|0#3|0#4|0#5|0#6|0#7|0#8|0#9|0#10|0#11|0#12|0,0|0#1|0#2|0#3|0#4|0#5|0#6|0#7|0#8|0#9|0#10|0#11|0#12|0,0|0#1|0#2|0#3|0#4|0#5|0#6|0#7|0#8|0#9|0#10|0#11|0#12|0,0|0#1|0#2|0#3|0#4|0#5|0#6|0#7|0#8|0#9|0#10|0#11|0#12|0
51|70,0,0,0,0,0,0,0,1,0,0,0,0,0,0,0,0,,,,
106|99,0,0,0,0,0,0,0,0,0,0,0,0,0,0,0,0,,,,
30|34,0,0,0,0,0,0,0,0,0,0,0,0,0,0,0,0,,,,
23|65,0,0,0,0,0,0,0,0,0,0,0,0,0,0,0,0,,,,
52|108,0,0,0,0,0,0,0,0,0,0,0,0,0,0,0,0,,,,
142|3,0,0,0,0,0,0,0,0,0,0,0,0,0,0,0,0,,,,
116|5,0,0,0,0,0,0,0,0,0,0,0,0,0,0,0,0,,,,
122|62,0,0,0,0,0,0,0,0,0,0,0,0,0,0,0,0,0|0#1|0#2|0#3|0#4|0#5|0#6|0#7|0#8|0#9|0#10|0#11|0#12|0,,0|0#1|0#2|0#3|0#4|0#5|0#6|0#7|0#8|0#9|0#10|0#11|0#12|0,
42|76,0,0,0,0,0,0,0,0,0,0,0,0,0,0,0,0,,,,
132|79,2,0,8,1,1,2,4,2,1,0,0,3,1,0,0,0,,,,
110|20,0,0,0,0,0,0,0,0,0,0,0,0,0,0,0,0,,,,
115|93,0,0,0,0,0,0,0,0,0,0,0,0,0,0,0,0,,0|0#1|0#2|0#3|0#4|0#5|0#6|0#7|0#8|0#9|0#10|0#11|0#12|0,0|0#1|0#2|0#3|0#4|0#5|0#6|0#7|0#8|0#9|0#10|0#11|0#12|0,0|0#1|0#2|0#3|0#4|0#5|0#6|0#7|0#8|0#9|0#10|0#11|0#12|0
69|142,0,0,0,0,0,0,0,0,0,0,0,0,0,0,0,0,,,,
70|81,0,0,0,0,0,0,0,0,1,0,0,0,0,0,1,0,,,,
16|96,0,0,0,0,0,0,0,0,0,0,0,0,0,0,0,0,,,,
25|90,0,0,0,0,0,0,0,0,0,0,0,0,0,0,0,0,,,,
120|37,0,0,0,0,0,0,0,0,0,0,0,0,0,0,0,0,,,,
3|91,0,0,0,0,0,0,0,0,0,0,0,0,0,0,0,0,,,,
