70|104,4,1,13,0,2,2,2,0,2,0,3,0,2,0,0,0,0|0#1|0#2|0#3|0#4|0#5|0#6|0#7|0#8|0#9|0#10|0#11|0#12|0,,0|0#1|0#2|0#3|0#4|0#5|0#6|0#7|0#8|0#9|0#10|0#11|0#12|0,
11|1,0,0,0,0,0,0,0,0,0,0,0,0,0,0,0,0,,,,
119|58,0,0,0,0,0,0,0,0,0,0,0,0,1,0,0,0,0|0#1|0#2|0#3|0#4|0#5|0#6|0#7|0#8|0#9|0#10|0#11|0#12|0,,0|0#1|0#2|0#3|0#4|0#5|0#6|0#7|0#8|0#9|0#10|0#11|0#12|0,
93|57,11,11,368,16,6,2,2,5,3,3,10,30,11,1,0,0,0|0#1|0#2|0#3|4#4|4#5|4#6|4#7|4#8|4#9|4#10|4#11|4#12|0,0|0#1|0#2|0#3|3#4|4#5|4#6|4#7|4#8|4#9|4#10|4#11|4#12|0,0|0#1|0#2|0#3|4#4|4#5|4#6|4#7|4#8|4#9|4#10|4#11|4#12|0,0|0#1|0#2|0#3|4#4|4#5|4#6|4#7|4#8|4#9|4#10|4#11|4#12|0
55|35,0,0,0,0,0,0,0,0,0,0,0,0,0,0,0,0,,,,
74|46,0,0,0,0,0,0,0,0,0,0,0,0,0,0,0,0,,,,
128|52,0,0,0,0,1,0,1,0,0,0,2,0,0,0,0,0,,,,
84|108,0,0,0,0,0,0,0,0,0,0,0,0,0,0,0,0,,,,
67|77,0,0,0,0,0,0,0,0,0,0,0,0,0,0,0,0,,,,
83|40,0,0,0,0,0,0,0,0,0,0,0,0,0,0,0,0,,,,
141|6,0,0,0,0,0,0,0,0,0,0,0,0,0,0,0,0,,,,
7|56,0,0,0,0,0,0,0,0,0,0,0,0,0,0,0,0,,,,
9|81,0,0,0,0,0,0,0,0,0,0,0,0,0,0,0,0,,,,
32|109,0,0,0,0,0,0,0,0,0,0,0,0,0,0,0,0,,,,
147|63,0,0,0,0,0,0,0,0,0,0,0,0,0,0,0,0,,,,
17|13,0,0,0,0,0,0,0,0,0,0,0,0,0,0,0,0,,,,
81|15,0,0,0,0,0,0,0,0,0,0,0,0,1,0,0,0,,,,
29|55,0,0,0,0,0,0,0,0,0,0,0,0,0,0,0,0,,,,
109|41,0,0,0,0,0,0,0,0,1,0,0,0,0,0,0,0,,,,
138|69,0,0,0,0,0,0,0,0,0,0,0,0,0,0,0,0,,,,
48|66,0,0,0,0,0,1,0,0,0,0,0,0,0,0,0,0,,,,
95|82,1,1,0,0,0,1,0,0,0,0,1,7,3,1,0,0,0|0#1|0#2|0#3|2#4|0#5|0#6|0#7|0#8|0#9|0#10|0#11|0#12|0,0|0#1|0#2|0#3|1#4|0#5|0#6|0#7|0#8|0#9|0#10|0#11|0#12|0,0|0#1|0#2|0#3|2#4|0#5|0#6|0#7|0#8|0#9|0#10|0#11|0#12|0,0|0#1|0#2|0#3|1#4|0#5|0#6|0#7|0#8|0#9|0#10|0#11|0#12|0
76|71,2,7,0,2,0,0,0,2,3,0,2,0,1,0,0,0,0|0#1|0#2|0#3|0#4|0#5|0#6|0#7|0#8|0#9|0#10|0#11|0#12|0,,0|0#1|0#2|0#3|0#4|0#5|0#6|0#7|0#8|0#9|0#10|0#11|0#12|0,0|0#1|0#2|0#3|0#4|0#5|0#6|0#7|0#8|0#9|0#10|0#11|0#12|0
86|88,0,2,2,3,1,4,0,1,0,0,0,1,0,0,0,0,0|0#1|0#2|0#3|0#4|0#5|0#6|0#7|0#8|0#9|0#10|0#11|0#12|0,0|0#1|0#2|0#3|0#4|0#5|0#6|0#7|0#8|0#9|0#10|0#11|0#12|0,,0|0#1|0#2|0#3|0#4|0#5|0#6|0#7|0#8|0#9|0#10|0#11|0#12|0
126|27,0,0,0,0,0,0,0,0,0,0,0,0,0,0,0,0,,,,
115|8,0,0,0,0,0,0,0,0,0,0,0,0,0,0,0,0,,,,
107|16,0,0,0,0,0,0,0,0,0,0,0,0,0,0,0,0,,,,
125|140,0,0,0,0,0,0,0,0,0,0,0,0,0,0,0,0,,,,
116|10,0,0,0,0,0,0,0,0,0,0,0,0,0,0,0,0,,,,
49|143,0,0,0,0,0,0,0,0,0,0,0,0,0,0,0,0,,,,
135|21,0,0,0,0,0,0,0,0,0,0,0,0,0,0,0,0,,,,
36|24,0,0,0,0,0,0,0,0,0,0,0,0,0,0,0,0,,0|0#1|0#2|0#3|0#4|0#5|0#6|0#7|0#8|0#9|0#10|0#11|0#12|0,,
139|144,0,0,0,0,0,0,0,1,0,0,0,0,0,0,0,0,,,,
57|60,0,0,0,0,0,0,0,0,0,0,0,0,0,0,0,0,0|0#1|0#2|0#3|0#4|0#5|0#6|0#7|0#8|0#9|0#10|0#11|0#12|0,,0|0#1|0#2|0#3|0#4|0#5|0#6|0#7|0#8|0#9|0#10|0#11|0#12|0,
145|38,0,0,0,0,0,0,0,0,0,0,0,0,0,0,0,0,,,,
