141|44,1,5,7,2,7,1,1,2,11,0,2,1,1,0,0,0,,,,
42|47,6,1,1,10,0,0,0,0,0,0,0,2,10,0,0,0,0|0#1|0#2|0#3|0#4|0#5|0#6|0#7|0#8|0#9|0#10|0#11|0#12|0,0|0#1|0#2|0#3|0#4|0#5|0#6|0#7|0#8|0#9|0#10|0#11|0#12|0,0|0#1|0#2|0#3|0#4|0#5|0#6|0#7|0#8|0#9|0#10|0#11|0#12|0,0|0#1|0#2|0#3|0#4|0#5|0#6|0#7|0#8|0#9|0#10|0#11|0#12|0
69|113,0,0,0,0,0,0,0,0,0,0,0,0,0,0,0,0,,,,
54|89,29,15,6,0,3,4,0,17,5,5,8,4,5,0,0,0,0|0#1|0#2|0#3|0#4|0#5|0#6|1#7|1#8|0#9|0#10|0#11|0#12|0,0|0#1|0#2|0#3|0#4|0#5|0#6|0#7|0#8|0#9|0#10|0#11|0#12|0,0|0#1|0#2|0#3|0#4|0#5|0#6|1#7|1#8|0#9|0#10|0#11|0#12|0,0|0#1|0#2|0#3|0#4|0#5|0#6|0#7|1#8|0#9|0#10|0#11|0#12|0
95|138,0,0,0,0,0,0,0,0,0,0,0,1,0,0,0,0,,,,
108|95,0,0,0,0,0,0,0,0,0,0,0,0,0,0,0,0,0|0#1|0#2|0#3|0#4|0#5|0#6|0#7|0#8|0#9|0#10|0#11|0#12|0,,0|0#1|0#2|0#3|0#4|0#5|0#6|0#7|0#8|0#9|0#10|0#11|0#12|0,
132|123,0,0,0,0,0,0,0,1,1,0,0,0,0,0,0,0,,,,
136|1,0,0,0,0,0,0,0,0,0,0,0,0,0,0,0,0,,,,
3|62,0,0,0,0,0,0,0,0,0,0,0,0,0,0,0,0,,,,
8|111,0,0,0,0,0,0,0,0,0,0,0,0,0,0,0,0,,,,
25|61,0,0,0,0,0,0,0,0,0,0,0,0,0,0,0,0,,,,
70|52,0,0,0,0,0,0,0,0,0,0,0,0,0,0,0,0,,,,
103|22,0,0,0,0,0,0,0,0,0,0,0,0,0,0,0,0,,0|0#1|0#2|0#3|0#4|0#5|0#6|0#7|0#8|0#9|0#10|0#11|0#12|0,,0|0#1|0#2|0#3|0#4|0#5|0#6|0#7|0#8|0#9|0#10|0#11|0#12|0
115|64,0,0,0,0,0,0,0,0,0,0,0,0,0,0,0,0,0|0#1|0#2|0#3|0#4|0#5|0#6|0#7|0#8|0#9|0#10|0#11|0#12|0,0|0#1|0#2|0#3|0#4|0#5|0#6|0#7|0#8|0#9|0#10|0#11|0#12|0,0|0#1|0#2|0#3|0#4|0#5|0#6|0#7|0#8|0#9|0#10|0#11|0#12|0,0|0#1|0#2|0#3|0#4|0#5|0#6|0#7|0#8|0#9|0#10|0#11|0#12|0
82|94,0,0,0,0,0,0,0,0,0,0,0,0,0,0,0,0,,,,
16|67,4,5,3,0,0,0,0,1,0,1,2,1,0,0,0,0,,,,
81|134,0,0,0,0,0,0,0,0,0,0,0,0,0,0,0,0,,,,
94|121,0,0,0,0,0,0,0,0,0,0,0,0,0,0,0,0,,,,
122|33,0,0,0,0,0,0,0,0,0,0,0,0,0,0,0,0,,,,
61|58,89,17,66,7,4,8,6,9,6,7,22,22,16,0,0,0,0|0#1|0#2|0#3|2#4|0#5|0#6|0#7|0#8|0#9|0#10|0#11|0#12|0,0|0#1|0#2|0#3|1#4|0#5|0#6|0#7|0#8|0#9|0#10|0#11|0#12|0,0|0#1|0#2|0#3|2#4|0#5|0#6|0#7|0#8|0#9|0#10|0#11|0#12|0,0|0#1|0#2|0#3|1#4|0#5|0#6|0#7|0#8|0#9|0#10|0#11|0#12|0
18|92,0,0,0,0,0,0,0,0,0,0,0,0,0,0,0,0,,,,
1|37,0,0,0,0,0,0,0,0,0,0,0,0,0,0,0,0,,,,
9|128,0,0,0,0,0,0,0,0,0,0,0,0,0,0,0,0,,,,
32|30,0,0,0,0,0,0,0,0,0,0,0,0,0,0,0,0,,,,
56|126,0,0,0,0,0,0,0,0,0,0,0,0,0,0,0,0,,,,
145|110,0,0,0,0,0,0,0,0,0,0,0,0,0,0,0,0,,,,
77|6,0,0,0,0,0,0,0,0,0,0,0,0,0,0,0,0,,,,
17|114,0,0,0,0,0,0,0,0,0,0,0,0,0,0,0,0,,,,
44|72,0,0,0,0,0,0,0,0,0,0,0,0,0,0,0,0,0|0#1|0#2|0#3|0#4|0#5|0#6|0#7|0#8|0#9|0#10|0#11|0#12|0,,0|0#1|0#2|0#3|0#4|0#5|0#6|0#7|0#8|0#9|0#10|0#11|0#12|0,
146|127,0,0,0,0,0,0,0,0,0,0,0,0,0,0,0,0,,,,
80|69,0,0,0,0,0,0,0,0,0,0,0,0,0,0,0,0,0|0#1|0#2|0#3|0#4|0#5|0#6|0#7|0#8|0#9|0#10|0#11|0#12|0,,,
35|78,0,0,0,0,0,0,1,5,1,0,0,0,0,0,0,0,,,,
107|115,6,2,9,17,1,1,0,3,1,0,0,8,2,0,1,0,,,,
63|83,0,0,0,0,0,0,0,0,0,0,0,0,0,0,0,0,,,,
42|122,0,0,0,0,0,0,0,0,0,0,0,0,0,0,0,0,,,,
134|75,0,0,0,0,0,0,0,0,1,0,0,0,0,0,0,0,,,,
23|36,0,0,0,0,0,0,0,0,0,0,0,0,0,0,0,0,,,,
51|41,0,0,0,0,0,0,0,0,0,0,0,0,0,0,0,0,,,,
43|139,0,0,0,0,0,0,0,0,0,0,0,0,0,0,0,0,,,,
113|39,0,0,0,0,0,0,0,0,0,0,0,0,0,0,0,0,,,,
