24|55,0,0,0,0,0,0,0,0,0,0,0,0,0,0,0,0,,,,
31|24,0,0,0,0,0,0,0,0,0,0,0,0,0,0,0,0,,,,
40|105,0,0,0,0,0,0,0,0,0,0,0,0,0,0,0,0,,,,
85|0,0,0,0,0,0,0,0,0,0,0,0,0,0,0,0,0,,,,
12|13,0,0,0,0,0,0,0,0,0,0,0,0,0,0,0,0,,,,
4|81,0,0,0,0,0,0,0,0,0,0,0,0,0,0,0,0,,,,
116|83,0,0,2,0,0,0,0,0,0,0,0,1,2,0,0,0,0|0#1|0#2|0#3|0#4|0#5|0#6|0#7|0#8|0#9|0#10|0#11|0#12|0,0|0#1|0#2|0#3|0#4|0#5|0#6|0#7|0#8|0#9|0#10|0#11|0#12|0,0|0#1|0#2|0#3|0#4|0#5|0#6|0#7|0#8|0#9|0#10|0#11|0#12|0,0|0#1|0#2|0#3|0#4|0#5|0#6|0#7|0#8|0#9|0#10|0#11|0#12|0
43|66,0,0,0,0,0,0,0,0,0,0,0,0,0,0,0,0,,,,
104|41,0,0,0,0,0,0,0,0,0,0,0,0,0,0,0,0,,,,
45|91,0,0,0,0,0,0,0,2,0,0,0,1,0,0,0,0,0|0#1|0#2|0#3|0#4|0#5|0#6|0#7|0#8|0#9|0#10|0#11|0#12|0,0|0#1|0#2|0#3|0#4|0#5|0#6|0#7|0#8|0#9|0#10|0#11|0#12|0,0|0#1|0#2|0#3|0#4|0#5|0#6|0#7|0#8|0#9|0#10|0#11|0#12|0,0|0#1|0#2|0#3|0#4|0#5|0#6|0#7|0#8|0#9|0#10|0#11|0#12|0
109|145,0,0,0,0,0,0,0,0,0,0,0,1,0,0,0,0,,,,
81|88,0,0,0,0,0,0,0,0,0,0,0,0,0,0,0,0,,,,
121|27,0,0,0,0,0,0,0,0,0,0,0,0,0,0,0,0,,,,
2|56,0,0,0,0,0,0,0,0,0,0,0,0,0,0,0,0,,,,
142|63,0,0,0,0,0,0,0,0,0,0,0,0,0,0,0,0,,,,
114|58,0,0,1,0,0,0,0,0,0,0,0,0,0,0,0,0,,,,
102|16,0,0,0,0,0,0,1,0,0,0,0,0,0,0,0,0,,,,
62|77,0,0,0,0,0,0,1,0,0,0,0,0,1,0,0,0,0|0#1|0#2|0#3|0#4|0#5|0#6|0#7|0#8|0#9|0#10|0#11|0#12|0,0|0#1|0#2|0#3|0#4|0#5|0#6|0#7|0#8|0#9|0#10|0#11|0#12|0,0|0#1|0#2|0#3|0#4|0#5|0#6|0#7|0#8|0#9|0#10|0#11|0#12|0,0|0#1|0#2|0#3|0#4|0#5|0#6|0#7|0#8|0#9|0#10|0#11|0#12|0
50|35,0,0,0,0,0,0,0,0,0,0,0,0,0,0,0,0,,,,
130|21,0,0,0,0,0,0,0,0,0,0,0,0,0,0,0,0,,,,
36|97,0,0,0,0,0,0,0,0,0,0,0,0,0,0,0,0,,,,
107|89,8,4,34,0,3,5,4,6,8,0,8,8,18,0,0,0,,0|0#1|0#2|0#3|0#4|0#5|0#6|0#7|0#8|0#9|0#10|0#11|0#12|0,0|0#1|0#2|0#3|0#4|0#5|0#6|0#7|0#8|0#9|0#10|0#11|0#12|0,0|0#1|0#2|0#3|0#4|0#5|0#6|0#7|0#8|0#9|0#10|0#11|0#12|0
90|82,1,1,0,0,0,1,1,3,0,0,0,0,1,0,0,0,,,,
111|10,0,0,0,0,0,0,0,0,0,0,0,0,0,0,0,0,,,,
130|106,0,0,0,0,0,0,0,0,0,0,0,1,0,0,0,0,,,,
92|104,0,0,0,0,0,0,0,0,0,0,0,0,0,0,0,0,,,,
54|109,0,0,0,0,0,0,0,0,0,0,0,0,0,0,0,0,,,,
17|86,0,0,0,0,0,0,0,0,0,0,0,0,0,0,0,0,,,,
19|144,0,0,0,0,0,0,0,0,0,0,0,0,0,0,0,0,,,,
71|71,0,0,0,0,0,0,0,0,0,0,0,0,0,0,0,0,0|0#1|0#2|0#3|0#4|0#5|0#6|0#7|0#8|0#9|0#10|0#11|0#12|0,,0|0#1|0#2|0#3|0#4|0#5|0#6|0#7|0#8|0#9|0#10|0#11|0#12|0,
123|52,0,0,0,0,0,0,0,1,0,0,0,0,0,0,0,0,,,,
140|38,0,0,0,0,0,0,0,0,0,0,0,0,0,0,0,0,0|0#1|0#2|0#3|0#4|0#5|0#6|0#7|0#8|0#9|0#10|0#11|0#12|0,0|0#1|0#2|0#3|0#4|0#5|0#6|0#7|0#8|0#9|0#10|0#11|0#12|0,0|0#1|0#2|0#3|0#4|0#5|0#6|0#7|0#8|0#9|0#10|0#11|0#12|0,
133|69,0,0,0,0,0,0,0,0,0,0,0,0,0,0,0,0,,,,
135|94,0,0,0,0,0,0,0,0,0,0,0,0,0,0,0,0,,,,
52|60,0,0,0,0,0,0,0,0,1,0,0,0,0,0,0,0,,,,
59|2,0,0,0,0,0,0,0,0,0,0,0,0,0,0,0,0,,,,
147|140,0,0,0,0,0,0,0,0,0,0,0,0,0,0,0,0,,,,
26|80,0,0,0,0,0,0,0,0,0,0,0,0,0,0,0,0,,,,
