118|123,0,0,0,0,0,0,0,0,0,0,0,0,0,0,0,0,,,,
143|131,0,0,0,0,0,0,0,0,0,0,0,0,0,0,0,0,,,,
67|134,0,0,0,0,0,0,0,0,0,0,0,0,0,0,0,0,,,,
6|132,0,0,0,0,0,0,0,0,0,0,0,0,0,0,0,0,,,,
130|144,0,0,0,0,0,0,0,0,0,0,0,0,0,0,0,0,,,,
50|73,0,0,0,0,0,0,0,0,0,0,0,0,0,0,0,0,,,,
132|6,0,0,0,0,0,0,0,0,0,0,0,0,0,0,0,0,,,,
102|54,0,0,1,0,0,0,0,1,0,0,0,4,0,1,0,0,0|0#1|0#2|0#3|4#4|4#5|4#6|4#7|4#8|4#9|4#10|4#11|4#12|0,0|0#1|0#2|0#3|4#4|3#5|3#6|3#7|2#8|2#9|3#10|3#11|3#12|0,0|0#1|0#2|0#3|4#4|4#5|4#6|4#7|4#8|4#9|4#10|4#11|4#12|0,0|0#1|0#2|0#3|4#4|3#5|3#6|3#7|2#8|3#9|3#10|3#11|3#12|0
92|142,0,0,0,0,0,0,0,0,0,0,0,0,0,0,0,0,,,,
100|29,0,0,0,0,0,0,0,0,0,0,0,1,0,0,0,0,,,,
15|135,0,0,0,0,0,0,0,0,0,0,0,0,0,0,0,0,,,,
40|143,0,0,0,0,0,0,0,0,0,0,0,0,0,0,0,0,,,,
106|8,0,0,0,0,0,0,0,0,0,0,0,0,0,0,0,0,,,,
53|130,0,0,0,0,0,0,0,0,0,0,0,0,0,0,0,0,,,,
105|136,0,0,0,0,0,0,0,0,0,0,0,0,0,0,0,0,,,,
41|79,0,0,0,0,0,0,0,0,0,0,0,0,0,0,0,0,,,0|0#1|0#2|0#3|0#4|0#5|0#6|0#7|0#8|0#9|0#10|0#11|0#12|0,
10|26,0,0,0,0,0,0,0,0,0,0,0,0,0,0,0,0,,,,
12|51,0,0,0,0,0,0,0,0,0,0,0,0,0,0,0,0,,,,
0|69,0,0,0,0,0,0,0,0,0,0,0,0,0,0,0,0,,,,
22|68,0,0,0,0,0,0,0,0,0,0,0,0,0,0,0,0,,,,
24|93,0,0,0,0,0,0,0,0,0,0,0,0,0,0,0,0,,,,
29|139,0,0,0,0,0,0,0,0,0,0,0,0,0,0,0,0,,,,
2|94,0,0,0,0,0,0,0,0,0,0,0,0,0,0,0,0,,,,
114|96,0,0,0,0,0,0,0,0,0,0,0,0,0,0,0,0,0|0#1|0#2|0#3|0#4|0#5|0#6|0#7|0#8|0#9|0#10|0#11|0#12|0,,0|0#1|0#2|0#3|0#4|0#5|0#6|0#7|0#8|0#9|0#10|0#11|0#12|0,
15|99,0,0,0,0,0,0,0,0,0,0,0,0,0,0,0,0,,,,
140|76,0,0,0,0,0,0,0,0,0,0,0,0,0,0,0,0,,,,
123|90,0,0,0,0,0,0,0,0,0,0,0,0,0,0,0,0,,,,
28|122,0,0,0,0,0,0,0,0,0,0,0,0,0,0,0,0,,,,
54|147,0,0,0,0,0,0,0,0,0,0,0,0,0,0,0,0,,,,
89|25,26,5,6,1,0,0,0,10,5,3,5,2,5,0,0,0,0|0#1|0#2|0#3|0#4|0#5|0#6|0#7|1#8|1#9|0#10|0#11|0#12|0,0|0#1|0#2|0#3|0#4|0#5|0#6|0#7|0#8|0#9|0#10|0#11|0#12|0,0|0#1|0#2|0#3|0#4|0#5|0#6|0#7|1#8|1#9|0#10|0#11|0#12|0,0|0#1|0#2|0#3|0#4|0#5|0#6|0#7|0#8|0#9|0#10|0#11|0#12|0
121|65,0,0,0,3,0,0,0,0,0,0,0,0,0,0,0,0,0|0#1|0#2|0#3|0#4|0#5|0#6|0#7|0#8|0#9|0#10|0#11|0#12|0,,0|0#1|0#2|0#3|0#4|0#5|0#6|0#7|0#8|0#9|0#10|0#11|0#12|0,0|0#1|0#2|0#3|0#4|0#5|0#6|0#7|0#8|0#9|0#10|0#11|0#12|0
31|62,0,0,0,0,0,0,0,0,0,0,0,0,0,0,0,0,,,,
