88|145,0,0,0,0,0,0,0,0,0,0,0,0,0,0,0,0,,,,
93|47,0,1,6,2,0,0,0,4,1,0,0,3,1,0,0,0,,,,
36|146,0,0,0,0,0,0,0,0,0,0,0,0,0,0,0,0,,,,
107|0,0,0,0,0,0,0,0,0,0,0,0,0,0,0,0,0,,,,
57|50,0,0,0,0,0,0,0,0,0,0,0,0,0,0,0,0,,,,
126|147,0,0,0,0,0,0,0,0,0,0,0,0,0,0,0,0,,,,
69|92,0,0,0,0,0,0,0,0,1,0,0,0,0,0,0,0,,,,
83|30,0,0,0,0,0,0,0,0,0,0,0,2,0,0,0,0,,,,
49|133,0,0,0,0,0,0,0,0,0,0,0,0,0,0,0,0,,,,
29|45,0,2,1,0,2,3,1,3,7,0,2,0,2,0,0,0,,,,
126|17,0,0,0,0,0,0,0,0,0,0,0,0,0,0,0,0,,,,
48|5,0,0,0,0,0,0,0,0,0,0,0,0,0,0,0,0,,,,
48|56,0,0,0,0,0,0,0,0,0,0,0,0,0,0,0,0,,,,
9|71,0,0,0,0,0,0,0,0,0,0,0,0,0,0,0,0,,,,
76|61,9,4,2,0,1,1,0,8,3,1,6,1,3,0,0,0,0|0#1|0#2|0#3|0#4|0#5|0#6|0#7|0#8|0#9|0#10|0#11|0#12|0,0|0#1|0#2|0#3|0#4|0#5|0#6|0#7|0#8|0#9|0#10|0#11|0#12|0,0|0#1|0#2|0#3|0#4|0#5|0#6|0#7|0#8|0#9|0#10|0#11|0#12|0,0|0#1|0#2|0#3|0#4|0#5|0#6|0#7|0#8|0#9|0#10|0#11|0#12|0
22|142,0,0,0,0,0,0,0,0,0,0,0,0,0,0,0,0,,,,
74|36,108,30,90,26,15,6,4,20,27,7,47,34,7,0,0,0,0|0#1|0#2|0#3|0#4|0#5|0#6|1#7|0#8|1#9|1#10|1#11|0#12|0,0|0#1|0#2|0#3|0#4|0#5|0#6|0#7|0#8|0#9|0#10|0#11|0#12|0,0|0#1|0#2|0#3|0#4|0#5|1#6|1#7|0#8|1#9|1#10|1#11|0#12|0,0|0#1|0#2|0#3|0#4|0#5|0#6|0#7|0#8|0#9|0#10|0#11|0#12|0
109|31,0,0,0,0,0,0,0,0,0,0,0,0,0,0,0,0,,,0|0#1|0#2|0#3|0#4|0#5|0#6|0#7|0#8|0#9|0#10|0#11|0#12|0,
112|143,0,0,0,0,0,0,0,0,0,0,0,0,0,0,0,0,,,,
7|4,0,0,0,0,0,0,0,0,0,0,0,0,0,0,0,0,,,,
74|141,0,0,0,0,0,0,0,0,0,0,0,0,0,0,0,0,,,,
67|67,0,0,0,0,0,0,0,0,0,0,0,0,0,0,1,0,,,,
138|59,0,0,0,0,0,0,0,0,0,0,0,0,0,0,0,0,,,,
7|46,0,0,0,0,0,0,0,0,0,0,0,0,0,0,0,0,,,,
95|72,50,9,79,4,2,5,2,10,4,0,21,1,12,0,0,0,0|0#1|0#2|0#3|4#4|4#5|2#6|3#7|2#8|2#9|4#10|4#11|3#12|0,0|0#1|0#2|0#3|4#4|3#5|2#6|2#7|2#8|2#9|3#10|2#11|2#12|0,0|0#1|0#2|0#3|4#4|3#5|3#6|3#7|2#8|3#9|4#10|3#11|4#12|0,0|0#1|0#2|0#3|4#4|3#5|2#6|2#7|2#8|2#9|2#10|2#11|2#12|0
147|53,0,0,0,0,0,0,0,0,0,0,0,0,0,0,0,0,,,,
55|25,0,0,0,0,0,0,0,0,0,0,0,0,0,0,0,0,,,,
135|11,0,0,0,0,0,0,0,0,0,0,0,0,0,0,0,0,,,,
145|28,0,0,0,0,0,0,0,0,0,0,0,0,0,0,0,0,0|0#1|0#2|0#3|0#4|0#5|0#6|0#7|0#8|0#9|0#10|0#11|0#12|0,,0|0#1|0#2|0#3|0#4|0#5|0#6|0#7|0#8|0#9|0#10|0#11|0#12|0,
36|14,0,0,0,0,0,0,0,0,0,0,0,1,0,0,0,0,,,,
86|78,1,1,3,0,1,0,0,0,0,0,0,52,5,0,0,0,0|0#1|0#2|0#3|0#4|0#5|0#6|0#7|0#8|0#9|0#10|0#11|0#12|0,0|0#1|0#2|0#3|0#4|0#5|0#6|0#7|0#8|0#9|0#10|0#11|0#12|0,0|0#1|0#2|0#3|0#4|0#5|0#6|0#7|0#8|0#9|0#10|0#11|0#12|0,0|0#1|0#2|0#3|0#4|0#5|0#6|0#7|0#8|0#9|0#10|0#11|0#12|0
119|48,0,0,0,0,0,0,0,3,0,0,0,0,0,0,0,0,0|0#1|0#2|0#3|0#4|0#5|0#6|0#7|0#8|0#9|0#10|0#11|0#12|0,,0|0#1|0#2|0#3|0#4|0#5|0#6|0#7|0#8|0#9|0#10|0#11|0#12|0,
125|130,0,0,0,0,0,0,0,0,0,0,0,0,0,0,0,0,,,,
74|3,0,0,0,0,0,0,0,0,0,0,0,0,0,0,0,0,,,,
128|42,0,0,0,0,0,0,0,2,1,0,0,0,0,0,0,0,,,0|0#1|0#2|0#3|0#4|0#5|0#6|0#7|0#8|0#9|0#10|0#11|0#12|0,0|0#1|0#2|0#3|0#4|0#5|0#6|0#7|0#8|0#9|0#10|0#11|0#12|0
139|134,6,1,1,0,0,0,0,2,0,0,0,1,1,0,0,0,,,,
