106|146,0,1,0,0,0,0,0,3,0,0,1,0,2,1,0,0,,,,
16|145,0,0,0,0,0,0,0,0,0,0,0,0,0,0,0,0,,,,
13|67,0,0,0,0,0,0,0,0,0,0,0,0,0,0,0,0,,,,
73|4,0,0,0,0,0,0,0,0,0,0,0,0,0,0,0,0,,,,
106|1,0,0,0,0,0,0,0,0,0,0,0,0,0,0,0,0,,,,
112|64,0,0,1,0,0,0,0,0,1,0,0,1,1,0,0,0,0|0#1|0#2|0#3|0#4|0#5|0#6|0#7|0#8|0#9|1#10|0#11|0#12|0,0|0#1|0#2|0#3|0#4|0#5|0#6|0#7|0#8|0#9|0#10|0#11|0#12|0,0|0#1|0#2|0#3|0#4|0#5|0#6|0#7|0#8|0#9|0#10|0#11|0#12|0,0|0#1|0#2|0#3|0#4|0#5|0#6|0#7|0#8|0#9|0#10|0#11|0#12|0
150|86,1,0,0,0,2,1,0,1,6,0,3,0,1,0,0,0,0|0#1|0#2|0#3|0#4|0#5|0#6|0#7|0#8|0#9|0#10|0#11|0#12|0,,0|0#1|0#2|0#3|0#4|0#5|0#6|0#7|0#8|0#9|0#10|0#11|0#12|0,
131|75,0,0,0,0,0,0,0,0,0,0,0,0,0,0,0,0,0|0#1|0#2|0#3|0#4|0#5|0#6|0#7|0#8|0#9|0#10|0#11|0#12|0,0|0#1|0#2|0#3|0#4|0#5|0#6|0#7|0#8|0#9|0#10|0#11|0#12|0,,0|0#1|0#2|0#3|0#4|0#5|0#6|0#7|0#8|0#9|0#10|0#11|0#12|0
20|36,0,0,0,0,0,0,0,0,0,0,0,0,0,0,0,0,,,,
29|132,0,0,0,0,0,0,0,0,0,0,0,0,0,0,0,0,,,,
100|22,0,0,0,0,0,0,0,7,0,0,0,0,0,0,0,0,,,,
60|83,0,0,0,0,0,1,0,0,0,0,0,3,1,0,0,0,,,,
119|133,0,0,0,0,0,0,0,0,0,0,0,0,0,0,0,0,,,,
41|72,0,0,0,0,0,0,0,1,0,0,0,0,0,0,0,0,0|0#1|0#2|0#3|0#4|0#5|0#6|0#7|0#8|0#9|0#10|0#11|0#12|0,,0|0#1|0#2|0#3|0#4|0#5|0#6|0#7|0#8|0#9|0#10|0#11|0#12|0,
15|92,0,0,0,0,0,0,0,0,0,0,0,0,0,0,0,0,,,,
51|89,1,0,0,0,0,0,0,16,1,0,1,0,1,0,0,0,,,,
110|39,0,0,0,0,0,0,0,0,1,0,0,0,0,0,0,0,,,,
144|141,0,0,0,0,0,0,0,0,0,0,0,0,0,0,0,0,,,,
6|5,0,0,0,0,0,0,0,0,0,0,0,0,0,0,0,0,,,,
7|142,0,0,0,0,0,0,0,0,0,0,0,0,0,0,0,0,,,,
0|62,0,0,0,0,0,0,0,0,0,0,0,0,0,0,0,0,,,,
105|95,0,0,0,0,0,0,0,0,0,0,0,0,0,0,0,0,,,,
68|144,0,0,0,0,0,0,0,0,0,0,0,0,0,0,0,0,,,,
47|6,0,0,0,0,0,0,0,0,0,0,0,0,0,0,0,0,,,,
22|61,0,0,0,0,0,0,0,0,0,0,0,0,0,0,0,0,,,,
99|35,0,0,0,0,0,0,0,0,0,0,0,0,0,0,0,0,0|0#1|0#2|0#3|0#4|0#5|0#6|0#7|0#8|0#9|0#10|0#11|0#12|0,0|0#1|0#2|0#3|0#4|0#5|0#6|0#7|0#8|0#9|0#10|0#11|0#12|0,0|0#1|0#2|0#3|0#4|0#5|0#6|0#7|0#8|0#9|0#10|0#11|0#12|0,0|0#1|0#2|0#3|0#4|0#5|0#6|0#7|0#8|0#9|0#10|0#11|0#12|0
54|140,0,0,0,0,0,0,0,0,0,0,0,0,0,0,0,0,,,,
32|78,0,0,0,0,0,0,0,0,0,0,0,0,0,0,0,0,,,,
