101|102,0,0,0,0,0,0,0,0,0,0,0,0,0,0,0,0,,0|0#1|0#2|0#3|0#4|0#5|0#6|0#7|0#8|0#9|0#10|0#11|0#12|0,,0|0#1|0#2|0#3|0#4|0#5|0#6|0#7|0#8|0#9|0#10|0#11|0#12|0
3|115,0,0,0,0,0,0,0,0,0,0,0,0,0,0,0,0,,,,
45|1,0,0,0,0,0,0,0,0,0,0,0,0,1,0,0,0,,,,
12|118,0,0,0,0,0,0,0,0,0,0,0,0,0,0,0,0,,,,
77|104,0,0,0,0,0,0,0,0,0,0,0,0,0,0,0,0,,,,
25|105,0,0,0,0,0,0,0,0,0,0,0,0,0,0,0,0,,,,
100|42,1,2,4,1,0,0,1,1,0,0,0,0,0,0,0,0,0|0#1|0#2|0#3|0#4|0#5|0#6|0#7|0#8|0#9|0#10|0#11|0#12|0,0|0#1|0#2|0#3|0#4|0#5|0#6|0#7|0#8|0#9|0#10|0#11|0#12|0,0|0#1|0#2|0#3|0#4|0#5|0#6|0#7|0#8|0#9|0#10|0#11|0#12|0,0|0#1|0#2|0#3|0#4|0#5|0#6|0#7|0#8|0#9|0#10|0#11|0#12|0
102|119,0,0,0,0,0,0,0,0,0,0,0,0,0,0,0,0,,,,
110|59,0,0,0,0,0,0,0,0,0,0,0,0,0,0,0,0,0|0#1|0#2|0#3|0#4|0#5|0#6|0#7|0#8|0#9|0#10|0#11|0#12|0,,0|0#1|0#2|0#3|0#4|0#5|0#6|0#7|0#8|0#9|0#10|0#11|0#12|0,
0|82,0,0,0,0,0,0,0,0,0,0,0,0,0,0,0,0,,,,
22|81,0,0,0,0,0,0,0,0,0,0,0,0,0,0,0,0,,,,
13|87,0,0,0,0,0,0,0,0,0,0,0,0,0,0,0,0,,,,
20|56,0,0,0,0,0,0,0,0,0,0,0,0,0,0,0,0,,,,
41|92,0,0,0,0,0,0,0,0,0,0,0,0,0,0,0,0,,,,
87|13,0,0,0,0,0,0,0,0,0,0,0,0,0,0,0,0,,,,
131|95,0,0,0,0,0,0,0,0,0,0,0,0,0,0,0,0,,,,
99|55,144,29,152,5,93,17,3,20,44,76,57,419,74,6,0,0,0|0#1|0#2|0#3|4#4|4#5|4#6|4#7|4#8|4#9|4#10|4#11|4#12|0,0|0#1|0#2|0#3|4#4|4#5|4#6|4#7|4#8|4#9|4#10|4#11|4#12|0,0|0#1|0#2|0#3|4#4|4#5|4#6|4#7|4#8|4#9|4#10|4#11|4#12|0,0|0#1|0#2|0#3|4#4|4#5|4#6|4#7|4#8|4#9|4#10|4#11|4#12|0
11|101,0,0,0,0,0,0,0,0,0,0,0,0,0,0,0,0,,,,
64|117,0,0,0,0,0,0,0,0,0,0,0,0,0,0,0,0,,,,
50|113,0,0,0,0,0,0,0,0,0,0,0,0,0,0,0,0,,,,
112|84,0,0,0,0,0,0,1,0,1,0,0,1,0,0,0,0,0|0#1|0#2|0#3|0#4|0#5|0#6|0#7|0#8|0#9|0#10|0#11|0#12|0,0|0#1|0#2|0#3|0#4|0#5|0#6|0#7|0#8|0#9|0#10|0#11|0#12|0,,0|0#1|0#2|0#3|0#4|0#5|0#6|0#7|0#8|0#9|0#10|0#11|0#12|0
39|109,0,1,0,0,0,0,0,0,0,0,0,0,0,0,0,0,,,,
140|114,0,0,0,0,0,0,0,0,0,0,0,0,0,0,0,0,,,,
63|100,5,0,23,2,3,1,0,3,7,0,7,1,2,0,1,0,,,,
32|98,0,0,0,0,0,0,0,0,0,0,0,0,0,0,0,0,,,,
78|19,0,0,0,0,0,0,0,0,0,0,0,0,0,0,0,0,,,,
19|3,0,0,0,0,0,0,0,0,0,0,0,0,0,0,0,0,,,,
4|0,0,0,0,0,0,0,0,0,0,0,0,0,0,0,0,0,,,,
149|8,0,0,0,0,0,0,0,0,0,0,0,0,0,0,0,0,,,,
115|106,0,0,0,0,0,0,1,0,0,0,0,1,0,0,0,0,,,,
