0|0,0,0,0,0,0,0,0,0,0,0,0,0,0,0,0,0,,,,
145|8,0,0,0,0,1,0,0,0,0,0,1,0,0,0,0,0,,,,
62|133,0,0,0,0,0,0,0,0,0,0,0,0,0,0,0,0,,,,
58|35,0,0,0,0,0,0,0,0,0,0,0,0,0,0,0,0,,,,
1|131,0,0,0,0,0,0,0,0,0,0,0,0,0,0,0,0,,,,
15|3,0,0,0,0,0,0,0,0,0,0,0,0,0,0,0,0,,,,
119|10,0,0,0,0,0,0,0,0,0,0,0,0,0,0,0,0,,,,
129|27,0,0,0,0,0,0,0,0,0,0,0,0,0,0,0,0,,,,
23|121,0,0,0,0,0,0,0,0,0,0,0,0,0,0,0,0,,,,
98|82,0,0,0,0,0,0,0,0,0,0,0,1,0,0,0,0,0|0#1|0#2|0#3|0#4|0#5|0#6|0#7|0#8|0#9|0#10|0#11|0#12|0,0|0#1|0#2|0#3|0#4|0#5|0#6|0#7|0#8|0#9|0#10|0#11|0#12|0,0|0#1|0#2|0#3|0#4|0#5|0#6|0#7|0#8|0#9|0#10|0#11|0#12|0,0|0#1|0#2|0#3|0#4|0#5|0#6|0#7|0#8|0#9|0#10|0#11|0#12|0
79|71,0,0,0,0,0,0,0,0,0,0,0,0,0,0,0,0,,,,
96|57,132,25,160,12,12,17,11,17,6,7,61,14,24,3,0,0,0|0#1|0#2|0#3|4#4|4#5|4#6|4#7|4#8|4#9|4#10|4#11|4#12|0,0|0#1|0#2|0#3|4#4|4#5|4#6|4#7|4#8|4#9|4#10|4#11|4#12|0,0|0#1|0#2|0#3|4#4|4#5|4#6|4#7|4#8|4#9|4#10|4#11|4#12|0,0|0#1|0#2|0#3|4#4|4#5|4#6|4#7|4#8|4#9|4#10|4#11|4#12|0
86|40,0,0,0,0,0,0,0,0,0,0,0,0,0,0,0,0,,,,0|0#1|0#2|0#3|0#4|0#5|0#6|0#7|0#8|0#9|0#10|0#11|0#12|0
127|126,0,0,0,0,0,0,0,0,0,0,0,0,0,0,0,0,,,,
24|138,0,0,0,0,0,0,0,0,0,0,0,0,0,0,0,0,,,,
10|89,0,0,0,0,0,0,0,0,0,0,0,0,0,0,0,0,,,,
41|1,0,0,0,0,0,0,0,0,0,0,0,0,0,0,0,0,,,,
39|24,0,0,0,0,0,0,0,0,0,0,0,0,0,0,0,0,,,,
152|134,0,0,0,0,0,0,0,0,0,0,0,0,0,0,0,0,,,,
100|135,0,0,0,0,0,0,0,0,0,0,0,0,0,0,0,0,,,,
76|137,0,0,0,0,0,0,0,0,0,0,0,0,0,0,0,0,,,,
37|125,0,0,0,0,0,0,0,0,0,0,0,0,0,0,0,0,,,,
10|134,0,0,0,0,0,0,0,0,0,0,0,0,0,0,0,0,,,,
148|38,0,0,0,0,0,0,0,0,0,0,0,0,0,0,0,0,,,,
113|122,0,0,0,0,0,0,0,0,0,0,0,0,0,0,0,0,,,,
77|46,0,0,0,0,0,0,0,0,0,0,0,1,0,0,0,0,0|0#1|0#2|0#3|0#4|0#5|0#6|0#7|0#8|0#9|0#10|0#11|0#12|0,,0|0#1|0#2|0#3|0#4|0#5|0#6|0#7|0#8|0#9|0#10|0#11|0#12|0,
84|15,0,0,0,0,0,0,0,0,0,0,0,0,0,0,0,0,,,,
89|124,0,0,0,0,0,0,0,0,0,0,0,0,0,0,0,0,,,,
138|21,0,0,0,0,0,0,0,0,0,0,0,0,0,0,0,0,,,,
89|88,0,0,0,0,0,0,0,0,0,0,0,0,0,0,0,0,,0|0#1|0#2|0#3|0#4|0#5|0#6|0#7|0#8|0#9|0#10|0#11|0#12|0,,0|0#1|0#2|0#3|0#4|0#5|0#6|0#7|0#8|0#9|0#10|0#11|0#12|0
75|120,0,2,0,0,0,0,0,0,3,0,0,0,1,0,0,0,,,,
114|139,1,2,1,4,0,2,0,2,13,0,0,3,0,2,0,0,,,,
