16|66,0,1,0,0,0,0,0,0,0,0,0,0,0,0,0,0,,,,
81|133,0,0,0,0,0,0,0,0,0,0,0,0,0,0,0,0,,,,
108|94,0,0,0,0,0,0,0,0,0,0,0,0,0,0,0,0,,,,
25|60,0,0,0,0,0,0,0,0,0,0,0,0,0,0,0,0,,,,
113|38,0,0,0,0,0,0,1,0,0,0,0,0,0,0,0,0,,,,
42|46,0,0,0,0,0,0,0,0,2,0,0,3,1,0,0,0,0|0#1|0#2|0#3|0#4|0#5|0#6|0#7|0#8|0#9|0#10|0#11|0#12|0,0|0#1|0#2|0#3|0#4|0#5|0#6|0#7|0#8|0#9|0#10|0#11|0#12|0,0|0#1|0#2|0#3|0#4|0#5|0#6|0#7|0#8|0#9|0#10|0#11|0#12|0,0|0#1|0#2|0#3|0#4|0#5|0#6|0#7|0#8|0#9|0#10|0#11|0#12|0
54|88,15,11,3,0,2,8,0,6,0,1,2,2,1,0,0,0,0|0#1|0#2|0#3|0#4|0#5|0#6|0#7|0#8|0#9|0#10|0#11|0#12|0,0|0#1|0#2|0#3|0#4|0#5|0#6|0#7|0#8|0#9|0#10|0#11|0#12|0,0|0#1|0#2|0#3|0#4|0#5|0#6|0#7|0#8|0#9|0#10|0#11|0#12|0,0|0#1|0#2|0#3|0#4|0#5|0#6|0#7|0#8|0#9|0#10|0#11|0#12|0
70|51,0,0,0,0,0,0,0,0,0,0,0,0,0,0,0,0,,,,
42|121,0,0,0,0,0,0,0,0,0,0,0,0,0,0,0,0,,,,
134|74,0,0,0,0,0,0,0,0,0,0,0,0,0,0,0,0,,,,
43|138,3,0,0,0,0,0,0,1,0,0,0,0,2,0,0,0,,,,
9|127,0,0,0,0,0,0,0,0,0,0,0,0,0,0,0,0,,,,
51|40,0,0,0,0,0,0,0,0,0,0,0,0,0,0,0,0,,,,
73|99,0,0,0,0,0,0,0,0,0,0,0,1,0,0,0,0,,,,
35|77,0,0,0,0,0,0,0,0,0,0,0,0,0,0,0,0,,,,
94|120,0,0,0,0,0,0,0,0,0,0,0,0,0,0,0,0,,,,
82|93,0,0,0,0,0,0,0,0,0,0,0,2,0,0,0,0,,,,
17|113,0,0,0,0,0,0,0,0,0,0,0,0,0,0,0,0,,,,
77|5,0,0,0,0,0,1,0,0,1,0,0,0,0,0,0,0,,,,
95|137,0,0,0,1,0,0,0,0,0,0,0,0,0,0,0,0,,,,
23|35,0,0,0,0,0,0,0,0,0,0,0,0,0,0,0,0,,,,
122|32,0,0,0,0,0,0,0,0,0,0,0,0,0,0,0,0,,,,
80|68,138,48,117,7,4,13,9,21,3,0,40,3,22,0,0,0,0|0#1|0#2|0#3|0#4|0#5|0#6|0#7|0#8|0#9|0#10|0#11|0#12|0,0|0#1|0#2|0#3|0#4|0#5|0#6|0#7|0#8|0#9|0#10|0#11|0#12|0,0|0#1|0#2|0#3|0#4|0#5|0#6|0#7|0#8|0#9|0#10|0#11|0#12|0,0|0#1|0#2|0#3|0#4|0#5|0#6|0#7|0#8|0#9|0#10|0#11|0#12|0
132|49,0,0,0,0,0,0,0,0,0,0,0,0,0,0,0,0,,,,
61|57,21,3,11,3,2,8,1,7,9,1,2,6,5,0,0,0,0|0#1|0#2|0#3|1#4|0#5|0#6|0#7|0#8|0#9|0#10|0#11|0#12|0,0|0#1|0#2|0#3|0#4|0#5|0#6|0#7|0#8|0#9|0#10|0#11|0#12|0,0|0#1|0#2|0#3|0#4|0#5|0#6|0#7|0#8|0#9|0#10|0#11|0#12|0,0|0#1|0#2|0#3|0#4|0#5|0#6|0#7|0#8|0#9|0#10|0#11|0#12|0
3|61,0,0,0,0,0,0,0,0,0,0,0,0,0,0,0,0,,,,
56|125,0,0,0,0,0,0,0,0,0,0,0,0,0,0,0,0,,,,
103|21,1,0,0,3,0,0,0,0,0,0,0,0,2,0,0,0,0|0#1|0#2|0#3|1#4|0#5|0#6|0#7|0#8|0#9|0#10|0#11|0#12|0,0|0#1|0#2|0#3|0#4|0#5|0#6|0#7|0#8|0#9|0#10|0#11|0#12|0,0|0#1|0#2|0#3|0#4|0#5|0#6|0#7|0#8|0#9|0#10|0#11|0#12|0,0|0#1|0#2|0#3|0#4|0#5|0#6|0#7|0#8|0#9|0#10|0#11|0#12|0
44|71,0,0,0,0,0,0,0,0,0,0,0,0,0,0,0,0,,,,
8|110,0,0,0,0,0,0,0,0,0,0,0,0,0,0,0,0,,,,
115|63,0,1,0,0,0,1,0,0,0,0,0,0,0,0,0,0,0|0#1|0#2|0#3|1#4|0#5|0#6|0#7|0#8|0#9|0#10|0#11|0#12|0,0|0#1|0#2|0#3|0#4|0#5|0#6|0#7|0#8|0#9|0#10|0#11|0#12|0,0|0#1|0#2|0#3|0#4|0#5|0#6|0#7|0#8|0#9|0#10|0#11|0#12|0,0|0#1|0#2|0#3|0#4|0#5|0#6|0#7|0#8|0#9|0#10|0#11|0#12|0
63|82,0,0,0,0,0,0,0,0,0,0,0,0,0,0,0,0,,,,
106|69,0,0,3,2,0,0,0,2,1,0,0,1,6,0,0,0,0|0#1|0#2|0#3|2#4|2#5|3#6|2#7|2#8|2#9|2#10|2#11|2#12|0,0|0#1|0#2|0#3|2#4|2#5|2#6|2#7|2#8|1#9|2#10|1#11|2#12|0,0|0#1|0#2|0#3|2#4|2#5|2#6|2#7|2#8|2#9|2#10|2#11|2#12|0,0|0#1|0#2|0#3|2#4|2#5|2#6|2#7|2#8|1#9|2#10|2#11|1#12|0
141|43,0,0,0,0,0,0,0,0,0,0,0,0,0,0,0,0,,,,
136|0,0,0,0,0,0,0,0,0,0,0,0,0,0,0,0,0,,,,
132|122,0,0,0,0,0,0,0,1,0,0,0,2,0,0,0,0,,,,
107|114,2,1,1,2,1,1,0,2,4,0,0,5,1,0,0,0,,,,
69|112,0,0,0,0,0,0,0,0,0,0,0,0,0,0,0,0,,,,
1|36,0,0,0,0,0,0,0,0,0,0,0,0,0,0,0,0,,,,
18|91,0,0,0,0,0,0,0,0,0,0,0,0,0,0,0,0,,,,
146|126,0,0,0,0,0,0,0,0,0,0,0,0,0,0,0,0,,,,
133|139,0,0,0,0,0,0,0,0,0,0,0,0,0,0,0,0,,,,
