27|115,0,0,0,0,0,0,0,0,0,0,0,0,0,0,0,0,,,,
40|66,0,0,0,0,0,0,0,0,0,0,0,0,0,0,0,0,,,,
21|55,0,0,0,0,0,0,0,0,0,0,0,0,0,0,0,0,,,,
14|86,0,0,0,0,0,0,0,0,0,0,0,0,0,0,0,0,,,,
23|80,0,0,0,0,0,0,0,0,0,0,0,0,0,0,0,0,,,,
66|127,0,0,0,0,0,0,0,0,0,0,0,0,0,0,0,0,,,,
33|97,0,0,0,0,0,0,0,0,0,0,0,0,0,0,0,0,,,,
55|0,0,0,0,0,0,0,0,0,0,0,0,0,0,0,0,0,,,,
132|94,0,0,0,0,0,0,0,0,0,0,0,0,0,0,0,0,,,,
91|135,0,0,0,0,0,0,0,0,0,0,0,0,0,0,0,0,,,,
104|89,0,1,2,0,0,0,0,0,0,0,0,4,1,0,0,0,0|0#1|0#2|0#3|0#4|0#5|0#6|0#7|0#8|0#9|0#10|0#11|0#12|0,0|0#1|0#2|0#3|0#4|0#5|0#6|0#7|0#8|0#9|0#10|0#11|0#12|0,0|0#1|0#2|0#3|0#4|0#5|0#6|0#7|0#8|0#9|0#10|0#11|0#12|0,0|0#1|0#2|0#3|0#4|0#5|0#6|0#7|0#8|0#9|0#10|0#11|0#12|0
113|83,0,0,0,0,0,0,0,0,1,0,0,1,0,0,0,0,0|0#1|0#2|0#3|0#4|0#5|0#6|0#7|0#8|0#9|0#10|0#11|0#12|0,0|0#1|0#2|0#3|0#4|0#5|0#6|0#7|0#8|0#9|0#10|0#11|0#12|0,0|0#1|0#2|0#3|0#4|0#5|0#6|0#7|0#8|0#9|0#10|0#11|1#12|0,0|0#1|0#2|0#3|0#4|0#5|0#6|0#7|0#8|0#9|0#10|0#11|0#12|0
111|58,0,0,0,0,0,0,0,0,0,0,0,0,2,0,0,0,0|0#1|0#2|0#3|0#4|0#5|0#6|0#7|0#8|0#9|0#10|0#11|0#12|0,0|0#1|0#2|0#3|0#4|0#5|0#6|0#7|0#8|0#9|0#10|0#11|0#12|0,0|0#1|0#2|0#3|0#4|0#5|0#6|0#7|0#8|0#9|0#10|0#11|0#12|0,0|0#1|0#2|0#3|0#4|0#5|0#6|0#7|0#8|0#9|0#10|0#11|0#12|0
29|2,0,0,0,0,0,0,0,0,1,0,0,1,1,0,0,0,,,,
52|123,0,0,0,0,0,0,0,0,0,0,0,0,0,0,0,0,,,,
101|41,0,1,0,0,0,0,0,2,0,0,0,0,0,0,0,0,,,0|0#1|0#2|0#3|0#4|0#5|0#6|0#7|0#8|0#9|0#10|0#11|0#12|0,
1|81,0,0,0,0,0,0,0,0,0,0,0,0,0,0,0,0,,,,
120|52,16,5,9,2,5,1,2,2,1,0,5,4,3,0,0,0,0|0#1|0#2|0#3|0#4|0#5|0#6|0#7|0#8|0#9|0#10|0#11|0#12|0,0|0#1|0#2|0#3|0#4|0#5|0#6|0#7|0#8|0#9|0#10|0#11|0#12|0,0|0#1|0#2|0#3|0#4|0#5|0#6|0#7|0#8|0#9|0#10|0#11|0#12|0,0|0#1|0#2|0#3|0#4|0#5|0#6|0#7|0#8|0#9|0#10|0#11|0#12|0
142|124,0,0,0,0,0,0,0,0,0,0,0,0,0,0,0,0,,,,
5|125,0,0,0,0,0,0,0,0,0,0,0,0,0,0,0,0,,,,
14|128,0,0,0,0,0,0,0,0,0,0,0,0,0,0,0,0,,,,
65|110,0,0,1,0,0,0,0,0,0,0,0,2,2,0,0,0,,,,
42|91,0,0,0,0,0,0,0,0,0,0,0,0,0,0,0,0,,,,
130|69,0,0,0,0,0,0,0,0,0,0,0,0,0,0,0,0,,,,
117|116,0,0,0,0,0,0,0,0,0,0,0,0,0,0,0,0,,,,
98|29,0,0,0,0,0,0,0,0,0,0,0,0,0,0,0,0,,,,
79|18,0,0,0,0,0,0,0,1,0,0,0,0,0,0,0,0,,,,
79|114,0,0,0,0,0,0,0,0,0,0,0,0,0,0,0,0,,,,
13|111,0,0,0,0,0,0,0,0,0,0,0,0,0,0,0,0,,,,
103|112,0,0,0,0,0,0,0,0,0,0,0,1,0,0,0,0,,,,
104|129,0,0,0,0,0,0,0,0,0,0,0,0,0,0,0,0,,,,
88|12,0,0,0,0,0,0,0,0,0,0,0,0,0,0,0,0,,,,
