130|59,0,0,0,0,0,0,0,0,0,0,0,0,0,0,0,0,,,,
5|115,0,0,0,0,0,0,0,0,0,0,0,0,0,0,0,0,,,,
21|45,0,0,0,0,0,0,0,0,0,0,0,0,0,0,0,0,,,,
52|113,0,0,0,0,0,0,0,0,0,0,0,0,0,0,0,0,,,,
91|125,0,0,0,0,0,0,0,0,0,0,0,0,0,0,0,0,,,,
111|48,0,0,0,0,0,0,0,0,0,0,0,3,5,0,0,0,0|0#1|0#2|0#3|0#4|0#5|0#6|0#7|0#8|0#9|0#10|0#11|0#12|0,0|0#1|0#2|0#3|0#4|0#5|0#6|0#7|0#8|0#9|0#10|0#11|0#12|0,0|0#1|0#2|0#3|0#4|0#5|0#6|0#7|0#8|0#9|0#10|0#11|0#12|0,0|0#1|0#2|0#3|0#4|0#5|0#6|0#7|0#8|0#9|0#10|0#11|0#12|0
79|104,0,0,0,0,0,1,0,0,0,0,0,0,0,0,0,0,,,,
120|42,0,0,0,0,0,0,0,0,0,0,0,0,0,0,0,0,,,,
33|87,0,0,0,0,0,0,0,0,0,0,0,0,0,0,0,0,,,,
142|114,0,0,0,0,0,0,0,0,0,0,0,0,0,0,0,0,,,,
14|118,0,0,0,0,0,0,0,0,0,0,0,0,0,0,0,0,,,,
104|119,1,0,18,0,5,1,0,2,3,0,6,3,0,0,0,0,,,,
98|19,0,0,0,2,0,0,0,0,0,0,0,0,0,0,0,0,,,,
23|70,0,0,0,0,0,0,0,0,0,0,0,0,0,0,0,0,,,,
20|1,0,0,0,0,0,0,0,0,1,0,0,0,0,0,0,0,,,,
132|84,26,12,39,5,6,5,0,9,0,2,15,16,6,0,0,0,0|0#1|0#2|0#3|0#4|0#5|0#6|0#7|0#8|0#9|0#10|0#11|0#12|0,0|0#1|0#2|0#3|0#4|0#5|0#6|0#7|0#8|0#9|0#10|0#11|0#12|0,0|0#1|0#2|0#3|0#4|0#5|0#6|0#7|0#8|0#9|0#10|0#11|0#12|0,0|0#1|0#2|0#3|0#4|0#5|0#6|0#7|0#8|0#9|0#10|0#11|0#12|0
13|101,0,0,0,0,0,0,0,0,0,0,0,0,0,0,0,0,,,,
40|56,0,0,0,0,0,0,0,0,0,0,0,0,0,0,0,0,,,,
61|92,0,0,0,0,0,0,0,1,0,0,0,0,0,0,0,0,,,,0|0#1|0#2|0#3|0#4|0#5|0#6|0#7|0#8|0#9|0#10|0#11|0#12|0
113|73,0,0,0,0,0,0,0,0,0,0,0,0,0,0,0,0,0|0#1|0#2|0#3|0#4|0#5|0#6|0#7|0#8|0#9|0#10|0#11|0#12|0,,0|0#1|0#2|0#3|0#4|0#5|0#6|0#7|0#8|0#9|0#10|0#11|0#12|0,
117|106,0,0,0,0,0,0,0,0,1,0,0,0,0,0,0,0,,,,
101|31,0,0,0,0,0,0,0,0,0,0,0,0,0,0,0,0,,,,
1|71,0,0,0,0,0,0,0,0,0,0,0,0,0,0,0,0,,,,
65|100,0,0,0,0,0,0,0,0,0,0,0,0,0,0,0,0,,,,
66|117,0,0,0,0,0,0,0,0,0,0,0,0,0,0,0,0,,,,
124|8,0,0,0,0,0,0,0,0,0,0,0,0,0,0,0,0,,,,
104|79,1,0,0,0,0,0,0,0,0,1,0,1,5,0,0,0,,,,
14|76,0,0,0,0,0,0,0,0,0,0,0,0,0,0,0,0,,,,
150|6,0,0,0,0,0,0,0,0,0,0,0,0,0,0,0,0,,,,
42|81,0,0,0,0,0,0,0,6,0,0,0,0,0,0,0,0,0|0#1|0#2|0#3|0#4|0#5|0#6|0#7|0#8|0#9|0#10|0#11|0#12|0,0|0#1|0#2|0#3|0#4|0#5|0#6|0#7|0#8|0#9|0#10|0#11|0#12|0,0|0#1|0#2|0#3|0#4|0#5|0#6|0#7|0#8|0#9|0#10|0#11|0#12|0,0|0#1|0#2|0#3|0#4|0#5|0#6|0#7|0#8|0#9|0#10|0#11|0#12|0
151|95,0,0,0,0,0,0,0,0,0,0,0,0,0,0,0,0,,,,
27|105,0,0,0,0,0,0,0,0,0,0,0,0,0,0,0,0,,,,
52|98,0,0,0,0,0,0,0,0,0,0,0,0,0,0,0,0,,,,
103|102,0,0,0,0,0,0,2,0,0,0,0,0,1,0,0,0,0|0#1|0#2|0#3|0#4|0#5|0#6|0#7|0#8|0#9|0#10|0#11|0#12|0,,0|0#1|0#2|0#3|0#4|0#5|0#6|0#7|0#8|0#9|0#10|0#11|0#12|0,
