62|82,0,0,0,0,0,0,0,0,1,0,0,0,0,0,0,0,0|0#1|0#2|0#3|0#4|0#5|0#6|0#7|0#8|0#9|0#10|0#11|0#12|0,,0|0#1|0#2|0#3|0#4|0#5|0#6|0#7|0#8|0#9|0#10|0#11|0#12|0,
34|77,0,0,0,0,0,0,0,0,0,0,0,0,0,0,0,0,,,,
67|101,0,0,0,0,0,0,0,0,0,0,0,0,0,0,0,0,0|0#1|0#2|0#3|0#4|0#5|0#6|0#7|0#8|0#9|0#10|0#11|0#12|0,,,
72|99,0,0,0,0,0,0,0,0,0,0,0,1,0,0,0,0,0|0#1|0#2|0#3|0#4|0#5|0#6|0#7|0#8|0#9|0#10|0#11|0#12|0,,,
105|69,1,3,3,3,0,0,1,0,0,0,0,0,4,0,0,0,0|0#1|0#2|0#3|1#4|4#5|4#6|4#7|4#8|3#9|2#10|2#11|2#12|0,0|0#1|0#2|0#3|1#4|3#5|4#6|3#7|3#8|2#9|2#10|1#11|1#12|0,0|0#1|0#2|0#3|3#4|4#5|4#6|4#7|4#8|3#9|2#10|2#11|2#12|0,0|0#1|0#2|0#3|2#4|4#5|4#6|3#7|3#8|2#9|2#10|0#11|1#12|0
81|93,0,0,0,0,0,0,0,0,0,0,0,0,0,0,0,0,0|0#1|0#2|0#3|0#4|0#5|0#6|0#7|0#8|0#9|0#10|0#11|0#12|0,,0|0#1|0#2|0#3|0#4|0#5|0#6|0#7|0#8|0#9|0#10|0#11|0#12|0,
7|116,0,0,0,0,0,0,0,0,0,0,0,0,0,0,0,0,,,,
24|60,0,0,0,0,0,0,0,0,0,0,0,0,0,0,0,0,,,,
22|35,0,0,0,0,0,0,0,0,0,0,0,0,0,0,0,0,,,,
93|3,0,0,0,0,0,0,0,0,0,0,0,0,0,0,0,0,,,,
29|106,0,0,0,0,0,0,0,0,0,0,0,0,0,0,0,0,,,,
50|40,0,0,0,0,0,0,0,0,0,0,0,0,0,0,0,0,,,,
93|126,0,0,0,0,0,0,0,0,0,0,0,0,0,0,0,0,,,,
105|103,0,0,0,0,0,0,0,0,0,0,0,0,0,0,0,0,,,,
140|43,0,0,0,0,0,0,0,0,0,0,0,0,0,0,0,0,0|0#1|0#2|0#3|0#4|0#5|0#6|0#7|0#8|0#9|0#10|0#11|0#12|0,,0|0#1|0#2|0#3|0#4|0#5|0#6|0#7|0#8|0#9|0#10|0#11|0#12|0,
53|88,3,7,0,0,0,0,0,2,0,0,0,0,0,0,0,0,0|0#1|0#2|0#3|0#4|0#5|2#6|2#7|2#8|2#9|1#10|0#11|0#12|0,0|0#1|0#2|0#3|0#4|0#5|1#6|2#7|2#8|2#9|2#10|0#11|0#12|0,0|0#1|0#2|0#3|0#4|2#5|2#6|2#7|3#8|2#9|0#10|0#11|0#12|0,0|0#1|0#2|0#3|0#4|0#5|1#6|2#7|2#8|2#9|0#10|0#11|0#12|0
54|114,0,0,0,0,0,0,0,0,0,0,0,0,0,0,0,0,,,,
133|74,0,0,0,0,0,0,0,0,0,0,0,0,0,0,0,0,,,,
40|110,0,0,0,0,0,0,0,0,0,0,0,0,0,0,0,0,,,,
67|5,0,0,0,0,0,1,0,0,0,0,0,0,0,0,0,0,,,,
68|118,0,0,0,0,0,0,0,0,0,0,0,0,0,0,0,0,,,,
60|57,1,0,1,2,0,1,1,2,0,0,0,2,0,0,0,0,0|0#1|0#2|0#3|1#4|0#5|0#6|0#7|0#8|0#9|0#10|0#11|0#12|0,0|0#1|0#2|0#3|0#4|0#5|0#6|0#7|0#8|0#9|0#10|0#11|0#12|0,0|0#1|0#2|0#3|0#4|0#5|0#6|0#7|0#8|0#9|0#10|0#11|0#12|0,
107|94,0,0,0,0,0,0,0,0,0,0,0,0,0,0,0,0,0|0#1|0#2|0#3|0#4|0#5|0#6|0#7|0#8|0#9|0#10|0#11|0#12|0,,0|0#1|0#2|0#3|0#4|0#5|0#6|0#7|0#8|0#9|0#10|0#11|0#12|0,
41|46,0,0,0,0,0,0,0,0,0,0,0,0,0,0,0,0,0|0#1|0#2|0#3|0#4|0#5|0#6|0#7|0#8|0#9|0#10|0#11|0#12|0,0|0#1|0#2|0#3|0#4|0#5|0#6|0#7|0#8|0#9|0#10|0#11|0#12|0,0|0#1|0#2|0#3|0#4|0#5|0#6|0#7|0#8|0#9|0#10|0#11|0#12|0,
43|71,0,0,0,0,0,0,0,0,0,0,0,0,0,0,0,0,,,,
17|91,0,0,0,0,0,0,0,0,0,0,0,0,0,0,0,0,,,,
80|139,0,0,0,0,0,0,0,0,0,0,0,0,0,0,0,0,,,,
121|32,0,0,0,0,0,0,0,0,1,0,0,0,0,0,0,0,,,0|0#1|0#2|0#3|0#4|0#5|0#6|0#7|0#8|0#9|0#10|0#11|0#12|0,
131|128,0,0,0,0,0,0,0,0,0,0,0,0,1,0,0,0,,,,
126|0,0,0,0,0,0,0,0,0,0,0,0,0,0,0,0,0,,,,
130|111,2,0,1,0,3,15,1,3,1,2,2,11,2,6,0,0,,,,
0|36,0,0,0,0,0,0,0,0,0,0,0,0,0,0,0,0,,,,
15|66,0,0,0,0,0,0,0,0,0,0,0,0,0,0,0,0,,,,
114|63,1,0,2,1,0,0,0,0,0,0,0,0,1,0,0,0,0|0#1|0#2|0#3|0#4|0#5|0#6|0#7|0#8|0#9|0#10|0#11|0#12|0,0|0#1|0#2|0#3|0#4|0#5|0#6|0#7|0#8|0#9|0#10|0#11|0#12|0,0|0#1|0#2|0#3|0#4|0#5|0#6|0#7|0#8|0#9|0#10|0#11|0#12|0,
41|127,0,0,0,0,0,0,0,0,0,0,0,0,0,0,0,0,,,,
15|102,0,0,0,0,0,0,0,0,0,0,0,0,0,0,0,0,,,,
119|107,0,0,0,0,0,0,0,0,0,0,0,0,0,0,0,0,,,,
16|119,0,0,0,0,0,0,0,0,0,0,0,0,0,0,0,0,,,,
131|49,0,0,0,0,0,0,0,0,0,0,0,0,0,0,0,0,,,,
112|38,0,0,0,0,0,0,0,0,0,0,0,0,0,0,0,0,,,,
2|61,0,0,0,0,0,0,0,0,0,0,0,0,0,0,0,0,,,,
102|21,0,0,0,0,0,0,0,0,0,0,0,0,0,0,0,0,,,,
144|115,0,0,0,0,2,0,1,0,6,0,3,0,0,0,0,0,,,,
152|85,0,0,0,0,0,0,0,0,0,0,0,0,0,0,0,0,,,,
