130|76,0,0,0,0,0,0,0,0,0,0,0,0,0,0,0,0,,,0|0#1|0#2|0#3|0#4|0#5|0#6|0#7|0#8|0#9|0#10|0#11|0#12|0,
79|25,0,0,0,0,0,0,0,0,0,0,0,0,0,0,0,0,0|0#1|0#2|0#3|0#4|0#5|0#6|0#7|0#8|0#9|0#10|0#11|0#12|0,0|0#1|0#2|0#3|0#4|0#5|0#6|0#7|0#8|0#9|0#10|0#11|0#12|0,0|0#1|0#2|0#3|0#4|0#5|0#6|0#7|0#8|0#9|0#10|0#11|0#12|0,0|0#1|0#2|0#3|0#4|0#5|0#6|0#7|0#8|0#9|0#10|0#11|0#12|0
142|131,0,0,0,0,0,0,0,0,0,0,0,0,0,0,0,0,,,,
66|134,0,0,0,0,0,0,0,0,0,0,0,0,0,0,0,0,,,,
12|68,0,0,0,0,0,0,0,0,0,0,0,0,0,0,0,0,,,,
117|123,0,0,0,0,0,0,0,0,0,0,0,0,1,0,0,0,,,,
31|79,0,0,0,0,0,0,0,0,0,0,0,0,0,0,0,0,,,,
104|136,0,0,0,0,0,0,0,0,0,0,0,0,0,0,0,0,,,,
104|96,54,5,197,8,2,8,0,8,7,2,38,3,10,0,2,0,0|0#1|0#2|0#3|0#4|0#5|0#6|0#7|0#8|0#9|0#10|0#11|0#12|0,,,
91|142,0,0,0,0,0,0,0,0,0,0,0,0,0,0,0,0,,,,
53|147,0,0,0,0,0,0,0,0,0,0,0,0,0,0,0,0,,,,
14|93,0,0,0,0,0,0,0,0,0,0,0,0,0,0,0,0,,,,
52|130,0,0,0,0,0,0,0,0,0,0,0,0,0,0,0,0,,,,
37|7,0,0,0,0,0,1,0,2,0,0,0,1,0,1,0,0,,,,
122|0,5,1,14,0,5,4,2,0,9,0,6,0,2,0,0,0,,,,
63|5,0,0,0,0,0,0,0,0,0,0,0,0,0,0,0,0,,,,
21|62,0,0,0,0,0,0,0,0,0,0,0,0,0,0,0,0,,,,
5|132,0,0,0,0,0,0,0,0,0,0,0,0,0,0,0,0,,,,
113|90,1,0,1,0,0,0,0,1,1,0,0,8,0,0,0,0,0|0#1|0#2|0#3|0#4|0#5|0#6|0#7|0#8|0#9|0#10|0#11|0#12|0,,0|0#1|0#2|0#3|0#4|0#5|0#6|0#7|0#8|0#9|0#10|0#11|0#12|0,
27|122,0,0,0,0,0,0,0,0,0,0,0,0,0,0,0,0,,,,
98|36,2,0,0,0,0,0,0,0,0,0,0,0,0,0,0,0,0|0#1|0#2|0#3|0#4|0#5|0#6|0#7|0#8|0#9|0#10|0#11|0#12|0,,,
40|73,0,0,0,0,0,0,1,3,0,0,0,0,0,0,0,0,,,,
79|121,0,0,0,0,0,0,0,0,0,0,0,0,0,0,0,0,,,,
14|135,0,0,0,0,0,0,0,0,0,0,0,0,0,0,0,0,,,,
28|139,0,0,0,0,0,0,0,0,0,0,0,0,0,0,0,0,,,,
111|65,0,0,1,0,0,0,0,0,0,0,0,0,0,0,0,0,0|0#1|0#2|0#3|0#4|0#5|0#6|0#7|0#8|0#9|0#10|0#11|0#12|0,,0|0#1|0#2|0#3|0#4|0#5|0#6|0#7|0#8|0#9|0#10|0#11|0#12|0,
