73|54,0,0,0,0,0,0,0,0,0,0,0,0,0,0,0,0,0|0#1|0#2|0#3|0#4|0#5|0#6|0#7|0#8|0#9|0#10|0#11|0#12|0,,0|0#1|0#2|0#3|0#4|0#5|0#6|0#7|0#8|0#9|0#10|0#11|0#12|0,
61|12,0,0,0,0,0,0,0,0,0,0,0,0,0,0,0,0,,,,
6|64,0,0,0,0,0,0,0,0,0,0,0,0,0,0,0,0,,,,
47|74,0,0,0,0,0,0,0,0,0,0,0,0,0,0,0,0,,,0|0#1|0#2|0#3|0#4|0#5|0#6|0#7|0#8|0#9|0#10|0#11|0#12|0,
30|106,0,0,0,0,0,0,0,0,0,0,0,0,0,0,0,0,,,,
16|21,0,0,0,0,0,0,0,0,0,0,0,0,0,0,0,0,,,,
26|38,0,0,0,0,0,0,0,0,0,0,0,0,0,0,0,0,,,,
71|29,1,0,1,0,0,1,1,1,2,0,0,0,0,0,0,0,,,,
80|23,0,0,1,0,0,0,0,0,0,0,1,2,0,0,0,0,0|0#1|0#2|0#3|0#4|0#5|0#6|0#7|0#8|0#9|0#10|0#11|0#12|0,,0|0#1|0#2|0#3|0#4|0#5|0#6|0#7|0#8|0#9|0#10|0#11|0#12|0,
144|46,0,0,0,0,0,0,0,0,0,0,0,0,0,0,0,0,,,,
47|140,0,0,0,0,0,0,0,0,0,0,0,0,0,0,0,0,,,,
52|18,0,0,0,0,0,0,0,0,0,0,0,0,0,0,0,0,,,,
92|65,34,26,94,13,6,6,9,3,1,3,49,6,18,0,0,0,0|0#1|0#2|0#3|4#4|4#5|4#6|4#7|4#8|4#9|4#10|4#11|4#12|0,0|0#1|0#2|0#3|4#4|4#5|4#6|4#7|4#8|4#9|4#10|4#11|4#12|0,0|0#1|0#2|0#3|4#4|4#5|4#6|4#7|4#8|4#9|4#10|4#11|4#12|0,0|0#1|0#2|0#3|4#4|4#5|4#6|4#7|4#8|4#9|4#10|4#11|4#12|0
120|107,0,0,0,0,0,0,0,0,0,0,0,0,0,0,0,0,,,,
151|15,0,0,0,0,0,0,0,0,0,0,0,0,0,0,0,0,,,,
96|109,0,0,0,0,0,0,0,0,0,0,0,0,0,0,0,0,,,,
127|60,0,0,0,0,0,0,0,0,0,0,0,0,0,0,0,0,,,,
45|49,0,0,0,0,0,0,0,0,0,0,0,1,0,0,0,0,,,,
66|85,0,1,0,0,0,0,0,0,0,0,0,0,0,0,0,0,,,,
106|24,2,2,0,0,0,0,1,2,1,1,1,0,0,0,0,0,,,,
137|141,0,0,0,0,0,0,0,0,0,0,0,0,0,0,0,0,,,,
4|39,0,0,0,0,0,0,0,0,0,0,0,0,0,0,0,0,,,,
146|71,0,0,0,0,0,0,1,0,1,0,0,1,0,0,0,0,,,,
54|43,0,0,0,0,0,0,0,0,0,0,0,0,0,0,0,0,,,,
85|96,0,0,0,0,0,0,0,0,0,0,0,0,0,0,0,0,0|0#1|0#2|0#3|0#4|0#5|0#6|0#7|0#8|0#9|0#10|0#11|0#12|0,0|0#1|0#2|0#3|0#4|0#5|0#6|0#7|0#8|0#9|0#10|0#11|0#12|0,0|0#1|0#2|0#3|0#4|0#5|0#6|0#7|0#8|0#9|0#10|0#11|0#12|0,
19|69,0,0,0,0,0,0,0,0,0,0,0,0,0,0,0,0,,,,
137|77,0,0,0,0,0,0,0,0,0,0,0,0,0,0,0,0,0|0#1|0#2|0#3|0#4|0#5|0#6|0#7|0#8|0#9|0#10|0#11|0#12|0,0|0#1|0#2|0#3|0#4|0#5|0#6|0#7|0#8|0#9|0#10|0#11|0#12|0,0|0#1|0#2|0#3|0#4|0#5|0#6|0#7|0#8|0#9|0#10|0#11|0#12|0,0|0#1|0#2|0#3|0#4|0#5|0#6|0#7|0#8|0#9|0#10|0#11|0#12|0
118|66,0,0,0,0,0,0,0,0,0,0,0,0,1,0,0,0,,,,
28|63,0,0,0,0,0,0,0,0,0,0,0,0,0,0,0,0,,,,
82|105,0,0,0,0,0,0,1,0,0,0,0,0,0,0,0,0,,,,
125|35,0,0,0,0,0,0,0,0,0,0,0,0,0,0,0,0,,,,
35|32,0,0,0,0,0,0,0,0,0,0,0,0,0,0,0,0,,,,
94|90,0,0,0,0,0,0,0,0,0,0,0,0,0,0,0,0,,,,
