108|67,2,6,32,0,1,0,2,3,2,1,15,4,6,0,0,0,0|0#1|0#2|0#3|4#4|4#5|4#6|4#7|4#8|4#9|4#10|4#11|4#12|0,0|0#1|0#2|0#3|4#4|4#5|4#6|3#7|3#8|3#9|4#10|3#11|3#12|0,0|0#1|0#2|0#3|4#4|4#5|4#6|4#7|4#8|4#9|4#10|4#11|4#12|0,0|0#1|0#2|0#3|4#4|4#5|4#6|3#7|3#8|3#9|4#10|3#11|4#12|0
117|61,0,0,0,1,0,0,0,1,0,0,0,0,2,0,0,0,0|0#1|0#2|0#3|1#4|0#5|0#6|1#7|2#8|2#9|1#10|1#11|1#12|0,0|0#1|0#2|0#3|0#4|0#5|0#6|0#7|0#8|0#9|0#10|0#11|0#12|0,0|0#1|0#2|0#3|0#4|0#5|1#6|2#7|2#8|2#9|1#10|1#11|0#12|0,0|0#1|0#2|0#3|0#4|0#5|0#6|0#7|0#8|0#9|0#10|0#11|0#12|0
70|24,0,0,0,0,0,0,0,0,0,0,0,0,0,0,0,0,,,,
134|47,0,0,0,0,0,0,0,0,0,0,0,0,0,0,0,0,,,,
82|66,0,5,0,0,0,0,0,2,0,0,1,1,0,0,0,0,0|0#1|0#2|0#3|0#4|0#5|2#6|2#7|2#8|2#9|2#10|2#11|0#12|0,0|0#1|0#2|0#3|0#4|0#5|0#6|1#7|0#8|1#9|0#10|0#11|0#12|0,0|0#1|0#2|0#3|0#4|1#5|2#6|2#7|2#8|2#9|2#10|0#11|0#12|0,0|0#1|0#2|0#3|0#4|0#5|0#6|1#7|0#8|0#9|0#10|0#11|0#12|0
136|72,0,0,0,0,0,0,0,0,0,0,0,0,0,0,0,0,,,,
146|89,0,0,0,0,0,0,0,0,0,0,0,0,0,0,0,0,,,,
46|141,0,0,0,0,0,0,0,0,0,0,0,0,0,0,0,0,,,,
3|34,0,0,0,0,0,0,0,0,0,0,0,0,0,0,0,0,,,,
42|19,0,0,0,0,0,0,0,0,0,0,0,0,0,0,0,0,,,,
150|10,0,0,0,0,0,0,0,0,0,0,0,0,0,0,0,0,,,,
115|36,0,0,0,0,0,0,0,0,0,0,0,0,0,0,0,0,,,,
56|86,0,0,0,0,0,0,0,0,0,0,0,0,2,0,0,0,,,,
63|55,0,0,2,0,0,0,0,1,0,0,0,44,0,0,0,0,0|0#1|0#2|0#3|0#4|0#5|0#6|0#7|0#8|0#9|0#10|0#11|0#12|0,0|0#1|0#2|0#3|0#4|0#5|0#6|0#7|0#8|0#9|0#10|0#11|0#12|0,0|0#1|0#2|0#3|0#4|0#5|0#6|0#7|0#8|0#9|0#10|0#11|0#12|0,0|0#1|0#2|0#3|0#4|0#5|0#6|0#7|0#8|0#9|0#10|0#11|0#12|0
75|97,2,0,4,0,1,2,1,0,1,0,3,6,1,0,0,0,,,,
143|41,0,0,0,0,0,0,0,0,0,0,0,0,0,0,0,0,,,,
136|142,0,0,0,0,0,0,0,0,0,0,0,0,0,0,0,0,,,,
18|64,0,0,0,0,0,0,0,0,0,0,0,0,0,0,0,0,,,,
98|140,0,0,0,0,0,0,0,0,0,0,0,0,0,0,0,0,,,,
124|30,0,0,0,0,0,0,0,0,0,0,0,0,0,0,0,0,,,,
84|91,0,0,0,0,0,0,0,0,0,0,0,0,0,0,0,0,,,,
91|60,63,13,141,21,12,16,11,15,9,38,55,275,10,2,0,0,0|0#1|0#2|0#3|4#4|4#5|4#6|4#7|4#8|4#9|4#10|4#11|4#12|0,0|0#1|0#2|0#3|4#4|4#5|4#6|4#7|4#8|4#9|4#10|4#11|4#12|0,0|0#1|0#2|0#3|4#4|4#5|4#6|4#7|4#8|4#9|4#10|4#11|4#12|0,0|0#1|0#2|0#3|4#4|4#5|4#6|4#7|4#8|4#9|4#10|4#11|4#12|0
97|3,0,0,0,0,0,0,0,0,0,0,0,0,0,0,0,0,,,,
127|78,0,0,0,0,0,0,0,0,0,0,0,0,0,0,0,0,0|0#1|0#2|0#3|0#4|0#5|0#6|0#7|0#8|0#9|0#10|0#11|0#12|0,,0|0#1|0#2|0#3|0#4|0#5|0#6|0#7|0#8|0#9|0#10|0#11|0#12|0,
141|16,0,0,0,0,0,0,0,0,0,0,0,0,0,0,0,0,,,,
51|13,0,0,0,0,0,1,0,1,3,0,0,1,1,0,0,0,,,,
65|80,0,0,0,0,0,0,0,0,0,0,0,0,0,0,0,0,,,,
37|75,0,0,0,0,0,1,0,0,0,0,0,0,0,0,0,0,,,,
44|44,0,0,0,0,0,0,0,0,0,0,0,0,0,0,0,0,,,,
16|39,0,0,0,0,0,0,0,0,0,0,0,0,0,0,0,0,,,,
25|33,0,0,0,0,0,0,0,0,0,0,0,0,0,0,0,0,,,,
103|9,0,0,0,0,0,0,0,0,0,0,0,0,0,0,0,0,,,,
81|106,2,0,7,0,0,2,4,0,1,0,2,0,3,0,0,0,,,,
