117|138,0,0,0,0,0,0,0,0,0,0,0,0,0,0,0,0,,,,
30|71,0,0,0,0,0,0,0,0,0,0,0,0,0,0,0,0,,,,
13|133,0,0,0,0,0,0,0,0,0,0,0,0,0,0,0,0,,,,
11|60,0,0,0,0,0,0,0,0,0,0,0,0,0,0,0,0,,,,
65|132,0,0,0,0,0,0,0,0,0,0,0,0,0,0,0,0,,,,
26|120,0,0,0,0,0,0,0,0,0,0,0,0,0,0,0,0,,,,
116|121,0,0,0,0,0,0,0,0,0,0,0,0,0,0,0,0,,,,
27|137,0,0,0,0,0,0,0,0,0,0,0,0,0,0,0,0,,,,
103|134,0,0,0,0,0,2,0,0,6,0,0,3,0,0,0,0,,,,
4|130,0,0,0,0,0,0,0,0,0,0,0,0,0,0,0,0,,,,
40|88,0,0,0,0,0,0,0,0,0,0,0,0,0,0,0,0,,,,
101|63,195,117,453,9,37,52,39,44,49,42,198,192,58,5,0,0,0|0#1|0#2|0#3|4#4|4#5|4#6|4#7|4#8|4#9|4#10|4#11|4#12|0,0|0#1|0#2|0#3|4#4|4#5|4#6|4#7|4#8|4#9|4#10|4#11|4#12|0,0|0#1|0#2|0#3|4#4|4#5|4#6|4#7|4#8|4#9|4#10|4#11|4#12|0,0|0#1|0#2|0#3|4#4|4#5|4#6|4#7|4#8|4#9|4#10|4#11|4#12|0
5|147,0,0,0,0,0,0,0,0,0,0,0,0,0,0,0,0,,,,
21|77,0,0,0,0,0,0,0,0,0,0,0,0,0,0,0,0,,,,
142|146,0,0,0,0,0,0,0,0,0,0,0,0,0,0,0,0,,,,
79|136,0,0,0,0,0,0,0,0,0,0,0,0,0,0,0,0,,,,
98|9,0,0,0,0,0,0,0,0,0,0,0,0,0,0,0,0,,,,
120|74,0,0,0,0,0,0,0,0,1,0,0,2,0,0,0,0,,0|0#1|0#2|0#3|0#4|0#5|0#6|0#7|0#8|0#9|0#10|0#11|0#12|0,,0|0#1|0#2|0#3|0#4|0#5|0#6|0#7|0#8|0#9|0#10|0#11|0#12|0
90|140,0,0,0,0,0,0,0,0,0,0,0,0,0,0,0,0,,,,
69|23,0,0,0,0,0,0,0,0,0,0,0,0,0,0,0,0,,,,
88|34,0,0,0,0,0,0,0,0,0,0,0,0,0,0,0,0,,,,
52|145,0,0,0,0,0,0,0,0,0,0,0,0,0,0,0,0,,,,
