64|28,0,0,0,0,0,0,0,0,0,0,0,0,0,0,0,0,0|0#1|0#2|0#3|0#4|0#5|0#6|0#7|0#8|0#9|0#10|0#11|0#12|0,0|0#1|0#2|0#3|0#4|0#5|0#6|0#7|0#8|0#9|0#10|0#11|0#12|0,0|0#1|0#2|0#3|0#4|0#5|0#6|0#7|0#8|0#9|0#10|0#11|0#12|0,0|0#1|0#2|0#3|0#4|0#5|0#6|0#7|0#8|0#9|0#10|0#11|0#12|0
38|48,33,9,31,1,0,3,1,8,1,0,8,0,5,0,0,0,,,,
133|7,0,0,0,0,0,0,0,0,0,0,0,0,0,0,0,0,,,,
60|146,0,0,0,0,0,0,0,0,0,0,0,0,0,0,0,0,,,,
149|87,0,0,0,0,0,0,0,0,0,0,0,0,0,0,0,0,,,,
111|135,0,0,0,0,0,0,0,0,1,0,0,2,0,0,0,0,,,,
48|125,0,0,0,0,0,0,0,0,0,0,0,0,0,0,0,0,,,,
21|134,0,0,0,0,0,0,0,0,0,0,0,0,0,0,0,0,,,,
139|70,0,0,0,0,0,0,0,0,0,0,0,0,0,0,0,0,,,,
59|84,26,0,46,1,3,3,5,8,5,0,15,2,6,0,0,0,,,,
150|147,0,0,0,0,0,0,0,0,0,0,0,0,0,0,0,0,,,,
66|53,0,0,0,0,0,0,0,0,0,0,0,0,0,0,0,0,,,,0|0#1|0#2|0#3|0#4|0#5|0#6|0#7|0#8|0#9|0#10|0#11|0#12|0
45|17,0,0,0,0,0,0,0,0,0,0,0,0,0,0,0,0,,,,
35|138,0,0,0,0,0,0,0,0,0,0,0,0,0,0,0,0,,,,
144|14,0,0,1,0,1,0,1,0,4,0,1,0,2,0,0,0,,,,
83|39,0,0,0,0,0,0,0,0,0,0,0,1,0,0,0,0,,,,
138|126,0,0,0,0,0,0,0,0,0,0,0,0,0,0,0,0,,,,
118|34,0,0,0,0,0,0,0,0,0,0,0,0,0,0,0,0,,,,
92|33,0,0,0,0,0,0,0,0,0,0,0,0,0,0,0,0,,,,
125|139,1,0,0,0,0,0,0,0,0,0,0,0,1,0,0,0,,,,
137|45,0,0,0,0,0,0,0,0,0,0,0,0,0,0,0,0,,,,
47|42,0,0,0,0,0,0,0,0,0,0,0,0,0,0,0,0,,,,
54|11,0,0,0,0,0,0,0,0,0,0,0,0,0,0,0,0,,,,
19|37,0,0,0,0,0,0,0,0,0,0,0,0,0,0,0,0,,,,
6|32,0,0,0,0,0,0,0,0,0,0,0,0,0,0,0,0,,,,
73|133,0,0,0,0,0,0,0,0,0,0,0,0,0,0,0,0,,,,
87|137,0,0,0,0,0,0,0,0,0,0,0,0,0,0,0,0,,,,
73|22,0,0,0,0,0,0,0,0,0,0,0,0,0,0,0,0,,,,
78|95,0,0,0,0,0,0,0,0,0,0,0,0,0,0,0,0,,,,
85|64,1,4,8,0,2,4,1,2,1,1,0,0,5,0,0,0,0|0#1|0#2|0#3|2#4|2#5|2#6|2#7|2#8|2#9|2#10|2#11|3#12|0,0|0#1|0#2|0#3|1#4|1#5|2#6|2#7|2#8|2#9|2#10|2#11|2#12|0,0|0#1|0#2|0#3|2#4|2#5|2#6|2#7|2#8|2#9|2#10|2#11|2#12|0,0|0#1|0#2|0#3|2#4|2#5|2#6|2#7|2#8|2#9|2#10|2#11|2#12|0
107|9,1,0,0,0,0,0,0,4,0,0,0,0,0,0,0,0,,,,
86|120,0,0,0,0,0,0,0,2,0,0,0,0,0,0,0,0,,,,
28|31,0,0,0,0,0,0,0,0,0,0,0,0,0,0,0,0,,,,
57|59,0,0,0,0,0,0,0,0,0,0,0,0,0,0,0,0,,,,
124|122,0,0,0,0,0,0,0,0,0,0,0,0,0,0,0,0,,,,
34|121,0,0,0,0,0,0,0,0,0,0,0,0,0,0,0,0,,,,
