61|49,0,0,0,0,0,0,0,0,0,0,0,0,0,0,0,0,,,,
13|10,0,0,0,0,0,0,0,0,0,0,0,0,0,0,0,0,,,,
81|125,0,0,0,0,0,0,0,0,0,0,0,0,0,0,0,0,,,,
42|38,0,0,0,1,0,0,0,1,1,0,0,0,1,0,0,0,,,,
42|113,0,0,0,0,0,0,0,0,0,0,0,0,0,0,0,0,,,,
101|3,0,0,0,0,0,0,0,0,0,0,0,0,0,0,0,0,,,,
127|97,0,0,0,0,0,0,0,0,1,0,0,0,0,0,0,0,,,,
18|83,0,0,0,0,0,0,0,0,0,0,0,0,0,0,0,0,,,,
35|69,0,0,0,0,0,0,0,0,0,0,0,0,0,0,0,0,,,,
1|28,0,0,0,0,0,0,0,0,0,0,0,0,0,0,0,0,,,,
115|55,0,0,0,0,0,0,0,0,0,0,0,0,0,0,0,0,0|0#1|0#2|0#3|0#4|0#5|0#6|0#7|0#8|0#9|0#10|0#11|0#12|0,,0|0#1|0#2|0#3|0#4|0#5|0#6|0#7|0#8|0#9|0#10|0#11|0#12|0,
145|101,0,0,0,0,0,0,0,0,0,0,0,0,0,0,0,0,,,,
56|117,0,0,0,0,0,0,0,0,0,0,0,0,0,0,0,0,,,,
94|112,0,0,0,0,0,0,0,0,0,0,0,0,0,0,0,0,,,,
132|114,165,69,221,18,26,27,13,39,28,16,122,56,47,0,0,0,,,,
70|43,0,0,0,0,0,0,0,0,0,0,0,0,0,0,0,0,0|0#1|0#2|0#3|0#4|0#5|0#6|0#7|0#8|0#9|0#10|0#11|0#12|0,,0|0#1|0#2|0#3|0#4|0#5|0#6|0#7|0#8|0#9|0#10|0#11|0#12|0,
117|80,2,1,11,0,2,0,0,1,0,0,5,1,0,0,0,0,0|0#1|0#2|0#3|0#4|0#5|0#6|0#7|0#8|0#9|0#10|0#11|0#12|0,0|0#1|0#2|0#3|0#4|0#5|0#6|0#7|0#8|0#9|0#10|0#11|0#12|0,0|0#1|0#2|0#3|0#4|0#5|0#6|0#7|1#8|0#9|0#10|0#11|0#12|0,0|0#1|0#2|0#3|0#4|0#5|0#6|0#7|0#8|0#9|0#10|0#11|0#12|0
143|60,0,0,0,0,0,0,0,0,0,0,0,0,0,0,0,0,,,,
146|118,0,0,0,0,0,0,0,0,0,0,0,0,0,0,0,0,,,,
9|119,0,0,0,0,0,0,0,0,0,0,0,0,0,0,0,0,,,,
23|27,0,0,0,0,0,0,0,0,0,0,0,0,0,0,0,0,,,,
134|66,0,0,0,0,0,0,0,0,0,0,0,0,0,0,0,0,,,,
8|102,0,0,0,0,0,0,0,0,0,0,0,0,0,0,0,0,,,,
103|13,0,0,0,0,0,0,0,0,0,0,0,0,0,0,0,0,,,,
107|106,0,0,0,0,0,0,0,0,0,0,0,0,0,0,0,0,,,,
108|86,0,0,0,0,0,0,0,0,0,0,0,2,1,0,0,0,,,,
16|58,0,0,0,0,0,0,0,0,0,0,0,0,0,0,0,0,,,,
17|105,0,0,0,0,0,0,0,0,0,0,0,0,0,0,0,0,,,,
3|53,0,0,0,0,0,0,0,0,0,0,0,0,0,0,0,0,,,,
51|32,0,0,0,0,0,0,0,0,0,0,0,0,0,0,0,0,,,0|0#1|0#2|0#3|0#4|0#5|0#6|0#7|0#8|0#9|0#10|0#11|0#12|0,
141|35,0,0,0,0,0,0,0,0,0,0,0,0,0,0,0,0,0|0#1|0#2|0#3|0#4|0#5|0#6|0#7|0#8|0#9|0#10|0#11|0#12|0,,0|0#1|0#2|0#3|0#4|0#5|0#6|0#7|0#8|0#9|0#10|0#11|0#12|0,
95|129,0,0,0,0,0,0,0,0,0,0,1,0,0,0,0,0,,,,
37|94,0,0,0,0,0,0,0,0,0,0,0,0,0,0,0,0,,,,
32|21,4,3,1,0,1,0,0,0,1,0,0,1,3,0,0,0,,,,
1|7,0,1,0,0,0,0,0,0,0,0,0,0,0,0,0,0,,,,
25|52,0,0,0,0,0,0,0,0,0,0,0,0,0,0,0,0,,,,
122|24,0,0,0,0,0,0,0,0,0,0,0,0,0,0,0,0,,,,
82|85,0,0,0,0,0,0,1,0,0,0,0,0,0,0,0,0,0|0#1|0#2|0#3|0#4|0#5|0#6|0#7|0#8|0#9|0#10|0#11|0#12|0,,0|0#1|0#2|0#3|0#4|0#5|0#6|0#7|0#8|0#9|0#10|0#11|0#12|0,
136|91,0,0,0,0,0,0,0,0,0,0,0,0,0,0,0,0,,,,
42|8,0,0,0,0,0,0,0,0,0,0,0,0,0,0,0,0,,,,
69|104,0,0,0,0,0,0,0,0,0,0,0,0,0,0,0,0,,,,
63|74,0,0,0,0,0,0,0,0,0,0,0,0,0,0,0,0,,,,
44|63,0,0,0,0,0,0,0,0,0,0,0,0,0,0,0,0,,,,
55|100,5,2,0,1,0,0,1,7,2,0,0,0,1,0,0,0,0|0#1|0#2|0#3|0#4|0#5|2#6|3#7|3#8|2#9|1#10|0#11|0#12|0,0|0#1|0#2|0#3|0#4|0#5|2#6|2#7|2#8|2#9|0#10|0#11|0#12|0,0|0#1|0#2|0#3|0#4|2#5|2#6|3#7|3#8|2#9|0#10|0#11|0#12|0,0|0#1|0#2|0#3|0#4|2#5|2#6|2#7|2#8|2#9|0#10|0#11|0#12|0
