110|18,0,0,0,0,0,0,0,0,0,0,0,0,0,0,0,0,,,,
60|62,1,0,0,1,0,3,0,0,0,0,0,0,4,0,0,0,0|0#1|0#2|0#3|0#4|0#5|0#6|0#7|0#8|0#9|0#10|0#11|0#12|0,0|0#1|0#2|0#3|0#4|0#5|0#6|0#7|0#8|0#9|0#10|0#11|0#12|0,0|0#1|0#2|0#3|0#4|0#5|0#6|0#7|0#8|0#9|0#10|0#11|0#12|0,0|0#1|0#2|0#3|0#4|0#5|0#6|0#7|0#8|0#9|0#10|0#11|0#12|0
80|144,0,0,0,0,0,0,0,0,0,0,0,0,0,0,0,0,,,,
22|40,0,0,0,0,0,0,0,0,0,0,0,0,0,0,0,0,,,,
53|93,0,0,0,0,0,0,0,0,0,0,0,0,0,0,0,0,,,,
143|96,0,0,3,0,1,0,0,0,5,0,0,1,0,0,0,0,,,,
29|111,0,0,0,0,0,0,0,0,0,0,0,0,0,0,0,0,,,,
152|90,0,0,0,0,0,0,0,0,0,0,0,0,0,0,0,0,,,,
41|51,0,1,5,0,1,0,2,0,1,0,3,0,0,0,0,0,,,,
75|8,0,0,0,0,0,0,0,0,0,0,0,0,0,0,0,0,,,,
41|132,0,0,0,0,0,0,0,0,0,0,0,0,0,0,0,0,,,,
13|46,0,0,0,0,0,0,0,0,0,0,0,0,0,0,0,0,,,,
20|15,0,0,0,0,0,0,0,0,0,0,0,0,6,0,0,0,,,,
150|65,0,0,0,0,0,0,0,0,0,0,0,0,0,0,0,0,0|0#1|0#2|0#3|2#4|1#5|2#6|2#7|2#8|2#9|2#10|2#11|2#12|0,0|0#1|0#2|0#3|1#4|0#5|0#6|1#7|1#8|1#9|0#10|2#11|1#12|0,0|0#1|0#2|0#3|2#4|2#5|2#6|2#7|2#8|2#9|2#10|2#11|2#12|0,0|0#1|0#2|0#3|1#4|2#5|2#6|1#7|1#8|0#9|1#10|2#11|1#12|0
131|54,0,0,0,0,0,0,0,0,0,0,0,0,0,0,0,0,,,,
7|121,0,0,0,0,0,0,0,0,0,0,0,0,0,0,0,0,,,,
131|133,0,0,0,0,0,0,0,0,0,0,0,0,0,0,0,0,,,,
93|131,0,0,0,0,0,0,0,0,0,0,0,0,0,0,0,0,,,,
55|136,0,0,0,0,0,0,0,0,0,0,0,0,0,0,0,0,,,,
108|5,0,0,0,0,0,0,0,0,0,0,0,0,0,0,0,0,,,,
8|138,0,0,0,0,0,0,0,0,0,0,0,0,0,0,0,0,,,,
112|43,0,0,0,0,0,0,0,0,0,0,0,0,0,0,0,0,,,,
44|99,0,0,0,0,0,0,0,0,0,0,0,0,0,0,0,0,,,,
0|41,0,0,0,0,0,0,0,0,0,0,0,0,0,0,0,0,,,,
124|85,7,2,9,0,0,1,1,5,0,0,3,0,3,0,0,0,0|0#1|0#2|0#3|0#4|0#5|0#6|0#7|0#8|0#9|0#10|0#11|0#12|0,0|0#1|0#2|0#3|0#4|0#5|0#6|0#7|0#8|0#9|0#10|0#11|0#12|0,0|0#1|0#2|0#3|0#4|0#5|0#6|0#7|0#8|0#9|0#10|0#11|0#12|0,0|0#1|0#2|0#3|0#4|0#5|0#6|0#7|0#8|0#9|0#10|0#11|0#12|0
32|57,0,0,0,0,0,0,0,0,0,0,0,0,0,0,0,0,,,,
144|120,0,0,0,0,0,1,0,0,0,0,0,0,0,0,0,0,,,,
68|123,0,0,0,0,0,0,0,0,0,0,0,0,0,0,0,0,,,,
34|82,0,0,0,0,0,0,0,0,0,0,0,0,0,0,0,0,,,,
70|79,0,0,0,0,0,0,0,1,1,0,0,0,0,0,0,0,,,,
119|112,0,0,0,0,0,0,0,0,0,0,0,0,0,0,0,0,,,,
51|68,0,0,0,0,0,0,0,0,0,0,0,0,0,0,0,0,,,,
103|49,0,0,1,0,0,2,3,0,0,0,0,6,0,0,0,0,0|0#1|0#2|0#3|2#4|0#5|0#6|0#7|0#8|0#9|0#10|1#11|0#12|0,0|0#1|0#2|0#3|1#4|0#5|0#6|0#7|0#8|0#9|0#10|0#11|0#12|0,0|0#1|0#2|0#3|0#4|0#5|0#6|0#7|0#8|0#9|0#10|1#11|1#12|0,0|0#1|0#2|0#3|1#4|0#5|0#6|0#7|1#8|0#9|0#10|0#11|0#12|0
134|3,0,0,0,0,0,0,0,0,0,0,0,0,0,0,0,0,,,,
145|137,0,0,0,0,0,0,0,1,0,0,0,0,0,0,0,0,,,,
8|9,0,0,0,0,0,0,0,0,0,0,0,0,0,0,0,0,,,,
3|89,0,0,0,0,0,0,0,0,0,0,0,0,0,0,0,0,,,,
106|125,0,0,0,0,0,0,0,0,0,0,0,0,0,0,0,0,,,,
15|71,0,0,0,0,0,0,0,0,0,0,0,0,0,0,0,0,,,,
25|88,0,0,0,0,0,0,0,0,0,0,0,0,0,0,0,0,,0|0#1|0#2|0#3|0#4|0#5|0#6|0#7|0#8|0#9|0#10|0#11|0#12|0,,0|0#1|0#2|0#3|0#4|0#5|0#6|0#7|0#8|0#9|0#10|0#11|0#12|0
105|74,7,0,2,1,0,3,0,13,0,0,4,0,2,0,0,0,0|0#1|0#2|0#3|0#4|0#5|0#6|1#7|0#8|0#9|0#10|0#11|0#12|0,0|0#1|0#2|0#3|0#4|0#5|0#6|0#7|0#8|0#9|0#10|0#11|0#12|0,0|0#1|0#2|0#3|0#4|0#5|0#6|0#7|0#8|0#9|0#10|0#11|0#12|0,0|0#1|0#2|0#3|0#4|0#5|0#6|0#7|0#8|0#9|0#10|0#11|0#12|0
99|14,0,0,0,0,0,0,0,0,0,0,0,2,0,0,0,0,,,,
16|124,0,0,0,0,0,0,0,0,0,0,0,0,0,0,0,0,,,,
