151|134,0,0,0,0,0,0,0,0,0,0,0,0,0,0,0,0,,,,
126|126,0,0,0,0,0,0,0,0,0,0,0,0,0,0,0,0,,,,
74|120,0,0,0,0,0,2,0,2,1,0,0,2,0,0,0,0,,,,
49|112,0,0,0,0,0,0,0,0,0,0,0,0,0,0,0,0,,,,
139|113,0,0,0,0,0,0,0,0,0,0,0,0,0,0,0,0,,,,
48|35,0,0,0,0,0,0,0,0,0,0,0,0,0,0,0,0,,,,
86|57,1,0,1,0,0,0,0,2,1,0,0,5,0,0,0,0,0|0#1|0#2|0#3|1#4|0#5|0#6|0#7|0#8|0#9|1#10|1#11|1#12|0,0|0#1|0#2|0#3|0#4|0#5|0#6|0#7|0#8|0#9|0#10|0#11|1#12|0,0|0#1|0#2|0#3|1#4|0#5|0#6|0#7|0#8|0#9|1#10|1#11|0#12|0,0|0#1|0#2|0#3|0#4|0#5|0#6|0#7|0#8|0#9|0#10|1#11|0#12|0
22|121,0,0,0,0,0,0,0,0,0,0,0,0,0,0,0,0,,,,
61|133,0,0,0,0,0,0,0,0,0,0,0,0,0,0,0,0,,,,
76|40,0,0,0,0,0,0,0,0,0,0,0,0,0,0,0,0,,,,
29|24,0,0,0,0,0,0,0,0,0,0,0,0,0,0,0,0,,,,
93|26,0,0,0,0,0,0,0,0,0,0,0,0,0,0,0,0,,,,
69|71,0,0,0,0,0,0,0,0,0,0,0,0,0,0,0,0,,,,
75|137,0,0,0,0,0,0,0,0,0,0,0,0,0,0,0,0,,,,
113|139,24,19,24,10,6,4,6,5,3,0,7,18,3,0,1,0,,,,
109|10,0,0,0,0,0,0,0,0,0,0,0,0,0,0,0,0,,,,
36|125,0,0,0,0,0,0,0,0,0,0,0,0,0,0,0,0,,,,
88|82,0,0,0,0,0,0,0,1,0,0,0,0,0,0,1,0,0|0#1|0#2|0#3|0#4|0#5|0#6|0#7|0#8|0#9|0#10|0#11|0#12|0,0|0#1|0#2|0#3|0#4|0#5|0#6|0#7|0#8|0#9|0#10|0#11|0#12|0,0|0#1|0#2|0#3|0#4|0#5|0#6|0#7|0#8|0#9|0#10|0#11|0#12|0,0|0#1|0#2|0#3|0#4|0#5|0#6|0#7|0#8|0#9|0#10|0#11|0#12|0
9|8,0,0,0,0,0,0,0,0,0,0,0,0,0,0,0,0,,,,
76|7,0,0,0,0,0,0,0,0,0,0,0,0,0,0,0,0,,,,
23|138,0,0,0,0,0,0,0,0,0,0,0,0,0,0,0,0,,,,
112|122,0,0,0,0,0,0,0,0,0,0,0,6,0,0,0,0,,,,
79|88,0,0,0,0,0,0,0,0,0,0,0,0,1,0,0,0,,,,
98|99,0,1,0,0,0,0,0,0,0,0,0,0,0,0,0,0,0|0#1|0#2|0#3|0#4|0#5|0#6|0#7|0#8|0#9|0#10|0#11|0#12|0,,0|0#1|0#2|0#3|0#4|0#5|0#6|0#7|0#8|0#9|0#10|0#11|0#12|0,
119|27,0,0,0,0,0,0,0,0,0,0,0,0,1,0,0,0,,,,
88|124,0,0,0,0,0,0,0,0,0,0,0,0,0,0,0,0,,,,
135|2,0,0,0,0,0,0,0,0,0,0,0,0,0,0,0,0,,,,
0|131,0,0,0,0,0,0,0,0,0,0,0,0,0,0,0,0,,,,
95|51,14,1,2,1,0,0,0,2,1,0,5,3,3,0,0,0,0|0#1|0#2|0#3|4#4|4#5|3#6|4#7|4#8|4#9|4#10|4#11|4#12|0,0|0#1|0#2|0#3|4#4|3#5|3#6|3#7|3#8|3#9|3#10|3#11|3#12|0,0|0#1|0#2|0#3|4#4|4#5|4#6|4#7|4#8|4#9|4#10|4#11|4#12|0,0|0#1|0#2|0#3|4#4|3#5|2#6|3#7|3#8|3#9|3#10|3#11|4#12|0
67|46,0,0,0,0,0,0,0,0,0,0,0,0,0,0,0,0,,,,
128|21,0,0,0,0,0,0,0,0,0,0,0,0,0,0,0,0,0|0#1|0#2|0#3|0#4|0#5|0#6|0#7|0#8|0#9|0#10|0#11|0#12|0,0|0#1|0#2|0#3|0#4|0#5|0#6|0#7|0#8|0#9|0#10|0#11|0#12|0,0|0#1|0#2|0#3|0#4|0#5|0#6|0#7|0#8|0#9|0#10|0#11|0#12|0,0|0#1|0#2|0#3|0#4|0#5|0#6|0#7|0#8|0#9|0#10|0#11|0#12|0
147|32,0,0,0,0,0,0,0,0,0,0,0,3,0,0,0,0,0|0#1|0#2|0#3|0#4|0#5|0#6|0#7|0#8|0#9|0#10|0#11|0#12|0,,,
7|25,0,0,0,0,0,0,0,0,0,0,0,0,0,0,0,0,,,,
138|38,0,0,0,0,0,0,0,0,0,0,0,0,0,0,0,0,,,,
74|15,0,0,0,0,0,0,0,0,0,0,0,0,0,0,0,0,,,,
9|50,0,0,0,0,0,0,0,0,0,0,0,0,0,0,0,0,,,,
109|4,0,0,0,0,0,0,0,0,0,0,0,0,0,0,0,0,,,,
