146|84,0,0,0,0,0,0,0,0,0,0,0,0,0,0,0,0,,,,
118|79,0,0,0,0,0,0,0,0,0,0,0,1,0,0,0,0,,,,0|0#1|0#2|0#3|0#4|0#5|0#6|0#7|0#8|0#9|0#10|0#11|0#12|0
6|77,0,0,0,0,0,0,0,0,0,0,0,0,0,0,0,0,,,,
132|17,0,0,0,0,0,0,0,0,0,0,0,0,0,0,0,0,,,,
63|50,0,0,0,0,0,0,0,0,0,0,0,0,0,0,0,0,,,,
103|4,0,0,0,0,0,0,0,0,0,0,0,0,0,0,0,0,,,,
28|76,0,0,0,0,0,0,0,0,0,0,0,0,0,0,0,0,,,,
82|118,0,0,0,0,0,0,0,0,0,0,0,0,0,0,0,0,,,,
37|70,0,0,0,0,0,0,0,0,0,0,0,0,0,0,0,0,,,,
56|81,0,0,0,0,0,0,0,1,0,0,0,1,0,0,0,0,,,,
151|28,0,0,0,0,0,0,0,0,0,0,0,0,0,0,0,0,,,,
47|87,0,0,0,0,0,0,0,0,1,0,0,0,0,0,0,0,,,,
61|25,1,0,2,0,0,0,0,0,0,0,0,0,0,0,0,0,,,,
35|45,0,0,0,0,0,0,0,0,1,0,0,0,0,0,0,0,,,,
44|9,0,0,0,0,0,0,0,0,0,0,0,0,0,0,0,0,,,,
144|59,0,0,0,0,0,0,0,0,0,0,0,0,0,0,0,0,,,,
73|67,1,0,0,0,0,0,0,3,0,0,0,1,0,0,1,0,0|0#1|0#2|0#3|0#4|0#5|0#6|0#7|0#8|0#9|0#10|0#11|0#12|0,,0|0#1|0#2|0#3|0#4|0#5|0#6|0#7|0#8|0#9|0#10|0#11|0#12|0,0|0#1|0#2|0#3|0#4|0#5|0#6|0#7|0#8|0#9|0#10|0#11|0#12|0
3|8,0,0,0,0,0,0,0,0,0,0,0,0,0,0,0,0,,,,
70|7,0,0,0,0,0,0,0,0,0,0,0,0,0,0,0,0,,,,
81|101,0,0,0,0,0,1,0,0,0,0,0,0,0,0,0,0,,,,
95|105,1,0,0,0,0,1,0,0,1,0,0,0,1,0,0,0,,,,
66|98,0,0,0,0,0,0,0,0,0,0,0,0,0,0,0,0,,,,
82|61,0,0,0,0,0,0,0,0,0,0,0,5,0,0,0,0,0|0#1|0#2|0#3|0#4|0#5|0#6|0#7|0#8|0#9|0#10|0#11|0#12|0,0|0#1|0#2|0#3|0#4|0#5|0#6|0#7|0#8|0#9|0#10|0#11|0#12|0,0|0#1|0#2|0#3|0#4|0#5|0#6|0#7|0#8|0#9|0#10|0#11|0#12|0,
106|37,0,0,0,0,0,0,0,0,0,0,0,0,0,0,0,0,0|0#1|0#2|0#3|0#4|0#5|0#6|0#7|0#8|0#9|0#10|0#11|0#12|0,,0|0#1|0#2|0#3|0#4|0#5|0#6|0#7|0#8|0#9|0#10|0#11|0#12|0,
134|42,0,0,0,0,0,0,0,0,1,0,0,0,0,0,0,0,,,,
80|36,0,0,0,0,0,0,0,0,0,0,0,1,0,0,0,0,,,,
42|14,0,0,0,0,0,0,0,0,4,0,0,0,0,0,0,0,,,,
92|78,0,0,3,0,0,1,0,0,1,0,0,4,0,0,0,0,0|0#1|0#2|0#3|0#4|0#5|0#6|0#7|0#8|0#9|0#10|0#11|0#12|0,,0|0#1|0#2|0#3|0#4|0#5|0#6|0#7|0#8|0#9|0#10|0#11|0#12|0,
115|31,0,0,0,0,0,0,0,0,0,0,0,0,0,0,0,0,,,,
108|62,1,0,3,11,0,0,0,2,2,0,0,0,8,0,0,0,0|0#1|0#2|0#3|4#4|4#5|2#6|2#7|2#8|2#9|3#10|2#11|3#12|0,0|0#1|0#2|0#3|4#4|3#5|2#6|2#7|2#8|2#9|2#10|2#11|2#12|0,0|0#1|0#2|0#3|4#4|3#5|2#6|2#7|2#8|2#9|2#10|3#11|3#12|0,0|0#1|0#2|0#3|4#4|2#5|2#6|2#7|2#8|2#9|2#10|2#11|2#12|0
133|107,0,0,0,0,0,0,0,4,0,0,0,1,1,0,0,0,,,,
141|11,0,0,0,0,0,0,0,0,0,0,0,0,0,0,0,0,,,,
43|106,0,1,0,0,0,1,0,1,1,0,0,0,3,0,0,0,,,,
125|48,0,0,0,0,0,0,0,4,0,0,0,0,0,0,0,0,,,,
75|92,3,2,10,1,0,1,0,3,2,0,3,0,1,0,0,0,0|0#1|0#2|0#3|0#4|0#5|0#6|0#7|0#8|0#9|0#10|0#11|0#12|0,0|0#1|0#2|0#3|0#4|0#5|0#6|0#7|0#8|0#9|0#10|0#11|0#12|0,0|0#1|0#2|0#3|0#4|0#5|0#6|0#7|0#8|0#9|0#10|0#11|0#12|0,0|0#1|0#2|0#3|0#4|0#5|0#6|0#7|0#8|0#9|0#10|0#11|0#12|0
127|73,0,0,0,0,0,0,0,0,0,0,0,0,0,0,0,0,0|0#1|0#2|0#3|0#4|0#5|0#6|0#7|0#8|0#9|0#10|0#11|0#12|0,,,
30|119,0,0,0,0,0,0,0,0,0,0,0,0,0,0,0,0,,,,
54|56,0,0,0,0,0,0,0,0,0,0,0,0,0,0,0,0,0|0#1|0#2|0#3|0#4|0#5|0#6|0#7|0#8|0#9|0#10|0#11|0#12|0,0|0#1|0#2|0#3|0#4|0#5|0#6|0#7|0#8|0#9|0#10|0#11|0#12|0,0|0#1|0#2|0#3|0#4|0#5|0#6|0#7|0#8|0#9|0#10|0#11|0#12|0,0|0#1|0#2|0#3|0#4|0#5|0#6|0#7|0#8|0#9|0#10|0#11|0#12|0
16|34,0,0,0,0,0,0,0,0,0,0,0,0,0,0,0,0,,,,
