137|9,0,0,1,0,0,1,2,0,4,0,1,1,0,0,0,0,,,,
0|113,0,0,0,0,0,0,0,0,0,0,0,0,0,0,0,0,,,,
75|119,0,1,2,0,0,1,1,0,4,0,0,0,1,0,0,0,,,,
11|90,0,0,0,0,0,0,0,0,0,0,0,0,0,0,0,0,,,,
88|64,12,14,25,5,0,2,1,4,0,1,15,16,6,0,0,0,0|0#1|0#2|0#3|4#4|4#5|4#6|4#7|4#8|4#9|4#10|4#11|4#12|0,0|0#1|0#2|0#3|3#4|4#5|4#6|4#7|4#8|3#9|3#10|4#11|3#12|0,0|0#1|0#2|0#3|4#4|4#5|4#6|4#7|4#8|4#9|4#10|4#11|4#12|0,0|0#1|0#2|0#3|4#4|4#5|4#6|3#7|4#8|4#9|3#10|4#11|3#12|0
36|107,0,0,0,0,0,0,0,0,0,0,0,0,0,0,0,0,,,,
126|108,1,0,0,0,0,0,0,0,0,0,0,3,0,0,0,0,,,,
67|28,0,0,0,0,0,0,0,0,0,0,0,0,0,0,0,0,,,,
48|17,0,0,0,0,0,0,0,0,0,0,0,0,0,0,0,0,,,,
76|22,0,0,0,0,0,0,0,0,0,0,0,0,0,0,0,0,,,,
9|32,0,0,0,0,0,0,0,0,0,0,0,0,0,0,0,0,,,,
74|102,0,0,0,0,0,0,0,0,0,0,0,0,0,0,0,0,,,,
147|14,0,0,0,0,0,0,0,0,0,0,0,0,0,0,0,0,,,,
95|33,0,0,0,0,0,0,0,0,0,0,0,0,0,0,0,0,,,,
61|115,0,0,0,0,0,0,0,0,0,0,0,0,0,0,0,0,,,,
33|2,0,0,0,0,0,0,0,0,0,0,0,0,0,0,0,0,,,,
151|116,0,0,0,0,0,0,0,0,0,0,0,0,0,0,0,0,,,,
101|93,0,0,4,0,1,3,1,0,0,0,2,2,1,0,0,0,,,,
57|11,0,0,0,0,0,0,0,0,0,0,0,0,0,0,0,0,,,,
22|103,0,0,0,0,0,0,0,0,0,0,0,0,0,0,0,0,,,,
112|104,0,0,0,0,0,0,0,0,0,0,0,0,0,0,0,0,,,,
69|53,0,0,0,0,0,0,0,0,0,0,0,1,1,0,0,0,,,,
86|39,0,0,0,0,0,0,0,0,0,0,0,0,0,0,0,0,0|0#1|0#2|0#3|0#4|0#5|0#6|0#7|0#8|0#9|0#10|0#11|0#12|0,,0|0#1|0#2|0#3|0#4|0#5|0#6|0#7|0#8|0#9|0#10|0#11|0#12|0,0|0#1|0#2|0#3|0#4|0#5|0#6|0#7|0#8|0#9|0#10|0#11|0#12|0
88|106,0,0,0,0,0,0,1,0,1,0,0,0,0,0,0,0,,,,
