60|103,2,1,2,18,0,1,0,1,0,0,0,3,4,0,0,0,0|0#1|0#2|0#3|0#4|0#5|0#6|0#7|0#8|0#9|0#10|0#11|0#12|0,,,
85|21,0,0,0,0,0,0,0,0,0,0,0,0,0,0,0,0,0|0#1|0#2|0#3|0#4|0#5|0#6|0#7|0#8|0#9|0#10|0#11|0#12|0,0|0#1|0#2|0#3|0#4|0#5|0#6|0#7|0#8|0#9|0#10|0#11|0#12|0,0|0#1|0#2|0#3|0#4|0#5|0#6|0#7|0#8|0#9|0#10|0#11|0#12|0,0|0#1|0#2|0#3|0#4|0#5|0#6|0#7|0#8|0#9|0#10|0#11|0#12|0
95|38,0,0,0,0,0,0,0,0,0,0,0,0,0,0,0,0,,0|0#1|0#2|0#3|0#4|0#5|0#6|0#7|0#8|0#9|0#10|0#11|0#12|0,,
112|109,0,0,0,0,0,0,0,0,0,0,0,0,0,0,0,0,,,,
74|107,0,0,0,0,0,0,0,0,1,0,0,0,0,0,0,0,,,,
97|63,125,35,258,1,41,34,15,33,27,47,70,143,37,7,0,0,0|0#1|0#2|0#3|4#4|4#5|4#6|4#7|4#8|4#9|4#10|4#11|4#12|0,0|0#1|0#2|0#3|4#4|4#5|4#6|4#7|4#8|4#9|4#10|4#11|4#12|0,0|0#1|0#2|0#3|4#4|4#5|4#6|4#7|4#8|4#9|4#10|4#11|4#12|0,0|0#1|0#2|0#3|4#4|4#5|4#6|4#7|4#8|4#9|4#10|4#11|4#12|0
88|69,1,0,5,0,0,2,1,8,0,1,0,3,0,0,0,0,0|0#1|0#2|0#3|0#4|2#5|2#6|2#7|2#8|2#9|2#10|1#11|2#12|0,0|0#1|0#2|0#3|0#4|2#5|1#6|1#7|2#8|1#9|0#10|0#11|0#12|0,0|0#1|0#2|0#3|2#4|2#5|2#6|2#7|2#8|2#9|1#10|1#11|1#12|0,0|0#1|0#2|0#3|1#4|1#5|1#6|2#7|1#8|2#9|0#10|0#11|0#12|0
57|16,0,0,0,0,0,0,0,0,0,0,0,0,0,0,0,0,,,,
33|7,0,0,0,0,0,0,0,0,0,0,0,0,0,0,0,0,,,,
39|142,0,0,0,0,0,0,0,0,0,0,0,0,0,0,0,0,,,,
150|104,0,0,0,0,0,0,0,0,0,0,0,0,0,0,0,0,,,,
110|92,0,0,0,0,0,0,0,0,0,0,0,0,0,0,0,0,0|0#1|0#2|0#3|0#4|0#5|0#6|0#7|0#8|0#9|0#10|0#11|0#12|0,,,
9|37,0,0,0,0,0,0,0,0,0,0,0,0,0,0,0,0,,,,
69|58,0,0,0,0,0,0,0,0,0,0,0,0,0,0,0,0,,,,
22|108,0,0,0,0,0,0,0,0,0,0,0,0,0,0,0,0,,,,
76|27,0,0,0,0,0,0,0,0,0,0,0,0,0,0,0,0,,,,
59|41,0,0,0,0,0,0,0,0,0,0,0,0,0,0,0,0,,,,
129|143,0,0,0,0,0,0,0,0,0,0,0,0,0,0,0,0,,,,
147|19,0,0,0,0,0,0,0,0,0,0,0,0,0,0,0,0,,,,
149|44,0,0,0,0,0,0,0,0,0,0,0,0,0,0,0,0,,,,
78|52,0,0,0,0,0,0,0,0,1,0,0,0,0,0,0,0,0|0#1|0#2|0#3|0#4|0#5|0#6|0#7|0#8|0#9|0#10|0#11|0#12|0,,0|0#1|0#2|0#3|0#4|0#5|0#6|0#7|0#8|0#9|0#10|0#11|0#12|0,
101|98,0,0,0,0,0,0,0,0,0,0,0,0,0,0,0,0,,,,
66|10,0,0,0,0,0,0,0,0,0,0,0,0,0,0,0,0,,,,
11|95,0,0,0,0,0,0,0,0,0,0,0,0,0,0,0,0,,,,
0|118,0,0,0,0,0,0,0,0,0,0,0,0,0,0,0,0,,,,
