126|47,0,0,0,0,0,0,0,0,0,0,0,0,0,0,0,0,0|0#1|0#2|0#3|0#4|0#5|0#6|0#7|0#8|0#9|0#10|0#11|0#12|0,,0|0#1|0#2|0#3|0#4|0#5|0#6|0#7|0#8|0#9|0#10|0#11|0#12|0,
45|116,0,0,0,0,0,0,0,0,0,0,0,0,0,0,0,0,,,,
93|77,0,0,3,0,0,1,0,0,0,0,0,1,0,0,0,0,0|0#1|0#2|0#3|0#4|0#5|0#6|0#7|0#8|0#9|0#10|0#11|0#12|0,0|0#1|0#2|0#3|0#4|0#5|0#6|0#7|0#8|0#9|0#10|0#11|0#12|0,0|0#1|0#2|0#3|0#4|0#5|0#6|0#7|0#8|0#9|0#10|0#11|0#12|0,0|0#1|0#2|0#3|0#4|0#5|0#6|0#7|0#8|0#9|0#10|0#11|0#12|0
134|100,0,0,0,0,0,0,0,1,0,0,1,1,0,0,0,0,0|0#1|0#2|0#3|0#4|0#5|0#6|0#7|0#8|0#9|0#10|0#11|0#12|0,,,
67|97,0,0,0,0,0,0,0,0,0,0,0,0,1,0,0,0,,,,
113|3,0,0,0,0,0,0,0,0,0,0,0,0,0,0,0,0,,,,
54|8,0,0,0,0,0,0,0,0,0,0,0,0,0,0,0,0,,,,
119|78,0,1,0,0,0,0,0,0,0,0,0,0,0,0,0,0,,,,
148|104,0,0,0,0,0,0,0,0,0,0,0,0,0,0,0,0,,0|0#1|0#2|0#3|0#4|0#5|0#6|0#7|0#8|0#9|0#10|0#11|0#12|0,0|0#1|0#2|0#3|0#4|0#5|0#6|0#7|0#8|0#9|0#10|0#11|0#12|0,0|0#1|0#2|0#3|0#4|0#5|0#6|0#7|0#8|0#9|0#10|0#11|0#12|0
36|44,0,0,0,0,0,0,0,0,0,0,0,0,0,0,0,0,,,,
84|128,0,0,0,0,0,0,0,0,0,0,0,0,0,0,0,0,,,,
145|58,0,0,0,0,0,0,0,0,0,0,0,0,0,0,0,0,,,,
70|124,1,0,0,0,0,0,0,8,1,0,0,0,0,0,0,0,,,,
109|61,12,9,17,13,4,0,1,5,5,0,10,5,12,0,0,0,0|0#1|0#2|0#3|4#4|4#5|3#6|3#7|2#8|3#9|3#10|3#11|4#12|0,0|0#1|0#2|0#3|4#4|3#5|2#6|2#7|2#8|2#9|2#10|2#11|3#12|0,0|0#1|0#2|0#3|4#4|3#5|3#6|3#7|2#8|3#9|3#10|3#11|4#12|0,0|0#1|0#2|0#3|4#4|2#5|2#6|2#7|2#8|2#9|2#10|3#11|3#12|0
97|115,0,0,0,0,0,0,0,0,0,0,0,1,0,0,0,0,,,,
135|117,0,0,0,0,0,0,0,0,0,0,0,0,0,0,0,0,,,,
43|13,0,0,0,0,0,0,0,3,0,0,0,0,0,0,0,0,,,,
74|66,36,22,47,19,3,21,5,7,4,1,11,5,8,0,0,0,0|0#1|0#2|0#3|0#4|0#5|0#6|0#7|0#8|0#9|0#10|0#11|0#12|0,0|0#1|0#2|0#3|0#4|0#5|0#6|0#7|0#8|0#9|0#10|0#11|0#12|0,0|0#1|0#2|0#3|0#4|0#5|0#6|0#7|0#8|0#9|0#10|0#11|0#12|0,0|0#1|0#2|0#3|0#4|0#5|0#6|0#7|0#8|0#9|0#10|0#11|0#12|0
135|41,0,0,0,0,0,0,0,0,0,0,0,0,0,0,0,0,,,,
133|16,0,0,0,0,0,0,0,0,0,0,0,0,0,0,0,0,,,,
57|80,0,0,0,0,0,0,0,0,0,0,0,0,0,0,0,0,,,,
58|103,1,1,0,0,0,0,0,0,0,0,0,0,0,0,0,0,,,,
32|129,0,0,0,0,0,0,0,0,0,0,0,0,0,0,0,0,,,,
7|76,0,0,0,0,0,0,0,0,0,0,0,0,0,0,0,0,,,,
62|24,0,0,0,0,0,0,0,0,0,0,0,1,0,0,0,0,,,,
29|75,0,0,0,0,0,0,0,0,0,0,0,0,0,0,0,0,,,,
55|55,0,0,0,0,0,0,0,0,0,0,0,0,0,0,0,0,,,,
17|33,0,0,0,0,0,0,0,0,1,0,0,0,0,0,0,0,,,,
80|6,0,0,0,0,0,0,0,0,0,0,0,0,0,0,0,0,,,,
116|30,0,0,0,0,0,0,0,0,0,0,0,0,0,0,0,0,,,,
147|83,0,0,0,0,0,0,0,0,0,0,0,0,0,0,0,0,,,,
138|89,0,0,0,0,0,0,0,0,0,0,0,0,0,0,0,0,0|0#1|0#2|0#3|0#4|0#5|0#6|0#7|0#8|0#9|0#10|0#11|0#12|0,,0|0#1|0#2|0#3|0#4|0#5|0#6|0#7|0#8|0#9|0#10|0#11|0#12|0,
128|72,0,0,0,0,0,0,0,0,1,0,0,1,0,0,0,0,0|0#1|0#2|0#3|0#4|0#5|0#6|0#7|0#8|0#9|0#10|0#11|0#12|0,,,
121|113,0,0,0,0,0,1,0,0,1,0,0,0,0,0,0,0,,,,
34|19,3,1,0,0,0,5,0,0,1,0,0,0,0,0,0,0,,,,
83|111,1,0,0,0,0,0,0,0,1,0,0,0,0,0,0,0,,,,
31|112,0,0,0,0,0,0,0,0,0,0,0,0,0,0,0,0,,,,
107|36,0,0,0,0,0,0,0,0,0,0,0,0,0,0,0,0,,,,
48|86,0,0,0,0,0,0,0,0,0,0,0,0,0,0,0,0,,,,
81|35,2,1,3,0,0,0,0,0,2,0,0,0,0,0,0,0,,0|0#1|0#2|0#3|0#4|0#5|0#6|0#7|0#8|0#9|0#10|0#11|0#12|0,0|0#1|0#2|0#3|0#4|0#5|0#6|0#7|0#8|0#9|0#10|0#11|0#12|0,0|0#1|0#2|0#3|0#4|0#5|0#6|0#7|0#8|0#9|0#10|0#11|0#12|0
152|27,0,0,0,0,0,0,0,0,0,0,0,0,0,0,0,0,,,,
76|91,9,0,2,2,2,1,6,3,6,0,0,0,0,0,0,0,,0|0#1|0#2|0#3|0#4|0#5|0#6|0#7|0#8|0#9|0#10|0#11|0#12|0,,0|0#1|0#2|0#3|0#4|0#5|0#6|0#7|0#8|0#9|0#10|0#11|0#12|0
142|10,0,0,0,0,0,0,0,0,0,0,0,0,0,0,0,0,,,,
83|60,8,3,18,1,3,8,2,8,3,0,0,4,0,0,0,0,0|0#1|0#2|0#3|3#4|2#5|0#6|0#7|2#8|0#9|1#10|2#11|1#12|0,0|0#1|0#2|0#3|2#4|1#5|0#6|0#7|1#8|2#9|0#10|0#11|0#12|0,0|0#1|0#2|0#3|2#4|0#5|0#6|1#7|1#8|1#9|1#10|1#11|1#12|0,0|0#1|0#2|0#3|1#4|1#5|0#6|1#7|2#8|1#9|0#10|0#11|0#12|0
