68|58,1,0,4,0,0,1,1,0,0,0,2,0,0,0,0,0,,,,
8|37,0,0,0,0,0,0,0,0,0,0,0,0,0,0,0,0,,,,
49|47,0,0,0,0,0,0,0,0,0,0,0,0,0,0,0,0,,,,
39|30,0,0,0,0,0,0,0,0,0,0,0,0,0,0,0,0,,,,
75|27,0,0,0,0,0,0,0,0,0,0,0,0,0,0,0,0,,,,
10|140,0,0,0,0,0,0,0,0,0,0,0,0,0,0,0,0,,,,
127|132,0,0,0,0,0,0,0,1,1,0,0,0,0,0,0,0,,,,
58|41,0,0,0,0,0,0,0,0,0,0,0,0,0,0,0,0,,,,
87|69,1,0,4,5,0,1,1,4,1,0,0,7,1,0,0,0,0|0#1|0#2|0#3|0#4|1#5|1#6|0#7|0#8|0#9|0#10|0#11|0#12|0,0|0#1|0#2|0#3|0#4|0#5|0#6|0#7|0#8|0#9|0#10|0#11|0#12|0,0|0#1|0#2|0#3|2#4|0#5|0#6|0#7|0#8|0#9|0#10|0#11|0#12|0,0|0#1|0#2|0#3|0#4|0#5|0#6|0#7|0#8|0#9|0#10|0#11|0#12|0
89|130,0,0,0,0,0,0,0,0,0,0,0,0,0,0,0,0,,,,
24|144,0,0,0,0,0,0,0,0,0,0,0,0,0,0,0,0,,,,
84|21,0,0,0,0,0,0,0,0,0,0,0,1,0,0,0,0,,,,
94|38,0,0,0,0,0,0,0,0,0,0,0,0,0,0,0,0,0|0#1|0#2|0#3|0#4|0#5|0#6|0#7|0#8|0#9|0#10|0#11|0#12|0,0|0#1|0#2|0#3|0#4|0#5|0#6|0#7|0#8|0#9|0#10|0#11|0#12|0,0|0#1|0#2|0#3|0#4|0#5|0#6|0#7|0#8|0#9|0#10|0#11|0#12|0,0|0#1|0#2|0#3|0#4|0#5|0#6|0#7|0#8|0#9|0#10|0#11|0#12|0
10|95,0,0,0,0,0,0,0,0,0,0,0,0,0,0,0,0,,,,
114|145,1,0,3,0,2,2,1,1,7,0,2,1,0,0,0,0,,,,
96|63,138,29,372,1,19,43,53,23,32,30,84,155,36,15,0,0,0|0#1|0#2|0#3|4#4|4#5|4#6|4#7|4#8|4#9|4#10|4#11|4#12|0,0|0#1|0#2|0#3|4#4|4#5|4#6|4#7|4#8|4#9|4#10|4#11|4#12|0,0|0#1|0#2|0#3|4#4|4#5|4#6|4#7|4#8|4#9|4#10|4#11|4#12|0,0|0#1|0#2|0#3|4#4|4#5|4#6|4#7|4#8|4#9|4#10|4#11|4#12|0
100|141,0,0,0,0,0,0,0,0,0,0,0,0,0,0,0,0,,,,
37|131,0,0,0,0,0,0,0,0,0,0,0,0,0,0,0,0,,,,
129|33,0,0,0,0,0,0,0,0,0,0,0,0,0,0,0,0,,,,
23|7,0,0,0,0,0,0,0,0,0,0,0,0,0,0,0,0,,,,
152|140,0,0,0,0,0,0,0,0,1,0,0,0,0,0,0,0,,,,
76|143,0,0,0,0,0,0,0,0,0,0,0,0,0,0,0,0,,,,
146|19,0,0,0,0,0,0,0,0,0,0,0,0,0,0,0,0,,,,
148|44,0,0,0,0,0,0,0,0,0,0,0,0,0,0,0,0,,,,
100|98,0,0,0,0,0,0,0,0,1,0,0,0,0,0,1,0,0|0#1|0#2|0#3|0#4|0#5|0#6|0#7|0#8|0#9|0#10|0#11|0#12|0,,,
89|94,1,0,0,0,0,0,0,0,0,0,0,2,0,0,0,0,,,,
77|52,0,0,0,0,0,0,0,0,0,0,0,0,0,0,1,0,,,0|0#1|0#2|0#3|0#4|0#5|0#6|0#7|0#8|0#9|0#10|0#11|0#12|0,
56|16,0,0,0,0,0,0,0,0,0,0,0,0,0,0,0,0,,,,
65|10,0,0,0,0,0,0,0,0,0,0,0,0,0,0,0,0,,,,
