38|27,0,1,1,0,0,0,0,2,0,0,0,4,1,0,0,0,,,,
28|10,0,0,0,0,0,0,0,0,0,0,0,0,0,0,0,0,,,,
78|74,1,0,2,5,0,0,0,1,1,0,0,3,0,0,0,0,0|0#1|0#2|0#3|0#4|0#5|0#6|0#7|0#8|0#9|0#10|0#11|0#12|0,,0|0#1|0#2|0#3|0#4|0#5|0#6|0#7|0#8|0#9|0#10|0#11|0#12|0,
92|12,0,0,0,0,0,0,0,0,0,0,0,0,0,0,0,0,,,,
6|11,0,0,0,0,0,0,0,0,0,0,0,0,0,0,0,0,,,,
57|38,0,0,0,0,0,0,0,0,0,0,0,0,0,0,0,0,,,,
118|13,0,0,0,0,0,0,0,0,0,0,0,0,0,0,0,0,,,,
138|105,0,0,0,0,0,0,0,0,0,0,0,0,0,0,0,0,,,,
19|16,0,0,0,0,0,0,0,0,0,0,0,0,0,0,0,0,,,,
109|19,0,0,0,0,0,0,0,0,0,0,0,0,0,0,0,0,,,,
150|126,0,0,0,0,0,0,0,0,0,0,0,0,0,0,0,0,,,,
60|125,0,0,0,0,0,0,0,0,0,0,0,0,0,0,0,0,,,,
21|113,0,0,0,0,0,0,0,0,0,0,0,0,0,0,0,0,,,,
73|112,0,0,0,0,0,0,0,0,0,0,0,0,0,0,0,0,,,,
111|114,12,1,5,2,1,16,0,5,1,0,2,3,0,0,0,0,,,,
35|117,0,0,0,0,0,0,0,0,0,0,0,0,0,0,0,0,,,,
31|4,0,0,0,0,0,0,0,0,0,0,0,0,0,0,0,0,,,,
48|104,0,0,0,0,0,0,0,0,0,0,0,0,4,0,0,0,0|0#1|0#2|0#3|0#4|0#5|0#6|0#7|0#8|0#9|0#10|0#11|0#12|0,0|0#1|0#2|0#3|0#4|0#5|0#6|0#7|0#8|0#9|0#10|0#11|0#12|0,0|0#1|0#2|0#3|0#4|0#5|1#6|0#7|0#8|0#9|0#10|0#11|0#12|0,0|0#1|0#2|0#3|0#4|0#5|0#6|0#7|0#8|0#9|0#10|0#11|0#12|0
74|129,0,4,0,0,0,0,0,2,2,0,0,0,0,0,0,0,,,,
124|101,0,0,0,0,0,0,0,0,0,0,0,0,0,0,0,0,,,,
9|59,0,0,0,0,0,0,0,0,0,0,0,0,0,0,0,0,,,,
47|21,0,0,0,0,0,0,0,0,0,0,0,0,0,0,0,0,,,,
85|43,0,0,0,0,0,0,0,0,0,0,0,0,0,0,0,0,,,,
66|32,1,0,3,0,0,0,0,1,0,1,0,28,0,0,0,0,0|0#1|0#2|0#3|0#4|0#5|0#6|0#7|0#8|0#9|0#10|0#11|0#12|0,,,
59|63,0,0,0,0,0,0,0,0,0,0,0,0,0,0,0,0,,,,
83|18,0,0,0,0,0,0,0,0,0,0,0,0,0,0,0,0,,,,
137|24,0,0,0,0,0,0,0,0,0,0,0,0,0,0,0,0,,,,
76|49,0,0,0,0,0,0,0,1,0,0,0,0,0,0,0,0,,,,
125|118,0,0,0,0,0,0,0,1,0,0,0,0,0,0,0,0,,,,
149|66,0,0,0,0,0,0,0,0,0,0,0,7,4,0,0,0,,,,
87|116,0,0,0,0,0,0,0,3,1,0,0,0,0,0,0,0,,,,
97|85,0,0,0,0,0,0,0,0,0,0,0,0,0,0,0,0,0|0#1|0#2|0#3|0#4|0#5|0#6|0#7|0#8|0#9|0#10|0#11|0#12|0,0|0#1|0#2|0#3|0#4|0#5|0#6|0#7|0#8|0#9|0#10|0#11|0#12|0,0|0#1|0#2|0#3|0#4|0#5|0#6|0#7|0#8|0#9|0#10|0#11|0#12|0,0|0#1|0#2|0#3|0#4|0#5|0#6|0#7|0#8|0#9|0#10|0#11|0#12|0
34|100,0,0,0,0,0,0,0,0,0,0,0,0,0,0,0,0,,,,
