138|46,0,0,0,0,0,0,0,0,0,0,0,0,0,0,0,0,0|0#1|0#2|0#3|0#4|0#5|0#6|0#7|0#8|0#9|0#10|0#11|0#12|0,,0|0#1|0#2|0#3|0#4|0#5|0#6|0#7|0#8|0#9|0#10|0#11|0#12|0,
55|12,0,0,0,0,0,0,0,0,0,0,0,0,0,0,0,0,,,,
74|23,0,0,0,0,0,0,0,0,0,0,0,0,0,0,0,0,,,,
93|34,0,0,0,0,0,0,0,0,0,0,0,0,0,0,0,0,,,,
145|15,0,0,0,0,0,0,0,0,0,0,0,0,0,0,0,0,,,,
126|134,0,0,0,0,0,0,0,0,0,0,0,0,0,0,0,0,,,,
61|141,0,0,0,0,0,0,0,0,0,0,0,0,0,0,0,0,,,,
67|54,15,2,33,3,2,2,1,6,4,1,4,1,1,0,0,0,0|0#1|0#2|0#3|0#4|0#5|0#6|0#7|0#8|0#9|0#10|0#11|0#12|0,,0|0#1|0#2|0#3|0#4|0#5|0#6|0#7|0#8|0#9|0#10|0#11|0#12|0,
139|121,0,0,0,0,0,0,0,0,0,0,0,0,0,0,0,0,,,,
88|132,0,0,0,0,0,0,0,0,0,0,0,0,0,0,0,0,,,,
119|35,0,0,0,0,0,0,0,0,0,0,0,0,0,0,0,0,,,,
29|32,0,0,0,0,0,0,0,0,0,0,0,0,0,0,0,0,,,,
65|29,0,0,0,0,0,0,0,0,0,0,0,0,0,0,0,0,,,,
79|96,0,0,0,0,0,0,0,0,0,0,0,0,0,0,0,0,,,,
151|142,0,0,0,0,0,0,0,0,0,0,0,0,0,0,0,0,,,,
39|49,2,0,0,0,0,0,1,0,0,0,0,0,0,0,0,0,,,,
112|130,0,0,0,0,0,0,0,0,0,0,0,0,0,0,0,0,,,,
143|8,0,0,0,0,0,0,0,0,0,0,0,0,0,0,0,0,,,,
75|145,0,0,0,0,0,0,0,0,0,0,0,0,0,0,0,0,,,,
147|40,0,0,0,0,0,0,0,0,0,0,0,0,0,0,0,0,,,,
36|133,0,0,0,0,0,0,0,0,0,0,0,0,0,0,0,0,,,,
46|18,0,0,0,0,0,0,0,0,0,0,0,0,0,0,0,0,,,,
86|65,0,0,0,0,0,0,0,3,0,0,0,1,0,0,0,0,0|0#1|0#2|0#3|2#4|2#5|3#6|3#7|2#8|2#9|2#10|2#11|3#12|0,0|0#1|0#2|0#3|2#4|1#5|2#6|2#7|2#8|2#9|2#10|2#11|2#12|0,0|0#1|0#2|0#3|2#4|2#5|3#6|2#7|3#8|2#9|3#10|2#11|3#12|0,0|0#1|0#2|0#3|2#4|2#5|2#6|2#7|2#8|2#9|1#10|2#11|2#12|0
113|147,0,0,0,0,0,0,0,0,0,0,0,1,0,0,0,0,,,,
7|33,0,0,0,0,0,0,0,0,0,0,0,0,0,0,0,0,,,,
23|146,0,0,0,0,0,0,0,0,0,0,0,0,0,0,0,0,,,,
48|43,4,1,16,0,2,2,0,0,5,0,5,1,3,0,0,0,,,,
88|90,0,0,0,0,0,0,0,0,0,0,0,0,0,0,0,0,,,,
13|3,0,0,0,0,0,0,0,0,0,0,0,0,0,0,0,0,,,,
49|120,0,0,0,0,0,0,0,0,0,0,0,0,0,0,0,0,,,,
