11|40,0,0,0,0,0,0,0,0,0,0,0,0,0,0,0,0,,,,
91|137,0,0,0,0,0,0,0,0,0,0,0,0,0,0,0,0,,,,
23|82,0,0,0,0,0,0,0,0,0,0,0,0,0,0,0,0,,,,
13|113,0,0,0,0,0,0,0,0,0,0,0,0,0,0,0,0,,,,
66|129,0,0,0,0,0,0,0,0,0,0,0,0,0,0,0,0,,,,
116|101,0,1,0,0,0,0,0,0,0,0,0,1,0,0,0,0,,,,
29|4,0,0,0,0,0,0,0,0,0,0,0,0,0,0,0,0,,,,
42|93,0,0,0,0,0,0,0,0,0,0,0,0,0,0,0,0,,,,
27|117,0,0,0,0,0,0,0,0,0,0,0,0,0,0,0,0,,,,
40|68,0,0,0,0,0,0,0,0,0,0,0,0,0,0,0,0,,,,
1|83,0,0,0,0,0,0,0,0,0,0,0,0,0,0,0,0,,,,
113|85,0,0,2,0,0,0,0,0,0,0,0,0,4,0,0,0,0|0#1|0#2|0#3|0#4|0#5|0#6|0#7|1#8|0#9|0#10|0#11|0#12|0,0|0#1|0#2|0#3|0#4|0#5|0#6|0#7|0#8|0#9|0#10|0#11|0#12|0,0|0#1|0#2|0#3|0#4|0#5|0#6|1#7|0#8|0#9|0#10|0#11|0#12|0,0|0#1|0#2|0#3|0#4|0#5|0#6|0#7|0#8|0#9|0#10|0#11|0#12|0
142|126,0,0,0,0,0,0,0,0,0,0,0,0,0,0,0,0,,,,
101|43,10,6,7,0,1,3,0,7,0,0,6,7,2,0,0,0,0|0#1|0#2|0#3|0#4|0#5|0#6|0#7|0#8|0#9|0#10|0#11|0#12|0,0|0#1|0#2|0#3|0#4|0#5|0#6|0#7|0#8|0#9|0#10|0#11|0#12|0,0|0#1|0#2|0#3|0#4|0#5|0#6|0#7|0#8|0#9|0#10|0#11|0#12|0,0|0#1|0#2|0#3|0#4|0#5|0#6|0#7|0#8|0#9|0#10|0#11|0#12|0
33|99,0,0,0,0,0,0,0,0,0,0,0,0,0,0,0,0,,,,
52|125,0,0,0,0,0,0,0,0,0,0,0,0,0,0,0,0,,,,
88|14,0,0,0,0,0,0,0,0,0,0,0,0,0,0,0,0,,,,
132|96,0,0,0,0,0,0,0,0,0,0,0,0,0,0,0,0,,,,
4|110,0,0,0,0,0,0,0,0,0,0,0,0,0,0,0,0,,,,
5|127,0,0,0,0,0,0,0,0,0,0,0,0,0,0,0,0,,,,
14|88,0,0,0,0,0,0,0,0,0,0,0,0,0,0,0,0,,,,
55|2,0,0,0,0,0,0,0,0,0,0,0,0,0,0,0,0,,,,
26|100,0,0,0,0,0,0,0,0,0,0,0,0,0,0,0,0,,,,
30|51,0,0,0,0,0,0,0,0,0,0,0,0,0,0,0,0,,,,
141|90,0,0,0,0,0,0,0,0,0,0,0,0,0,0,0,0,,,,
21|57,0,1,0,0,0,0,0,1,0,0,0,0,0,0,0,0,,,,
117|118,0,0,0,0,0,0,0,0,0,0,0,0,0,0,0,0,,,,
120|54,0,2,0,1,0,0,0,5,0,0,0,1,1,0,0,0,0|0#1|0#2|0#3|0#4|0#5|0#6|0#7|0#8|0#9|0#10|0#11|0#12|0,,0|0#1|0#2|0#3|0#4|0#5|0#6|0#7|0#8|0#9|0#10|0#11|0#12|0,
81|0,0,0,0,0,0,0,0,0,0,0,0,0,0,0,0,0,,,,
79|116,0,0,0,0,0,0,0,0,0,0,0,0,0,0,0,0,,,,
103|114,0,0,0,0,0,0,0,0,0,0,0,1,0,0,0,0,,,,
65|112,0,0,0,0,0,0,0,0,0,0,0,0,0,0,0,0,,,,
90|120,0,0,0,0,0,0,0,0,0,0,0,0,0,0,0,0,,,,
