152|78,0,0,0,0,0,0,0,0,0,0,0,0,0,0,0,0,,,,
15|59,0,0,0,0,0,0,0,0,0,0,0,0,0,0,0,0,,,,
17|84,0,0,0,0,0,0,0,0,0,0,0,0,0,0,0,0,,,,
32|9,0,0,0,0,0,0,0,0,0,0,0,0,0,0,0,0,,,,
130|104,0,0,0,0,0,0,0,0,0,0,0,0,0,0,0,0,,,,
22|28,0,0,0,0,0,0,0,0,0,0,0,0,0,0,0,0,,,,
121|25,0,0,0,0,0,0,0,0,0,0,0,0,0,0,0,0,,,,
12|11,0,0,0,0,0,0,0,0,0,0,0,0,0,0,0,0,,,,
107|87,0,0,0,0,0,0,0,0,0,0,0,0,0,0,0,0,,,,
41|39,0,0,0,0,0,0,0,0,1,0,0,2,0,0,0,0,0|0#1|0#2|0#3|0#4|0#5|0#6|0#7|0#8|0#9|0#10|0#11|0#12|0,0|0#1|0#2|0#3|0#4|0#5|0#6|0#7|0#8|0#9|0#10|0#11|0#12|0,0|0#1|0#2|0#3|0#4|0#5|0#6|0#7|0#8|0#9|0#10|0#11|0#12|0,
24|53,0,0,0,0,0,0,0,1,0,0,0,0,0,0,0,0,,,0|0#1|0#2|0#3|0#4|0#5|0#6|0#7|0#8|0#9|0#10|0#11|0#12|0,
31|22,0,0,0,0,0,0,0,0,0,0,0,0,0,0,0,0,,,,
54|107,0,0,0,0,0,0,0,0,0,0,0,0,0,0,0,0,,,,
102|14,0,0,0,0,0,0,0,0,0,0,0,0,1,0,0,0,,,,
0|29,0,0,0,0,0,0,0,0,0,0,0,0,0,0,0,0,,,,
140|36,2,0,0,0,0,0,0,0,0,0,0,0,8,0,0,0,0|0#1|0#2|0#3|0#4|0#5|0#6|0#7|0#8|0#9|0#10|0#11|0#12|0,0|0#1|0#2|0#3|0#4|0#5|0#6|0#7|0#8|0#9|0#10|0#11|0#12|0,0|0#1|0#2|0#3|0#4|0#5|0#6|0#7|0#8|0#9|0#10|0#11|0#12|0,0|0#1|0#2|0#3|0#4|0#5|0#6|0#7|0#8|0#9|0#10|0#11|0#12|0
93|119,0,0,0,0,0,0,0,0,1,0,0,0,0,0,0,0,,,,
109|143,0,0,0,0,0,0,0,0,0,0,0,0,0,0,0,0,,,,
114|56,0,0,0,0,0,0,0,0,0,0,0,0,0,0,0,0,0|0#1|0#2|0#3|2#4|0#5|0#6|0#7|0#8|0#9|0#10|0#11|0#12|0,0|0#1|0#2|0#3|1#4|0#5|0#6|0#7|0#8|0#9|0#10|0#11|0#12|0,0|0#1|0#2|0#3|1#4|0#5|0#6|0#7|0#8|0#9|0#10|0#11|0#12|0,0|0#1|0#2|0#3|0#4|0#5|0#6|0#7|0#8|0#9|0#10|0#11|0#12|0
81|86,0,0,0,0,0,0,0,0,0,0,0,0,0,0,0,0,,,,
116|81,0,0,0,0,0,0,0,0,0,0,0,3,0,0,0,0,,,,
43|64,0,0,0,0,0,0,0,0,1,0,0,0,0,0,0,0,,,,
126|98,0,0,0,0,0,0,0,0,0,0,0,1,0,0,0,0,,,,
135|92,0,0,0,0,0,0,0,0,0,0,0,0,0,0,0,0,,,,
133|67,0,0,0,0,0,0,0,0,1,0,0,1,0,0,0,0,,,,
142|61,0,0,0,0,0,0,0,0,0,0,0,0,0,0,0,0,,,,
50|33,0,0,0,0,0,0,0,0,0,0,0,2,0,0,0,0,,,,
36|95,0,0,0,0,0,0,0,0,0,0,0,0,0,0,0,0,,,,
144|108,0,0,0,0,0,0,0,0,0,0,0,0,0,0,0,0,,,,
40|103,0,0,0,0,0,0,0,0,0,0,0,0,0,0,0,0,,,,
92|102,1,0,0,0,0,1,0,1,1,0,0,0,1,0,0,0,,,0|0#1|0#2|0#3|0#4|0#5|0#6|0#7|0#8|0#9|0#10|0#11|0#12|0,
90|80,7,2,13,2,0,3,0,1,7,2,2,4,4,0,0,0,0|0#1|0#2|0#3|2#4|1#5|1#6|1#7|1#8|0#9|2#10|1#11|1#12|0,0|0#1|0#2|0#3|2#4|0#5|0#6|0#7|1#8|0#9|1#10|1#11|1#12|0,0|0#1|0#2|0#3|2#4|1#5|1#6|0#7|1#8|2#9|1#10|1#11|1#12|0,0|0#1|0#2|0#3|2#4|0#5|0#6|1#7|0#8|1#9|1#10|1#11|1#12|0
123|50,1,0,0,0,0,1,0,38,1,0,3,1,4,0,0,0,,,,
59|0,0,0,0,0,0,0,0,0,0,0,0,0,0,0,0,0,,,,
7|109,0,0,0,0,0,0,0,0,0,0,0,0,0,0,0,0,,,,
19|142,0,0,0,0,0,0,0,0,0,0,0,0,0,0,0,0,,,,
2|54,0,0,0,0,0,0,0,0,0,0,0,0,0,0,0,0,,,,
62|75,0,0,0,0,0,0,0,0,0,0,0,0,0,0,0,0,,0|0#1|0#2|0#3|0#4|0#5|0#6|0#7|0#8|0#9|0#10|0#11|0#12|0,,0|0#1|0#2|0#3|0#4|0#5|0#6|0#7|0#8|0#9|0#10|0#11|0#12|0
