55|86,0,1,0,0,0,0,0,0,1,0,0,0,0,0,1,0,,,,
36|75,0,0,0,0,0,0,0,1,1,0,1,0,0,0,0,0,,,,
152|58,0,0,0,0,0,0,0,0,0,0,0,0,0,0,0,0,,,,
97|146,0,0,0,0,0,0,0,0,0,0,0,0,0,0,0,0,,,,
15|39,0,1,0,0,0,0,0,1,0,0,0,1,0,0,0,0,,,,
140|16,0,0,0,0,0,0,0,0,0,0,0,0,0,0,0,0,,,,
87|3,0,0,0,0,1,2,1,0,6,0,0,0,2,0,0,0,,,,
43|44,0,0,0,0,0,0,0,0,0,0,0,0,0,0,0,0,,,,
142|41,0,0,0,0,0,0,0,0,0,0,0,0,0,0,0,0,,,,
145|89,0,0,0,0,0,0,0,0,0,0,0,0,0,0,0,0,,,,
24|33,0,0,0,0,0,0,0,0,0,0,0,0,0,0,0,0,,,,
19|122,0,0,0,0,0,0,0,0,0,0,0,0,0,0,0,0,,,,
83|142,0,0,0,0,0,0,0,0,0,0,0,0,0,0,0,0,,,,
2|34,0,0,0,0,0,0,0,0,0,0,0,0,0,0,0,0,,,,
114|36,0,0,0,0,0,0,0,0,0,0,0,0,0,0,0,0,,,,
45|147,0,0,0,0,0,0,0,0,0,0,0,0,0,0,0,0,,,,
81|66,0,5,2,1,0,1,0,0,0,0,0,0,1,0,0,0,0|0#1|0#2|0#3|0#4|1#5|2#6|1#7|2#8|2#9|1#10|1#11|1#12|0,0|0#1|0#2|0#3|0#4|0#5|0#6|0#7|0#8|0#9|0#10|0#11|0#12|0,0|0#1|0#2|0#3|1#4|1#5|1#6|1#7|2#8|2#9|2#10|2#11|1#12|0,0|0#1|0#2|0#3|0#4|0#5|0#6|0#7|0#8|0#9|0#10|0#11|0#12|0
44|130,0,0,0,0,0,0,0,0,0,0,0,0,0,0,0,0,,,,
17|64,0,0,0,0,0,0,0,0,0,0,0,0,0,0,0,0,,,,
64|80,0,0,0,0,0,0,0,0,1,0,0,0,0,0,0,0,,,,
83|91,0,0,0,0,0,1,0,0,1,0,0,0,0,0,0,0,,0|0#1|0#2|0#3|0#4|0#5|0#6|0#7|0#8|0#9|0#10|0#11|0#12|0,,0|0#1|0#2|0#3|0#4|0#5|0#6|0#7|0#8|0#9|0#10|0#11|0#12|0
134|131,0,0,0,0,0,0,0,0,0,0,0,0,0,0,0,0,,,,
62|55,0,0,0,0,0,0,0,0,0,0,0,1,0,0,0,0,0|0#1|0#2|0#3|0#4|0#5|0#6|0#7|0#8|0#9|0#10|0#11|0#12|0,,,
74|97,7,0,9,0,2,2,2,2,3,0,1,1,0,0,0,0,0|0#1|0#2|0#3|0#4|0#5|0#6|0#7|0#8|0#9|0#10|0#11|0#12|0,,,
107|67,0,0,0,0,0,1,0,0,0,0,0,1,1,0,0,0,0|0#1|0#2|0#3|2#4|4#5|3#6|3#7|3#8|4#9|3#10|3#11|3#12|0,0|0#1|0#2|0#3|2#4|2#5|2#6|2#7|2#8|2#9|2#10|2#11|2#12|0,0|0#1|0#2|0#3|3#4|4#5|3#6|3#7|4#8|3#9|3#10|3#11|2#12|0,0|0#1|0#2|0#3|2#4|2#5|2#6|2#7|2#8|2#9|2#10|2#11|2#12|0
126|78,0,0,0,0,0,0,0,0,1,0,0,0,0,0,0,0,,,,
109|92,0,0,0,0,0,0,0,0,0,0,0,0,0,0,0,0,,,,
109|123,0,0,0,0,0,0,0,0,0,0,0,5,1,0,0,0,,,,
133|47,0,0,0,0,0,0,0,0,0,0,0,0,0,0,0,0,,,,
90|60,0,4,10,7,1,6,0,2,1,15,0,221,7,3,0,0,0|0#1|0#2|0#3|4#4|4#5|4#6|4#7|4#8|4#9|4#10|4#11|4#12|0,0|0#1|0#2|0#3|4#4|4#5|4#6|4#7|4#8|4#9|4#10|4#11|4#12|0,0|0#1|0#2|0#3|4#4|4#5|4#6|4#7|4#8|4#9|4#10|4#11|4#12|0,0|0#1|0#2|0#3|4#4|4#5|4#6|4#7|4#8|4#9|4#10|4#11|4#12|0
123|30,0,0,0,0,0,0,0,0,0,0,0,0,0,0,0,0,,,,
50|13,0,0,1,0,0,0,0,0,0,0,0,9,0,0,0,0,,,,
58|134,0,0,0,0,0,0,0,0,0,0,0,0,0,0,0,0,,,,
41|19,0,0,0,0,0,1,0,0,3,0,0,0,0,0,0,0,,,,
31|143,0,0,0,0,0,0,0,0,0,0,0,0,0,0,0,0,,,,
116|61,0,0,0,1,0,0,0,0,1,0,0,0,0,0,0,0,0|0#1|0#2|0#3|0#4|0#5|0#6|0#7|0#8|0#9|0#10|0#11|0#12|0,0|0#1|0#2|0#3|0#4|0#5|0#6|0#7|0#8|0#9|0#10|0#11|0#12|0,0|0#1|0#2|0#3|0#4|0#5|0#6|0#7|0#8|0#9|0#10|0#11|0#12|0,0|0#1|0#2|0#3|0#4|0#5|0#6|0#7|0#8|0#9|0#10|0#11|0#12|0
121|144,0,0,0,0,0,0,0,0,0,0,0,3,0,0,0,0,,,,
135|72,0,0,0,0,0,0,0,0,0,0,0,0,0,0,0,0,,,,
148|135,0,0,0,0,0,0,0,0,0,0,0,0,0,0,0,0,,,,
