22|39,0,0,0,0,0,0,0,1,0,0,0,0,0,0,0,0,,,,
12|22,0,0,0,0,0,0,0,1,0,0,0,0,0,0,0,0,,,,
105|107,3,0,1,0,0,2,0,1,0,0,0,0,1,0,0,0,,,,
121|36,0,0,0,0,0,0,0,0,0,0,0,0,0,0,0,0,,,,
62|86,0,0,0,0,0,0,0,0,0,0,0,0,0,0,0,0,,,,
90|91,0,0,0,0,0,0,0,0,0,0,0,0,0,0,0,0,0|0#1|0#2|0#3|1#4|0#5|0#6|0#7|1#8|0#9|0#10|0#11|1#12|0,0|0#1|0#2|0#3|0#4|0#5|0#6|0#7|0#8|0#9|0#10|0#11|0#12|0,0|0#1|0#2|0#3|0#4|0#5|0#6|0#7|0#8|0#9|0#10|0#11|1#12|0,0|0#1|0#2|0#3|0#4|0#5|0#6|0#7|0#8|0#9|0#10|0#11|0#12|0
93|7,0,0,0,0,0,0,0,0,0,0,0,0,0,0,0,0,,,,
15|106,0,0,0,0,0,0,0,0,0,0,0,0,0,0,0,0,,,,
130|115,310,66,775,0,51,112,31,74,44,52,306,153,54,3,0,0,,,,
43|75,0,0,0,0,0,0,0,0,0,0,0,0,0,0,0,0,,,,
31|33,0,0,0,0,0,0,0,0,0,0,0,0,0,0,0,0,,,,
71|80,0,0,0,0,0,0,0,0,0,0,0,0,0,0,0,0,,,,
104|50,0,0,0,0,0,0,0,2,0,0,2,1,1,0,0,0,0|0#1|0#2|0#3|0#4|0#5|0#6|0#7|0#8|0#9|0#10|0#11|0#12|0,0|0#1|0#2|0#3|0#4|0#5|0#6|0#7|0#8|0#9|0#10|0#11|0#12|0,0|0#1|0#2|0#3|0#4|0#5|0#6|0#7|0#8|0#9|0#10|1#11|0#12|0,0|0#1|0#2|0#3|0#4|0#5|0#6|0#7|0#8|0#9|0#10|0#11|0#12|0
144|119,0,0,0,0,0,0,0,0,0,0,0,0,0,0,0,0,,,,
92|113,0,0,0,0,0,0,0,0,0,0,0,1,0,0,0,0,,,,
17|95,0,0,0,0,0,0,0,0,0,0,0,0,0,0,0,0,,,,
40|114,0,0,0,0,0,0,0,0,0,0,0,0,0,0,0,0,,,,
126|4,0,0,0,0,0,0,0,0,0,0,0,0,0,0,0,0,,,,
4|90,0,0,0,0,0,0,0,0,0,0,0,0,0,0,0,0,,,,
67|105,0,0,0,0,0,0,0,0,0,0,0,0,0,0,0,0,,,,
107|98,0,0,0,0,0,0,0,0,1,0,0,0,0,0,0,0,,,,
53|101,0,0,0,0,0,0,0,0,0,0,0,0,0,0,0,0,,,,
140|47,0,0,0,0,0,0,0,0,0,0,0,0,0,0,0,0,,,,
6|103,0,0,0,0,0,0,0,0,0,0,0,0,0,0,0,0,,,,
50|44,0,0,0,0,0,0,0,0,0,0,0,0,0,0,0,0,,,,
24|64,0,0,0,0,0,0,0,0,0,0,0,0,0,0,0,0,,,,
54|118,0,0,0,0,0,0,0,0,0,0,0,0,0,0,0,0,,,,
67|9,0,0,0,0,0,0,0,0,0,0,0,0,0,0,0,0,,,,
142|72,0,0,0,0,0,0,0,0,1,0,0,0,0,0,0,0,,,,
81|97,0,0,0,0,0,0,0,0,0,0,0,0,0,0,0,0,0|0#1|0#2|0#3|0#4|0#5|0#6|0#7|0#8|0#9|0#10|0#11|0#12|0,0|0#1|0#2|0#3|0#4|0#5|0#6|0#7|0#8|0#9|0#10|0#11|0#12|0,0|0#1|0#2|0#3|0#4|0#5|0#6|0#7|0#8|0#9|0#10|0#11|0#12|0,0|0#1|0#2|0#3|0#4|0#5|0#6|0#7|0#8|0#9|0#10|0#11|0#12|0
143|102,0,0,0,0,0,0,0,0,0,0,0,0,0,0,0,0,,,,
133|78,0,0,0,0,0,0,0,0,0,0,0,0,2,0,0,0,0|0#1|0#2|0#3|0#4|0#5|0#6|0#7|0#8|0#9|0#10|0#11|0#12|0,0|0#1|0#2|0#3|0#4|0#5|0#6|0#7|0#8|0#9|0#10|0#11|0#12|0,0|0#1|0#2|0#3|0#4|0#5|0#6|0#7|0#8|0#9|0#10|0#11|0#12|0,0|0#1|0#2|0#3|0#4|0#5|0#6|0#7|0#8|0#9|0#10|0#11|0#12|0
102|25,0,0,0,0,0,0,0,0,0,0,0,0,0,0,0,0,,,,
152|2,3,6,13,21,6,0,5,2,3,1,0,6,2,0,0,0,,,,
116|92,0,0,0,0,0,0,0,0,0,0,0,1,0,0,0,0,,,,
152|89,0,0,0,0,0,0,0,0,0,0,0,0,0,0,0,0,,,,
2|65,0,0,0,0,0,0,0,0,0,0,0,0,0,0,0,0,,,,
114|67,0,0,0,0,0,0,0,0,0,0,0,2,0,0,0,0,0|0#1|0#2|0#3|0#4|0#5|0#6|0#7|0#8|0#9|0#10|0#11|0#12|0,0|0#1|0#2|0#3|0#4|0#5|0#6|0#7|0#8|0#9|0#10|0#11|0#12|0,0|0#1|0#2|0#3|0#4|0#5|0#6|0#7|0#8|0#9|0#10|0#11|0#12|0,
130|30,0,0,0,0,0,0,0,0,0,0,0,0,0,0,0,0,,,0|0#1|0#2|0#3|0#4|0#5|0#6|0#7|0#8|0#9|0#10|0#11|0#12|0,
123|61,56,10,49,7,2,6,2,8,10,1,24,7,12,0,3,0,0|0#1|0#2|0#3|0#4|0#5|0#6|0#7|0#8|0#9|0#10|0#11|0#12|0,0|0#1|0#2|0#3|0#4|0#5|0#6|0#7|0#8|0#9|0#10|0#11|0#12|0,0|0#1|0#2|0#3|0#4|0#5|0#6|0#7|0#8|0#9|0#10|0#11|0#12|0,0|0#1|0#2|0#3|0#4|0#5|0#6|0#7|0#8|0#9|0#10|0#11|0#12|0
