101|50,82,29,252,8,13,12,11,16,12,8,61,14,15,0,0,0,0|0#1|0#2|0#3|4#4|3#5|2#6|3#7|2#8|2#9|3#10|3#11|3#12|0,0|0#1|0#2|0#3|4#4|3#5|2#6|2#7|2#8|2#9|2#10|2#11|2#12|0,0|0#1|0#2|0#3|4#4|3#5|2#6|2#7|2#8|3#9|3#10|3#11|4#12|0,0|0#1|0#2|0#3|4#4|2#5|2#6|2#7|2#8|2#9|2#10|2#11|3#12|0
111|67,0,0,1,0,0,3,0,0,0,0,0,4,4,0,0,0,0|0#1|0#2|0#3|0#4|0#5|0#6|1#7|2#8|1#9|1#10|1#11|0#12|0,0|0#1|0#2|0#3|0#4|0#5|0#6|0#7|0#8|0#9|0#10|0#11|0#12|0,0|0#1|0#2|0#3|0#4|0#5|0#6|2#7|1#8|1#9|0#10|0#11|0#12|0,0|0#1|0#2|0#3|0#4|0#5|0#6|0#7|0#8|0#9|0#10|0#11|0#12|0
40|75,0,0,0,0,0,0,0,0,0,0,0,0,0,0,0,0,,,,
69|10,0,0,0,0,0,0,0,0,0,0,0,0,0,0,0,0,,,,
66|136,0,0,0,0,0,0,0,0,0,0,0,0,0,0,0,0,,,,
27|124,0,0,0,0,0,0,0,0,0,0,0,0,0,0,0,0,,,,
117|125,0,0,0,0,0,0,0,0,0,0,0,0,0,0,0,0,,,,
79|123,0,0,0,0,0,0,0,0,0,0,0,0,0,0,0,0,,,,
5|134,0,0,0,0,0,0,0,0,0,0,0,0,0,0,0,0,,,,
104|138,0,0,0,0,0,0,0,0,0,0,0,0,0,0,0,0,,,,
1|90,0,0,0,0,0,0,0,0,0,0,0,0,0,0,0,0,,,,
88|21,0,0,0,0,0,0,0,0,0,0,0,0,0,0,0,0,,,,
37|9,3,0,0,0,0,0,0,2,0,0,0,0,1,0,0,0,,,,
122|2,0,0,0,0,0,0,0,0,0,0,0,0,0,0,0,0,,,,
130|78,0,0,0,0,0,0,0,0,0,0,0,0,0,0,0,0,,,,
104|98,0,0,0,0,0,0,0,0,0,0,0,0,0,0,0,0,,,,
79|27,0,0,1,0,0,0,0,0,0,0,0,8,0,0,0,0,0|0#1|0#2|0#3|0#4|0#5|0#6|0#7|0#8|0#9|0#10|0#11|0#12|0,,0|0#1|0#2|0#3|0#4|0#5|0#6|0#7|0#8|0#9|0#10|0#11|0#12|0,
120|61,0,0,0,0,0,0,2,0,0,0,0,3,0,0,0,0,0|0#1|0#2|0#3|0#4|0#5|0#6|0#7|0#8|0#9|0#10|0#11|0#12|0,0|0#1|0#2|0#3|0#4|0#5|0#6|0#7|0#8|0#9|0#10|0#11|0#12|0,0|0#1|0#2|0#3|0#4|0#5|0#6|0#7|0#8|0#9|0#10|0#11|0#12|0,0|0#1|0#2|0#3|0#4|0#5|0#6|0#7|0#8|0#9|0#10|0#11|0#12|0
91|144,0,0,0,0,0,0,0,0,0,0,0,0,0,0,0,0,,,,
63|7,0,0,0,0,0,0,0,0,0,0,0,0,0,0,0,0,,,,
14|95,0,0,0,0,0,0,0,0,0,0,0,0,0,0,0,0,,,,
21|64,0,0,0,0,0,0,0,0,0,0,0,0,0,0,0,0,,,,
103|121,0,0,0,0,0,0,0,0,0,0,0,0,0,0,0,0,,,,
98|38,0,0,0,0,0,0,0,0,0,0,0,0,0,0,0,0,,,,
113|92,2,0,2,0,0,0,0,0,0,0,0,4,0,0,0,0,,,,
14|137,0,0,0,0,0,0,0,0,0,0,0,0,0,0,0,0,,,,
13|120,0,0,0,0,0,0,0,0,0,0,0,0,0,0,0,0,,,,
52|132,0,0,0,0,0,0,0,0,0,0,0,0,0,0,0,0,,,,
142|133,0,1,0,3,0,2,0,1,7,0,0,0,1,0,0,0,,,,
