83|14,0,0,0,0,0,0,0,0,0,0,0,0,0,0,0,0,,,,
57|34,5,3,9,0,2,2,0,2,6,0,3,8,2,0,0,0,,,,
69|76,1,0,9,0,3,1,2,0,2,0,5,1,8,0,0,0,,,,
97|81,0,0,0,0,0,0,0,0,0,0,0,0,0,0,0,0,,,,
88|129,0,0,0,0,0,0,0,0,0,0,0,0,0,0,0,0,,,,
19|12,0,0,0,0,0,0,0,0,0,0,0,0,0,0,0,0,,,,
147|37,0,0,0,0,0,0,0,0,0,0,0,0,0,0,0,0,0|0#1|0#2|0#3|0#4|0#5|0#6|0#7|0#8|0#9|0#10|0#11|0#12|0,,0|0#1|0#2|0#3|0#4|0#5|0#6|0#7|0#8|0#9|0#10|0#11|0#12|0,
95|56,20,5,30,3,0,12,3,9,1,0,3,1,3,0,0,0,0|0#1|0#2|0#3|4#4|4#5|4#6|4#7|4#8|4#9|4#10|4#11|4#12|0,0|0#1|0#2|0#3|4#4|4#5|4#6|4#7|4#8|4#9|4#10|4#11|4#12|0,0|0#1|0#2|0#3|4#4|4#5|4#6|4#7|4#8|4#9|4#10|4#11|4#12|0,0|0#1|0#2|0#3|4#4|4#5|4#6|4#7|4#8|4#9|4#10|4#11|4#12|0
49|117,0,0,0,0,0,0,0,0,0,0,0,0,0,0,0,0,,,,
61|138,0,0,0,0,0,0,0,0,0,0,0,0,0,0,0,0,,,,
31|0,0,0,0,0,0,0,0,0,0,0,0,0,0,0,0,0,,,,
88|87,0,0,0,0,0,0,1,0,0,0,0,1,0,0,0,0,,,,
78|70,6,1,1,1,0,0,0,5,0,0,0,0,1,0,0,0,0|0#1|0#2|0#3|0#4|0#5|0#6|0#7|0#8|0#9|0#10|0#11|0#12|0,0|0#1|0#2|0#3|0#4|0#5|0#6|0#7|0#8|0#9|0#10|0#11|0#12|0,0|0#1|0#2|0#3|0#4|0#5|0#6|0#7|0#8|0#9|0#10|0#11|0#12|0,0|0#1|0#2|0#3|0#4|0#5|0#6|0#7|0#8|0#9|0#10|0#11|0#12|0
135|7,0,0,0,0,0,0,0,0,0,0,0,0,0,0,0,0,,,,
139|118,0,0,0,0,0,0,0,0,0,0,0,0,0,0,0,0,,,,
150|122,0,0,0,0,0,0,0,0,0,0,0,0,0,0,0,0,,,,
87|112,0,0,0,0,0,0,0,0,1,0,0,0,0,0,0,0,,,,
74|125,0,0,0,0,0,0,0,0,0,0,0,0,0,0,0,0,,,,
22|126,0,0,0,0,0,0,0,0,0,0,0,0,0,0,0,0,,,,
9|55,0,0,0,0,0,0,0,0,0,0,0,0,0,0,0,0,,,,
149|62,0,0,0,0,0,0,0,0,0,0,0,0,0,0,0,0,,0|0#1|0#2|0#3|0#4|0#5|0#6|0#7|0#8|0#9|0#10|0#11|0#12|0,,0|0#1|0#2|0#3|0#4|0#5|0#6|0#7|0#8|0#9|0#10|0#11|0#12|0
29|29,0,0,0,0,0,0,0,1,1,0,0,0,0,0,0,0,,,,
38|23,0,0,0,0,0,0,0,0,0,0,0,0,0,0,0,0,,,,
137|20,0,0,0,0,0,0,0,0,0,0,0,0,0,0,0,0,,,,
60|121,0,0,0,0,0,0,0,0,0,0,0,0,0,0,0,0,,,,
128|26,0,0,0,0,0,0,0,0,0,0,0,0,0,0,0,0,0|0#1|0#2|0#3|0#4|0#5|0#6|0#7|0#8|0#9|0#10|0#11|0#12|0,,0|0#1|0#2|0#3|0#4|0#5|0#6|0#7|0#8|0#9|0#10|0#11|0#12|0,
151|139,0,0,0,0,0,0,0,0,0,0,0,0,0,0,0,0,,,,
125|114,3,2,1,2,0,1,0,1,1,0,0,14,0,0,0,0,,,,
0|136,0,0,0,0,0,0,0,0,0,0,0,0,0,0,0,0,,,,
48|100,0,0,0,0,0,0,0,0,0,0,0,0,0,0,0,0,,,,
35|113,0,0,0,0,0,0,0,0,0,0,0,0,0,0,0,0,,,,
109|15,0,0,0,0,0,0,0,0,0,0,0,0,0,0,0,0,,,,
112|127,0,0,0,0,0,0,0,0,0,0,0,0,0,0,0,0,,,,
76|45,0,0,0,0,0,0,0,0,1,0,0,0,1,0,0,0,0|0#1|0#2|0#3|0#4|0#5|0#6|0#7|0#8|0#9|0#10|0#11|0#12|0,,0|0#1|0#2|0#3|0#4|0#5|0#6|0#7|0#8|0#9|0#10|0#11|0#12|0,
109|9,0,0,0,0,0,0,0,0,0,0,0,0,0,0,0,0,,,,
111|110,2,0,1,1,1,0,1,0,0,0,0,0,0,0,0,0,,,,
138|101,0,0,0,0,0,0,0,0,0,0,0,0,0,0,0,0,,,,
