11|34,0,0,0,0,0,0,0,0,0,0,0,0,0,0,0,0,,,,
101|37,0,0,0,0,0,0,0,0,0,0,0,0,0,0,0,0,,,,
61|98,0,0,0,0,0,0,0,0,1,0,0,0,0,0,0,0,0|0#1|0#2|0#3|0#4|0#5|0#6|0#7|0#8|0#9|0#10|0#11|0#12|0,,0|0#1|0#2|0#3|0#4|0#5|0#6|0#7|0#8|0#9|0#10|0#11|0#12|0,0|0#1|0#2|0#3|0#4|0#5|0#6|0#7|0#8|0#9|0#10|0#11|0#12|0
90|114,0,1,0,0,0,0,0,0,0,0,0,0,0,0,0,0,,,,
51|102,0,0,0,0,0,0,0,0,0,0,0,0,0,0,0,0,,,,
122|73,0,0,0,0,0,0,0,0,0,0,0,0,0,0,0,0,,0|0#1|0#2|0#3|0#4|0#5|0#6|0#7|0#8|0#9|0#10|0#11|0#12|0,0|0#1|0#2|0#3|0#4|0#5|0#6|0#7|0#8|0#9|0#10|0#11|0#12|0,0|0#1|0#2|0#3|0#4|0#5|0#6|0#7|0#8|0#9|0#10|0#11|0#12|0
65|106,0,0,0,0,0,0,0,0,0,0,0,0,0,0,0,0,,,,
1|77,0,0,0,0,0,0,0,0,0,0,0,0,0,0,0,0,,,,
32|70,0,0,0,0,0,0,0,0,0,0,0,0,0,0,0,0,,,,
51|81,2,9,2,0,0,0,0,5,0,0,1,1,3,0,0,0,0|0#1|0#2|0#3|0#4|0#5|0#6|0#7|0#8|0#9|0#10|0#11|0#12|0,0|0#1|0#2|0#3|0#4|0#5|0#6|0#7|0#8|0#9|0#10|0#11|0#12|0,0|0#1|0#2|0#3|0#4|0#5|0#6|0#7|0#8|0#9|0#10|0#11|0#12|0,0|0#1|0#2|0#3|0#4|0#5|0#6|0#7|0#8|0#9|0#10|0#11|0#12|0
113|79,5,3,6,28,0,1,1,5,1,0,0,17,2,0,0,0,0|0#1|0#2|0#3|0#4|0#5|0#6|0#7|0#8|0#9|0#10|0#11|0#12|0,0|0#1|0#2|0#3|0#4|0#5|0#6|0#7|0#8|0#9|0#10|0#11|0#12|0,0|0#1|0#2|0#3|0#4|0#5|0#6|0#7|0#8|0#9|0#10|0#11|0#12|0,
141|84,0,0,0,0,0,0,0,0,0,0,0,0,0,0,0,0,,,,
30|45,0,0,0,0,0,0,1,1,0,0,1,0,0,0,0,0,,,,
23|76,0,0,0,0,0,0,0,0,0,0,0,0,0,0,0,0,,,,
70|92,0,0,0,0,0,0,0,0,0,0,0,0,0,0,0,0,,,,
103|108,0,0,0,0,0,0,0,0,0,0,0,0,0,0,0,0,,,,
52|119,0,0,0,0,0,0,0,0,0,0,0,0,0,0,0,0,,,,
110|31,0,0,0,0,0,0,0,0,1,0,0,0,0,0,0,0,,,,
141|103,0,0,0,0,0,0,0,0,0,0,0,0,0,0,0,0,,,,
4|104,0,0,0,0,0,0,0,0,0,0,0,0,0,0,0,0,,,,
120|48,0,0,0,0,0,0,1,0,2,0,1,0,1,0,0,0,,,,
20|7,0,0,0,0,0,0,0,0,0,0,0,0,0,0,0,0,,,,
13|107,0,0,0,0,0,0,0,0,0,0,0,0,0,0,0,0,,,,
42|87,0,0,0,0,0,0,0,0,0,0,0,0,0,0,0,0,,,,
103|62,195,43,482,6,33,53,25,43,30,26,175,80,27,0,0,0,0|0#1|0#2|0#3|4#4|4#5|4#6|4#7|4#8|4#9|4#10|4#11|4#12|0,0|0#1|0#2|0#3|4#4|4#5|4#6|4#7|4#8|4#9|4#10|4#11|4#12|0,0|0#1|0#2|0#3|4#4|4#5|4#6|4#7|4#8|4#9|4#10|4#11|4#12|0,0|0#1|0#2|0#3|4#4|4#5|4#6|4#7|4#8|4#9|4#10|4#11|4#12|0
