34|141,0,0,0,0,0,0,0,0,0,0,0,0,0,0,0,0,,,,
45|37,0,0,0,0,0,0,0,0,1,0,0,0,0,0,0,0,,,,
54|31,0,0,0,0,0,0,0,0,0,0,0,0,0,0,0,0,,,,
125|23,0,0,0,0,0,0,0,0,0,0,0,0,0,0,0,0,,,,
131|2,0,0,0,0,0,0,0,0,0,0,0,0,0,0,0,0,,,,
137|65,0,0,0,0,0,0,0,0,0,0,0,0,0,0,0,0,,,0|0#1|0#2|0#3|0#4|0#5|0#6|0#7|0#8|0#9|0#10|0#11|0#12|0,
116|29,0,0,0,0,0,0,0,0,0,0,0,0,0,0,0,0,0|0#1|0#2|0#3|0#4|0#5|0#6|0#7|0#8|0#9|0#10|0#11|0#12|0,,0|0#1|0#2|0#3|0#4|0#5|0#6|0#7|0#8|0#9|0#10|0#11|0#12|0,
5|8,0,1,0,0,0,0,0,0,0,0,0,0,0,0,0,0,,,,
19|57,0,0,0,0,0,0,0,0,0,0,0,0,0,0,0,0,,,,
86|140,0,0,0,0,0,0,0,0,0,0,0,0,0,0,0,0,,,,
106|12,0,0,0,0,0,0,0,0,0,0,0,0,0,0,0,0,,,,
83|59,0,0,0,0,0,1,0,0,0,0,0,2,0,0,0,0,0|0#1|0#2|0#3|1#4|0#5|0#6|1#7|1#8|2#9|2#10|1#11|1#12|0,0|0#1|0#2|0#3|0#4|0#5|0#6|0#7|0#8|0#9|0#10|0#11|0#12|0,0|0#1|0#2|0#3|1#4|0#5|2#6|1#7|1#8|1#9|2#10|0#11|0#12|0,0|0#1|0#2|0#3|0#4|0#5|0#6|0#7|0#8|0#9|0#10|1#11|0#12|0
72|7,0,0,0,0,0,0,0,0,0,0,0,0,0,0,0,0,,,,
139|90,0,0,0,0,0,0,0,0,1,0,0,0,0,0,0,0,,,,
73|42,0,0,0,0,0,0,0,0,0,0,0,0,0,0,0,0,0|0#1|0#2|0#3|0#4|0#5|0#6|0#7|0#8|0#9|0#10|0#11|0#12|0,0|0#1|0#2|0#3|0#4|0#5|0#6|0#7|0#8|0#9|0#10|0#11|0#12|0,0|0#1|0#2|0#3|0#4|0#5|0#6|0#7|0#8|0#9|0#10|0#11|0#12|0,0|0#1|0#2|0#3|0#4|0#5|0#6|0#7|0#8|0#9|0#10|0#11|0#12|0
26|26,0,0,0,0,0,0,0,2,1,0,0,0,1,0,0,0,,,,
35|20,0,0,0,0,0,0,0,0,0,0,0,0,0,0,0,0,,,,
48|145,0,0,0,0,0,0,0,0,0,0,0,0,0,0,0,0,,,,
71|17,0,0,0,0,0,1,2,0,0,0,0,0,0,0,0,0,,,,
124|142,0,0,0,0,0,0,0,0,0,0,0,0,0,0,0,0,,,,
38|68,0,0,0,0,0,0,0,1,0,0,0,0,1,0,0,0,,,,
4|27,0,0,0,0,0,0,0,0,0,0,0,0,0,0,0,0,,,,
90|28,0,0,0,0,0,0,0,0,0,0,0,0,0,0,0,0,,,,
92|53,70,36,106,6,11,9,6,6,4,10,68,14,12,1,0,0,0|0#1|0#2|0#3|4#4|4#5|4#6|4#7|4#8|4#9|4#10|4#11|4#12|0,0|0#1|0#2|0#3|4#4|4#5|4#6|4#7|4#8|4#9|4#10|4#11|4#12|0,0|0#1|0#2|0#3|4#4|4#5|4#6|4#7|4#8|4#9|4#10|4#11|4#12|0,0|0#1|0#2|0#3|4#4|4#5|4#6|4#7|4#8|4#9|4#10|4#11|4#12|0
105|4,0,0,0,0,0,0,0,0,0,0,0,0,0,0,0,0,,,,
144|34,84,15,75,1,4,6,4,16,7,1,22,31,8,0,0,0,0|0#1|0#2|0#3|0#4|0#5|0#6|1#7|0#8|1#9|1#10|1#11|0#12|0,0|0#1|0#2|0#3|0#4|0#5|0#6|0#7|0#8|0#9|0#10|0#11|0#12|0,0|0#1|0#2|0#3|1#4|0#5|1#6|1#7|0#8|1#9|1#10|1#11|1#12|0,0|0#1|0#2|0#3|0#4|0#5|0#6|0#7|0#8|0#9|0#10|0#11|0#12|0
118|54,0,1,0,0,0,1,0,3,0,0,1,0,0,0,0,0,0|0#1|0#2|0#3|0#4|0#5|0#6|0#7|0#8|0#9|0#10|0#11|0#12|0,,0|0#1|0#2|0#3|0#4|0#5|0#6|0#7|0#8|0#9|0#10|0#11|0#12|0,
6|52,0,0,0,0,0,0,0,0,0,0,0,0,0,0,0,0,,,,
64|48,2,0,1,0,0,0,0,0,0,0,0,0,0,0,0,0,,,,
85|84,0,0,0,0,0,0,0,0,0,0,0,0,0,0,0,0,0|0#1|0#2|0#3|0#4|0#5|0#6|0#7|0#8|0#9|0#10|0#11|0#12|0,0|0#1|0#2|0#3|0#4|0#5|0#6|0#7|0#8|0#9|0#10|0#11|0#12|0,0|0#1|0#2|0#3|0#4|0#5|0#6|0#7|0#8|0#9|0#10|0#11|0#12|0,0|0#1|0#2|0#3|0#4|0#5|0#6|0#7|0#8|0#9|0#10|0#11|0#12|0
46|9,10,4,2,0,0,0,0,5,0,1,0,1,3,0,0,0,,,,
47|62,0,0,0,0,0,0,0,0,0,0,0,0,0,0,0,0,,,,
80|11,85,24,155,7,17,13,11,17,30,8,47,26,17,0,4,0,,,,
66|73,0,0,0,0,0,0,1,0,0,0,0,0,0,0,0,0,,,,
138|146,0,0,0,0,0,0,0,1,1,0,0,0,0,0,0,0,,,,
28|51,0,0,0,0,0,0,0,0,0,0,0,0,0,0,0,0,,,,
57|79,0,1,0,0,0,0,0,0,0,0,0,0,0,0,0,0,,,,
