104|14,0,0,0,0,0,0,0,0,0,0,0,0,0,0,0,0,,,,
14|11,0,0,0,0,0,0,0,0,0,0,0,0,0,0,0,0,,,,
142|36,0,1,5,0,4,1,1,0,8,0,4,3,1,0,0,0,0|0#1|0#2|0#3|0#4|0#5|0#6|0#7|0#8|0#9|0#10|0#11|0#12|0,0|0#1|0#2|0#3|0#4|0#5|0#6|0#7|0#8|0#9|0#10|0#11|0#12|0,0|0#1|0#2|0#3|0#4|0#5|0#6|0#7|0#8|0#9|0#10|0#11|0#12|0,0|0#1|0#2|0#3|0#4|0#5|0#6|0#7|0#8|0#9|0#10|0#11|0#12|0
26|53,0,0,0,0,0,0,0,0,0,0,0,0,0,0,0,0,,,,
4|54,0,0,0,0,0,0,0,0,0,0,0,0,0,0,0,0,,,,
24|28,0,0,0,0,0,0,0,0,0,0,0,0,0,0,0,0,,,,
2|29,0,0,0,0,0,0,0,0,0,0,0,0,0,0,0,0,,,,
44|125,0,0,0,0,0,0,0,0,0,0,0,0,1,0,0,0,,,,
96|124,0,0,0,0,0,0,0,0,1,0,0,0,0,0,0,0,,,,
19|117,0,0,0,0,0,0,0,0,0,0,0,0,0,0,0,0,,,,
52|9,0,0,0,0,0,0,0,0,0,0,0,0,0,0,0,0,,,,
90|55,25,3,87,14,6,8,6,13,1,1,18,28,2,0,0,0,0|0#1|0#2|0#3|4#4|3#5|3#6|3#7|2#8|2#9|2#10|2#11|2#12|0,0|0#1|0#2|0#3|2#4|2#5|2#6|2#7|2#8|2#9|2#10|2#11|2#12|0,0|0#1|0#2|0#3|3#4|3#5|3#6|3#7|3#8|2#9|3#10|2#11|2#12|0,0|0#1|0#2|0#3|2#4|2#5|2#6|2#7|2#8|2#9|2#10|2#11|2#12|0
135|67,0,0,0,0,0,0,0,0,0,0,0,0,0,0,0,0,0|0#1|0#2|0#3|0#4|0#5|0#6|0#7|0#8|0#9|0#10|0#11|0#12|0,0|0#1|0#2|0#3|0#4|0#5|0#6|0#7|0#8|0#9|0#10|0#11|0#12|0,,0|0#1|0#2|0#3|0#4|0#5|0#6|0#7|0#8|0#9|0#10|0#11|0#12|0
109|87,0,0,0,0,0,0,0,0,0,0,0,0,0,0,0,0,0|0#1|0#2|0#3|1#4|0#5|0#6|0#7|0#8|0#9|0#10|0#11|0#12|0,,0|0#1|0#2|0#3|1#4|0#5|0#6|0#7|0#8|0#9|0#10|0#11|0#12|0,
134|126,0,0,0,0,0,0,0,0,0,0,1,2,0,0,0,0,,,,
109|118,0,0,0,0,0,0,0,0,0,0,0,1,0,0,0,0,,,,
43|39,0,0,0,0,0,0,0,0,0,0,0,0,0,0,0,0,,,,
123|25,0,0,0,0,0,0,0,0,1,0,0,0,0,0,0,0,,,,
57|112,0,0,0,0,0,0,0,0,0,0,0,0,0,0,0,0,,,,
30|121,0,0,0,0,0,0,0,0,0,0,0,0,0,0,0,0,,,,
17|59,0,0,0,0,0,0,0,0,0,0,0,0,0,0,0,0,,,,
147|113,0,0,0,0,0,0,0,0,0,0,0,0,0,0,0,0,,,,
151|30,0,0,0,0,0,0,0,0,0,0,0,0,0,0,0,0,,,,
19|84,0,0,0,0,0,0,0,0,0,0,0,0,0,0,0,0,,,,
116|56,0,0,0,0,0,0,0,0,0,0,0,0,0,0,0,0,0|0#1|0#2|0#3|0#4|0#5|0#6|0#7|0#8|0#9|0#10|0#11|0#12|0,0|0#1|0#2|0#3|0#4|0#5|0#6|0#7|0#8|0#9|0#10|0#11|0#12|0,0|0#1|0#2|0#3|0#4|0#5|0#6|0#7|0#8|0#9|0#10|0#11|0#12|0,0|0#1|0#2|0#3|0#4|0#5|0#6|0#7|0#8|0#9|0#10|0#11|0#12|0
31|138,0,0,0,0,0,0,0,0,0,0,0,0,0,0,0,0,,,,
79|0,5,0,1,1,0,0,0,0,0,0,0,5,1,0,0,0,,,,
125|50,0,0,0,0,0,0,0,0,0,0,0,0,0,0,0,0,0|0#1|0#2|0#3|0#4|0#5|0#6|0#7|0#8|0#9|0#10|0#11|0#12|0,0|0#1|0#2|0#3|0#4|0#5|0#6|0#7|0#8|0#9|0#10|0#11|0#12|0,,
128|98,0,0,0,0,0,0,0,0,0,0,0,0,0,0,0,0,,,,
83|137,0,0,0,0,0,0,0,0,0,0,0,0,0,0,0,0,,,,
83|86,0,0,0,0,0,0,0,0,0,0,0,0,0,0,0,0,0|0#1|0#2|0#3|0#4|0#5|0#6|0#7|0#8|0#9|0#10|0#11|0#12|0,0|0#1|0#2|0#3|0#4|0#5|0#6|0#7|0#8|0#9|0#10|0#11|0#12|0,0|0#1|0#2|0#3|0#4|0#5|0#6|0#7|0#8|0#9|0#10|0#11|0#12|0,
52|33,0,0,0,0,0,0,0,0,0,0,0,2,0,0,1,0,,,,
33|22,0,0,0,0,0,1,0,0,0,0,1,0,3,0,0,0,,,,
45|64,0,0,0,0,0,0,0,0,0,0,0,0,0,0,0,0,,,,
71|44,0,0,0,0,0,0,0,0,1,0,0,0,0,0,0,0,,,,
92|80,11,3,9,7,0,0,1,4,1,0,0,2,1,0,0,0,0|0#1|0#2|0#3|0#4|0#5|0#6|0#7|0#8|0#9|0#10|0#11|0#12|0,0|0#1|0#2|0#3|0#4|0#5|0#6|0#7|0#8|0#9|0#10|0#11|0#12|0,0|0#1|0#2|0#3|0#4|0#5|0#6|0#7|0#8|0#9|0#10|0#11|0#12|0,0|0#1|0#2|0#3|0#4|0#5|0#6|0#7|0#8|0#9|0#10|0#11|0#12|0
118|81,0,0,0,0,1,5,0,0,0,0,1,0,0,0,0,0,0|0#1|0#2|0#3|0#4|0#5|1#6|0#7|1#8|0#9|0#10|0#11|2#12|0,0|0#1|0#2|0#3|0#4|0#5|0#6|0#7|0#8|0#9|0#10|0#11|0#12|0,0|0#1|0#2|0#3|0#4|1#5|1#6|0#7|1#8|1#9|0#10|1#11|1#12|0,0|0#1|0#2|0#3|0#4|0#5|0#6|0#7|0#8|0#9|0#10|0#11|0#12|0
82|120,0,0,0,0,0,0,0,0,0,0,0,0,0,0,0,0,,,,
111|4,0,0,0,0,0,0,0,0,0,0,0,0,0,0,0,0,,,,
144|61,0,0,0,0,0,0,0,0,0,0,0,0,0,0,0,0,,,,
58|129,0,0,0,0,0,0,0,0,0,0,0,0,0,0,0,0,,,,
108|101,1,0,2,0,3,3,1,1,6,0,3,1,0,0,0,0,,,,
38|95,0,0,0,0,0,0,0,0,0,0,0,0,0,0,0,0,,,,
137|92,0,0,0,0,0,0,0,0,0,0,0,0,0,0,0,0,,,,
121|139,0,0,1,0,0,0,0,0,5,0,0,2,0,0,0,0,,,,
64|75,0,0,0,0,0,0,0,0,0,0,0,0,0,0,0,0,,,,
18|100,0,0,0,0,0,0,0,0,0,0,0,0,0,0,0,0,,,,
120|122,0,0,0,0,0,0,0,0,0,0,0,0,0,0,0,0,,,,
