14|73,0,0,0,0,0,0,0,0,0,0,0,0,0,0,0,0,,,,
52|110,0,0,0,0,0,0,0,0,0,0,0,0,0,0,0,0,,,,
124|5,0,0,0,0,0,0,0,0,0,0,0,0,0,0,0,0,,,,
14|115,0,0,0,0,0,0,0,0,0,0,0,0,0,0,0,0,,,,
21|42,0,0,0,0,0,0,0,0,0,0,0,0,0,0,0,0,,,,
132|81,0,0,0,0,0,0,0,1,0,0,0,0,0,0,0,0,0|0#1|0#2|0#3|0#4|0#5|0#6|0#7|0#8|0#9|0#10|0#11|0#12|0,0|0#1|0#2|0#3|0#4|0#5|0#6|0#7|0#8|0#9|0#10|0#11|0#12|0,0|0#1|0#2|0#3|0#4|0#5|0#6|0#7|0#8|0#9|0#10|0#11|0#12|0,0|0#1|0#2|0#3|0#4|0#5|0#6|0#7|0#8|0#9|0#10|0#11|0#12|0
104|76,0,0,1,0,0,0,0,0,1,0,0,2,1,0,0,0,0|0#1|0#2|0#3|1#4|0#5|1#6|1#7|1#8|0#9|0#10|0#11|0#12|0,0|0#1|0#2|0#3|0#4|0#5|0#6|0#7|0#8|0#9|0#10|0#11|0#12|0,0|0#1|0#2|0#3|0#4|0#5|1#6|0#7|0#8|0#9|0#10|0#11|0#12|0,0|0#1|0#2|0#3|0#4|0#5|0#6|0#7|0#8|0#9|0#10|0#11|0#12|0
104|116,0,0,0,0,0,1,0,2,0,0,0,2,0,0,0,0,,,,
12|48,0,0,0,0,0,0,0,0,0,0,0,0,0,0,0,0,,,,
142|111,0,0,0,0,0,0,0,0,0,0,0,0,0,0,0,0,,,,
33|84,0,0,0,0,0,0,0,0,0,0,0,0,0,0,0,0,,,,
143|128,0,0,0,0,0,0,0,0,0,0,0,0,0,0,0,0,,,,
91|122,0,0,0,0,0,0,0,0,0,0,0,0,0,0,0,0,,,,
117|103,0,0,0,0,0,0,0,1,1,0,0,4,0,0,0,0,,,,
151|92,0,0,0,0,0,0,0,0,0,0,0,0,0,0,0,0,,,,
6|129,0,0,0,0,0,0,0,0,0,0,0,0,0,0,0,0,,,,
40|53,0,0,0,0,0,0,0,0,0,0,0,0,0,0,0,0,,,,
150|3,0,5,2,0,0,2,1,2,3,0,0,5,6,1,0,0,,,,
5|112,0,0,0,0,0,0,0,0,0,0,0,0,0,0,0,0,,,,
98|16,1,0,0,0,0,0,0,0,0,0,0,12,0,0,0,0,,,,
53|127,0,0,0,0,0,0,0,0,0,0,0,0,0,0,0,0,,,,
111|45,2,0,0,0,0,0,0,0,0,0,0,0,0,0,0,0,0|0#1|0#2|0#3|0#4|0#5|0#6|0#7|0#8|0#9|0#10|0#11|0#12|0,0|0#1|0#2|0#3|0#4|0#5|0#6|0#7|0#8|0#9|0#10|0#11|0#12|0,0|0#1|0#2|0#3|0#4|0#5|0#6|0#7|0#8|0#9|0#10|0#11|0#12|0,0|0#1|0#2|0#3|0#4|0#5|0#6|0#7|0#8|0#9|0#10|0#11|0#12|0
31|59,0,0,0,0,0,0,0,0,0,0,0,0,0,0,0,0,,,,
130|56,0,0,0,0,0,0,0,0,0,0,0,0,0,0,0,0,,,,
142|98,0,0,0,0,0,0,0,0,0,0,0,0,0,0,0,0,,,,
52|95,0,0,0,0,0,0,0,0,0,0,0,0,0,0,0,0,,,,
27|102,0,0,0,0,0,0,0,0,0,0,0,0,0,0,0,0,,,,
66|114,0,0,0,0,0,0,0,0,0,0,0,0,0,0,0,0,,,,
91|8,0,0,0,0,0,0,0,0,0,0,0,0,1,0,0,0,,,,
28|119,0,0,0,0,0,0,0,0,0,0,0,0,0,0,0,0,,,,
79|101,0,0,0,0,0,0,0,0,0,0,0,0,0,0,0,0,,,,
113|70,0,0,0,0,0,0,0,0,0,0,0,1,1,0,0,0,,,0|0#1|0#2|0#3|0#4|0#5|0#6|0#7|0#8|0#9|0#10|0#11|0#12|0,
92|139,0,0,0,0,0,0,0,0,0,0,0,0,0,0,0,0,,,,
123|87,0,0,0,0,0,0,0,1,1,0,0,2,0,0,0,0,,,,
