14|71,0,0,0,0,0,0,0,0,0,0,0,0,0,0,0,0,,,,
40|51,0,0,0,0,0,0,0,0,0,0,0,1,0,0,0,0,,,,
92|137,0,0,0,0,0,0,0,0,0,0,0,0,0,0,0,0,,,,
14|113,0,0,0,0,0,0,0,0,0,0,0,0,0,0,0,0,,,,
130|54,0,0,0,0,0,0,0,0,0,0,0,0,0,0,0,0,,,,
150|1,0,0,0,0,0,0,0,0,0,0,0,3,0,0,0,0,,,,
53|125,0,0,0,0,0,0,0,0,0,0,0,0,0,0,0,0,,,,
104|114,0,0,0,0,0,0,0,0,0,0,0,1,0,0,0,0,,,,
117|101,2,0,0,0,0,0,0,0,0,0,0,1,0,0,0,0,,,,
31|57,0,0,0,0,0,0,0,0,0,0,0,0,0,0,0,0,,,,
40|138,0,0,0,0,0,0,0,0,0,0,0,0,0,0,0,0,,,,
65|8,0,0,0,0,0,0,0,0,0,0,0,0,0,0,0,0,,,,
2|89,0,0,0,0,0,0,0,0,0,0,0,0,0,0,0,0,,,,
98|14,0,0,0,0,0,0,0,0,0,0,0,2,0,0,0,0,,,,
12|46,0,0,0,0,0,0,0,0,0,0,0,0,0,0,0,0,,,,
33|82,0,0,0,0,0,0,0,0,0,0,0,0,0,0,0,0,,,,
111|43,0,0,0,0,0,0,0,0,0,0,0,0,0,0,0,0,0|0#1|0#2|0#3|0#4|0#5|0#6|0#7|0#8|0#9|0#10|0#11|0#12|0,,,
91|6,0,0,0,0,0,0,0,0,0,0,0,0,0,0,0,0,,,,
21|40,0,0,0,0,0,0,0,0,0,0,0,0,0,0,0,0,,,,
24|88,0,0,0,0,0,0,0,0,0,0,0,0,0,0,0,0,,,,
52|93,0,0,0,0,0,0,0,0,0,0,0,0,0,0,0,0,,,,
91|120,0,0,0,0,0,0,0,0,0,0,0,0,0,0,0,0,,,,
104|74,40,14,136,10,8,10,14,13,5,2,25,4,5,2,0,0,0|0#1|0#2|0#3|4#4|4#5|2#6|2#7|2#8|2#9|3#10|3#11|3#12|0,0|0#1|0#2|0#3|4#4|3#5|2#6|2#7|1#8|2#9|2#10|2#11|2#12|0,0|0#1|0#2|0#3|4#4|3#5|2#6|2#7|2#8|2#9|3#10|3#11|3#12|0,0|0#1|0#2|0#3|4#4|2#5|2#6|2#7|1#8|2#9|2#10|2#11|2#12|0
130|139,0,0,0,0,0,0,0,0,0,0,0,0,0,0,0,0,,,,
142|96,0,0,0,0,0,0,0,0,0,0,0,0,0,0,0,0,,,,
5|110,0,0,0,0,0,0,0,0,0,0,0,0,0,0,0,0,,,,
124|3,0,0,0,0,0,0,0,0,0,0,0,0,0,0,0,0,,,,
50|68,0,0,0,0,0,0,0,0,0,0,0,0,0,0,0,0,,,,
43|99,0,0,0,0,0,0,0,0,0,0,0,0,0,0,0,0,,,,
118|118,0,0,0,0,0,0,0,0,0,0,0,0,0,0,0,0,,,,
66|112,0,0,0,0,0,0,0,0,0,0,0,0,0,0,0,0,,,,
123|85,64,11,171,5,14,7,9,18,4,3,42,7,18,0,0,0,0|0#1|0#2|0#3|0#4|0#5|0#6|0#7|0#8|0#9|0#10|0#11|0#12|0,0|0#1|0#2|0#3|0#4|0#5|0#6|0#7|0#8|0#9|0#10|0#11|0#12|0,0|0#1|0#2|0#3|0#4|0#5|0#6|0#7|0#8|0#9|0#10|0#11|0#12|0,0|0#1|0#2|0#3|0#4|0#5|0#6|0#7|0#8|0#9|0#10|0#11|0#12|0
28|117,0,0,0,0,0,0,0,0,0,0,0,0,0,0,0,0,,,,
143|126,0,0,0,0,0,0,0,0,0,0,0,0,0,0,0,0,,,,
151|90,0,0,0,0,0,0,0,0,0,0,0,0,0,0,0,0,,,,
27|100,0,0,0,0,0,0,0,0,0,0,0,0,0,0,0,0,,,,
102|49,0,1,1,0,0,0,0,0,0,0,0,0,1,0,0,0,0|0#1|0#2|0#3|2#4|2#5|2#6|2#7|1#8|0#9|1#10|1#11|0#12|0,0|0#1|0#2|0#3|2#4|2#5|1#6|0#7|0#8|0#9|0#10|0#11|0#12|0,0|0#1|0#2|0#3|2#4|1#5|1#6|2#7|0#8|0#9|1#10|0#11|0#12|0,0|0#1|0#2|0#3|2#4|1#5|0#6|0#7|0#8|0#9|0#10|0#11|0#12|0
6|127,0,0,0,0,0,0,0,0,0,0,0,0,0,0,0,0,,,,
67|129,0,0,0,0,0,0,0,0,0,0,0,0,0,0,0,0,,,,
