65|143,0,0,0,0,0,0,0,0,0,0,0,0,0,0,0,0,,,,
149|20,0,0,0,0,0,0,0,0,0,0,0,0,0,0,0,0,,,,
26|131,0,0,0,0,0,0,0,0,0,0,0,0,0,0,0,0,,,,
95|14,0,0,0,0,0,0,0,0,0,0,0,0,0,0,0,0,,,,
40|99,0,0,0,0,0,0,0,0,0,0,0,0,0,0,0,0,,,,
79|147,0,0,0,0,0,0,0,0,0,0,0,0,0,0,0,0,,,,
103|145,0,0,0,0,0,0,0,0,0,0,0,0,0,0,0,0,,,,
88|45,2,2,2,0,0,0,2,3,0,1,0,5,0,0,0,0,0|0#1|0#2|0#3|0#4|0#5|0#6|0#7|0#8|0#9|0#10|0#11|0#12|0,0|0#1|0#2|0#3|0#4|0#5|0#6|0#7|0#8|0#9|0#10|0#11|0#12|0,0|0#1|0#2|0#3|0#4|0#5|0#6|0#7|0#8|0#9|0#10|0#11|0#12|0,0|0#1|0#2|0#3|0#4|0#5|0#6|0#7|0#8|0#9|0#10|0#11|0#12|0
9|13,0,0,0,0,0,0,0,1,0,0,0,0,0,0,0,0,,,,
21|88,0,0,0,0,0,0,0,0,0,0,0,0,0,0,0,0,,,,
4|141,0,0,0,0,0,0,0,0,0,0,0,0,0,0,0,0,,,,
101|74,27,12,39,4,0,7,3,8,2,0,16,4,3,0,0,0,0|0#1|0#2|0#3|0#4|0#5|0#6|0#7|0#8|0#9|0#10|0#11|0#12|0,0|0#1|0#2|0#3|0#4|0#5|0#6|1#7|1#8|1#9|0#10|0#11|0#12|0,0|0#1|0#2|0#3|0#4|0#5|0#6|0#7|0#8|0#9|0#10|0#11|0#12|0,0|0#1|0#2|0#3|0#4|0#5|0#6|1#7|1#8|1#9|0#10|0#11|0#12|0
30|82,0,0,0,0,0,0,0,0,0,0,0,0,0,0,0,0,,,,
141|140,0,0,0,0,0,0,0,0,0,0,0,0,0,0,0,0,,,,
69|34,0,0,0,0,0,0,0,0,0,0,0,0,0,0,0,0,0|0#1|0#2|0#3|0#4|0#5|0#6|0#7|0#8|0#9|0#10|0#11|0#12|0,0|0#1|0#2|0#3|0#4|0#5|0#6|0#7|0#8|0#9|0#10|0#11|0#12|0,0|0#1|0#2|0#3|0#4|0#5|0#6|0#7|0#8|0#9|0#10|0#11|0#12|0,
11|71,0,0,0,0,0,0,0,0,0,0,0,0,0,0,0,0,,,,
78|130,0,0,0,0,0,0,0,0,0,0,0,0,0,0,0,0,,,,
120|1,0,0,0,0,0,0,0,0,0,0,0,0,0,0,0,0,,,,
61|6,0,0,0,0,0,0,0,0,0,0,0,0,0,0,0,0,,,,
13|144,0,0,0,0,0,0,0,0,0,0,0,0,0,0,0,0,,,,
120|85,0,1,0,0,0,0,0,0,2,0,0,42,1,0,0,0,0|0#1|0#2|0#3|0#4|0#5|0#6|0#7|0#8|0#9|0#10|0#11|0#12|0,,0|0#1|0#2|0#3|0#4|0#5|0#6|0#7|0#8|0#9|0#10|0#11|0#12|0,
35|8,0,0,0,0,0,0,0,0,0,0,0,0,0,0,0,0,,,,
116|132,1,0,0,0,0,0,0,0,0,0,0,3,5,0,0,0,,,,
