90|15,0,0,0,0,0,0,0,0,0,0,0,0,0,0,0,0,,,,
17|19,0,0,0,0,0,0,0,0,0,0,0,0,0,0,0,0,,,,
73|140,0,0,0,0,0,0,0,0,0,0,0,0,0,0,0,0,,,,
125|10,0,0,0,0,0,0,0,0,0,0,0,0,0,0,0,0,,,,
87|144,0,0,0,0,0,0,0,0,0,0,0,0,0,0,0,0,,,,
125|146,0,0,0,0,0,0,0,0,0,0,0,0,0,0,0,0,,,,
38|55,0,0,0,0,0,0,0,0,0,0,0,0,0,0,0,0,,,,
92|40,0,1,0,0,0,0,0,1,0,0,0,4,0,0,0,0,0|0#1|0#2|0#3|0#4|0#5|0#6|0#7|0#8|0#9|0#10|0#11|0#12|0,,0|0#1|0#2|0#3|0#4|0#5|0#6|0#7|0#8|0#9|0#10|0#11|0#12|0,
138|133,4,0,0,0,0,0,0,0,1,0,1,0,1,0,0,0,,,,
35|145,0,0,0,0,0,0,0,0,0,0,0,0,0,0,0,0,,,,
95|88,1,0,0,0,0,0,0,4,0,0,0,0,0,0,0,0,,,,
137|52,0,0,0,0,0,0,0,1,0,0,0,0,0,0,1,0,,,,
19|44,0,0,0,0,0,0,0,0,0,0,0,0,0,0,0,0,,,,
4|14,0,0,0,0,0,0,0,0,0,0,0,0,0,0,0,0,,,,
116|16,0,0,0,0,0,0,0,0,0,0,0,0,0,0,0,0,,,,
64|35,0,0,0,0,0,0,0,0,0,0,0,0,0,0,0,0,,,,
109|47,0,0,0,0,0,0,0,0,2,0,0,0,0,0,0,0,0|0#1|0#2|0#3|0#4|0#5|0#6|0#7|0#8|0#9|0#10|0#11|0#12|0,,,0|0#1|0#2|0#3|0#4|0#5|0#6|0#7|0#8|0#9|0#10|0#11|0#12|0
59|91,0,0,0,0,0,0,0,0,0,0,0,0,0,0,0,0,,,,
111|142,0,0,0,0,0,0,0,0,0,0,0,0,0,0,0,0,,,,
144|21,0,0,0,0,0,0,0,0,0,0,0,0,0,0,0,0,,,,
21|141,0,0,0,0,0,0,0,0,0,0,0,0,0,0,0,0,,,,
45|24,0,0,0,0,0,0,0,0,0,0,0,0,0,0,0,0,,0|0#1|0#2|0#3|0#4|0#5|0#6|0#7|0#8|0#9|0#10|0#11|0#12|0,,0|0#1|0#2|0#3|0#4|0#5|0#6|0#7|0#8|0#9|0#10|0#11|0#12|0
66|60,0,1,1,0,0,0,0,0,0,0,0,7,1,0,0,0,,,,
128|58,0,0,0,0,0,0,0,0,0,0,0,0,0,0,0,0,,,,
147|69,10,7,15,6,2,1,1,3,0,0,2,2,3,0,0,0,,0|0#1|0#2|0#3|0#4|0#5|0#6|0#7|0#8|0#9|0#10|0#11|0#12|0,,
57|66,0,0,0,0,0,0,0,0,0,0,0,0,0,0,0,0,,,,
11|7,0,0,0,0,1,0,0,0,6,0,0,0,1,0,0,0,,,,
118|41,0,0,0,0,0,0,0,0,0,0,0,0,0,0,0,0,,,,
135|27,0,0,0,0,0,0,0,0,0,0,0,0,0,0,0,0,,,,
48|132,0,0,0,0,0,0,0,0,0,0,0,0,0,0,0,0,,,,
85|71,1,0,0,0,0,0,0,0,0,0,1,0,0,0,0,0,0|0#1|0#2|0#3|4#4|3#5|2#6|2#7|2#8|2#9|2#10|2#11|3#12|0,0|0#1|0#2|0#3|4#4|2#5|2#6|2#7|2#8|2#9|2#10|2#11|2#12|0,0|0#1|0#2|0#3|4#4|2#5|2#6|2#7|2#8|2#9|2#10|2#11|3#12|0,0|0#1|0#2|0#3|3#4|2#5|2#6|2#7|2#8|2#9|2#10|2#11|2#12|0
9|87,0,0,0,0,0,0,0,0,0,0,0,0,0,0,0,0,,,,
76|77,0,0,0,0,0,0,0,0,0,0,0,0,0,0,0,0,,0|0#1|0#2|0#3|0#4|0#5|0#6|0#7|0#8|0#9|0#10|0#11|0#12|0,,0|0#1|0#2|0#3|0#4|0#5|0#6|0#7|0#8|0#9|0#10|0#11|0#12|0
149|94,0,0,0,0,0,0,0,0,0,0,0,0,0,0,0,0,,,,
26|13,1,0,1,0,2,2,1,0,3,0,1,0,0,0,0,0,,,,
83|46,0,1,0,0,0,0,0,1,0,0,0,0,0,0,0,0,0|0#1|0#2|0#3|0#4|0#5|0#6|0#7|0#8|0#9|0#10|0#11|0#12|0,0|0#1|0#2|0#3|0#4|0#5|0#6|0#7|0#8|0#9|0#10|0#11|0#12|0,0|0#1|0#2|0#3|0#4|0#5|0#6|0#7|0#8|0#9|0#10|0#11|0#12|0,
