8|131,0,0,0,0,0,0,0,0,0,0,0,0,0,0,0,0,,,,
30|25,0,0,0,0,0,0,0,0,0,0,0,0,0,0,0,0,,,,0|0#1|0#2|0#3|0#4|0#5|0#6|0#7|0#8|0#9|0#10|0#11|0#12|0
134|95,0,0,0,0,0,0,0,0,0,0,0,0,0,0,0,0,,,,
69|133,0,0,0,0,0,0,0,0,0,0,0,0,0,0,0,0,,,,
16|87,0,0,0,0,0,0,0,0,0,0,0,0,0,0,0,0,,,,
23|56,0,0,0,0,0,0,0,0,0,0,0,0,0,0,0,0,,,,
25|81,0,0,0,0,0,0,0,0,0,0,0,0,0,0,0,0,,,,
113|59,0,0,0,0,0,1,1,0,0,0,0,1,0,0,0,0,0|0#1|0#2|0#3|0#4|0#5|0#6|0#7|0#8|0#9|1#10|0#11|0#12|0,,0|0#1|0#2|0#3|0#4|0#5|0#6|0#7|0#8|0#9|1#10|0#11|0#12|0,
51|61,0,0,0,0,0,0,0,0,0,0,0,0,0,0,0,0,,,,
120|28,0,0,0,0,0,0,0,0,0,0,0,0,0,0,0,0,,,,
75|1,0,0,0,0,0,0,0,0,0,0,0,0,0,0,0,0,,,,
122|53,0,0,1,0,0,0,1,14,1,0,1,0,1,0,0,0,,,,
103|42,0,0,0,0,0,0,0,0,0,0,0,0,0,0,0,0,0|0#1|0#2|0#3|0#4|0#5|1#6|1#7|1#8|1#9|1#10|1#11|0#12|0,0|0#1|0#2|0#3|0#4|0#5|0#6|0#7|0#8|0#9|0#10|0#11|0#12|0,0|0#1|0#2|0#3|0#4|0#5|1#6|0#7|0#8|1#9|0#10|1#11|0#12|0,0|0#1|0#2|0#3|0#4|0#5|0#6|0#7|0#8|0#9|0#10|0#11|0#12|0
42|67,0,0,0,0,0,0,0,0,0,0,0,0,0,0,0,0,,,,
107|135,0,0,0,0,0,0,0,0,0,0,0,0,0,0,0,0,,,,
70|72,0,0,0,0,0,0,0,0,0,0,0,0,0,0,0,0,,,,
94|141,0,0,0,0,0,0,0,0,0,0,0,0,0,0,0,0,,,,
110|11,0,0,0,0,0,0,0,0,0,0,0,0,0,0,0,0,,,,
11|14,0,0,0,0,0,0,0,0,0,0,0,0,0,0,0,0,,,,
42|142,0,0,0,0,0,0,0,0,0,0,0,0,0,0,0,0,,,,
115|84,0,0,2,2,0,0,0,0,0,0,0,2,0,0,0,0,,,,
132|143,0,0,0,0,0,0,0,0,0,0,0,0,0,0,0,0,,,,
32|50,0,0,0,0,0,0,0,0,0,0,0,0,0,0,0,0,,,,
1|57,0,0,0,0,0,0,0,0,0,0,0,0,0,0,0,0,,,,
56|146,0,0,0,0,0,0,0,0,0,0,0,0,0,0,0,0,,,,
44|92,22,9,11,0,3,0,1,58,1,0,4,1,6,0,0,0,,,,
49|3,0,0,0,0,0,0,0,0,0,0,0,0,0,0,0,0,,,,
146|147,0,0,0,0,0,0,0,0,0,0,0,0,0,0,0,0,,,,
80|89,0,0,0,0,0,0,0,0,1,0,0,2,0,0,0,0,,,,
17|134,0,0,0,0,0,0,0,0,0,0,0,0,0,0,0,0,,,,
145|130,0,0,0,0,0,0,0,0,0,0,0,0,0,0,0,0,,,,
3|82,0,0,0,0,0,0,0,0,0,0,0,0,0,0,0,0,,,,
8|2,0,0,0,0,0,0,0,0,0,0,0,0,0,0,0,0,,,,
101|17,0,0,0,0,0,0,0,0,0,0,0,0,0,0,0,0,,,,
35|98,0,0,0,0,0,0,0,0,0,0,0,0,0,0,0,0,,,,
61|78,0,0,0,0,0,0,0,4,1,0,0,0,0,0,0,0,,,,
141|64,0,0,0,0,0,0,0,0,0,0,0,0,0,0,0,0,,,,
