144|3,0,0,0,0,0,0,0,0,0,0,0,0,0,0,0,0,,,,
1|41,0,0,0,0,0,0,0,0,0,0,0,0,0,0,0,0,,,,
21|15,0,0,0,0,0,0,0,0,0,0,0,0,0,0,0,0,,,,
57|147,0,0,0,0,0,0,0,0,0,0,0,0,0,0,0,0,,,,
108|136,0,0,0,0,0,0,0,0,0,0,0,0,0,0,0,0,,,,
42|51,0,0,0,0,0,0,0,0,0,0,0,0,0,0,0,0,,,,
26|88,0,0,0,0,0,0,0,0,0,0,0,0,0,0,0,0,,,,
106|74,0,4,2,1,0,2,3,3,0,0,4,1,2,0,0,0,0|0#1|0#2|0#3|0#4|0#5|0#6|0#7|1#8|0#9|1#10|0#11|0#12|0,0|0#1|0#2|0#3|0#4|0#5|0#6|0#7|0#8|0#9|0#10|0#11|0#12|0,0|0#1|0#2|0#3|1#4|0#5|0#6|0#7|0#8|1#9|0#10|0#11|1#12|0,0|0#1|0#2|0#3|0#4|0#5|0#6|0#7|0#8|0#9|0#10|0#11|0#12|0
61|62,0,0,0,0,0,0,0,3,1,0,1,0,3,0,0,0,,,,
33|57,0,0,0,0,0,0,0,0,0,0,0,0,0,0,0,0,,,,
146|131,0,0,0,0,0,0,0,0,0,0,0,0,0,0,0,0,,,,
54|93,0,1,0,0,0,0,0,0,0,0,0,0,0,0,0,0,,,,
118|5,0,0,0,0,0,0,0,0,0,0,0,0,0,0,0,0,,,,
104|49,0,0,0,1,0,1,0,2,0,0,0,1,1,1,0,0,0|0#1|0#2|0#3|0#4|0#5|0#6|0#7|0#8|0#9|0#10|0#11|0#12|0,0|0#1|0#2|0#3|0#4|0#5|0#6|0#7|0#8|0#9|0#10|0#11|0#12|0,0|0#1|0#2|0#3|0#4|0#5|0#6|0#7|0#8|0#9|0#10|0#11|0#12|0,0|0#1|0#2|0#3|0#4|0#5|0#6|0#7|0#8|0#9|0#10|0#11|0#12|0
132|54,0,0,0,0,0,0,0,0,0,0,0,0,0,0,0,0,,,,
45|99,0,0,0,0,0,0,0,0,0,0,0,0,0,0,0,0,,,,
40|26,0,0,0,0,0,0,0,0,0,0,0,0,0,0,0,0,,,,
14|46,0,0,0,0,0,0,0,0,0,0,0,0,0,0,0,0,,,,
52|68,0,1,0,0,0,0,0,0,0,0,0,0,0,0,0,0,,,,
120|12,0,0,0,0,0,0,0,0,0,0,0,0,0,0,0,0,,,,
56|130,0,0,0,0,0,0,0,0,0,0,0,0,0,0,0,0,,,,
144|96,0,0,0,0,0,0,0,0,0,0,0,0,0,0,0,0,,,,
151|65,0,0,0,0,0,0,0,0,0,0,0,0,0,0,0,0,,,,
85|8,0,0,0,0,0,0,0,0,0,0,0,0,0,0,0,0,,,,
95|142,1,0,0,0,0,2,1,0,1,0,0,0,0,0,0,0,,,,
9|132,0,0,0,0,0,0,0,0,0,0,0,0,0,0,0,0,,,,
35|82,0,0,0,0,0,0,0,0,0,0,0,0,0,0,0,0,,,,
4|89,0,0,0,0,0,0,0,0,0,0,0,0,0,0,0,0,,,,
23|40,0,0,0,0,0,0,0,0,0,0,0,0,0,0,0,0,,,,
71|79,0,0,0,0,0,0,0,0,0,0,0,0,0,0,0,0,,,,
130|29,0,0,0,0,0,0,0,0,0,0,0,0,0,0,0,0,,,,
18|135,0,0,0,0,0,0,0,0,0,0,0,0,0,0,0,0,,,,
133|144,0,0,0,0,0,0,0,0,0,0,0,0,0,0,0,0,,,,
43|143,0,0,0,0,0,0,0,0,0,0,0,0,0,0,0,0,,,,
125|85,0,0,0,0,0,0,0,0,0,0,0,1,0,0,1,0,0|0#1|0#2|0#3|0#4|0#5|0#6|0#7|0#8|0#9|0#10|0#11|0#12|0,,0|0#1|0#2|0#3|0#4|0#5|0#6|0#7|0#8|0#9|0#10|0#11|0#12|0,
16|71,0,0,0,0,0,0,0,0,0,0,0,0,0,0,0,0,,,,
111|18,0,0,0,0,0,0,0,0,0,0,0,0,0,0,0,0,,,,
80|73,0,0,0,0,0,0,0,0,1,0,0,1,0,0,0,0,,0|0#1|0#2|0#3|0#4|0#5|0#6|0#7|0#8|0#9|0#10|0#11|0#12|0,0|0#1|0#2|0#3|0#4|0#5|0#6|0#7|0#8|0#9|0#10|0#11|0#12|0,0|0#1|0#2|0#3|0#4|0#5|0#6|0#7|0#8|0#9|0#10|0#11|0#12|0
113|43,0,0,0,0,0,0,0,0,0,0,0,0,0,0,0,0,,,,
