27|108,0,0,0,0,0,0,0,0,0,0,0,0,0,0,0,0,,,,
52|116,0,0,0,0,0,0,0,0,0,0,0,0,0,0,0,0,,,,
90|111,0,1,0,0,0,0,0,0,0,0,0,0,0,0,0,0,,,,
65|103,0,0,0,0,0,0,0,0,0,0,0,0,0,0,0,0,0|0#1|0#2|0#3|0#4|0#5|0#6|0#7|0#8|0#9|0#10|0#11|0#12|0,,0|0#1|0#2|0#3|0#4|0#5|0#6|0#7|0#8|0#9|0#10|0#11|0#12|0,
103|105,0,0,0,0,0,0,0,0,1,0,0,0,0,0,0,0,,,,
5|118,0,0,0,0,0,0,0,0,0,0,0,0,0,0,0,0,,,,
1|74,0,0,0,0,0,0,0,0,0,0,0,0,0,0,0,0,,,,
113|76,0,0,0,0,0,0,0,0,0,0,0,1,0,0,0,0,0|0#1|0#2|0#3|0#4|0#5|1#6|0#7|0#8|0#9|0#10|0#11|0#12|0,0|0#1|0#2|0#3|0#4|0#5|0#6|0#7|0#8|0#9|0#10|0#11|0#12|0,0|0#1|0#2|0#3|0#4|1#5|1#6|0#7|0#8|0#9|0#10|1#11|0#12|0,0|0#1|0#2|0#3|0#4|0#5|0#6|0#7|0#8|0#9|0#10|0#11|0#12|0
42|84,0,0,0,0,0,0,0,0,0,0,0,0,0,0,0,0,,,,
11|31,0,0,0,0,0,0,0,0,0,0,0,0,0,0,0,0,,,,
14|79,0,0,0,0,0,0,0,0,0,0,0,0,0,0,0,0,,,,
21|48,0,0,0,0,0,0,0,0,0,0,0,0,0,0,0,0,,,,
40|59,0,0,0,0,0,2,1,0,3,0,2,1,0,0,0,0,,,,
101|34,0,0,0,0,0,0,0,0,0,0,0,0,0,0,0,0,,,,
141|81,0,0,0,0,0,1,0,0,1,0,1,0,0,0,0,0,,,,
4|101,0,0,0,0,0,0,0,0,0,0,0,0,0,0,0,0,,,,
120|45,0,0,0,0,0,0,0,0,0,0,0,0,0,0,0,0,,,,
79|107,0,0,0,1,0,0,0,1,0,0,0,0,0,0,0,0,,,,
20|4,0,0,0,0,0,0,0,0,0,0,0,0,0,0,0,0,,,,
30|42,0,0,0,0,0,0,0,0,0,0,0,0,0,0,0,0,,,,
141|100,0,0,0,0,0,0,0,0,6,0,0,0,0,0,0,0,,,,
132|87,0,1,2,0,0,0,0,0,1,1,0,3,3,0,0,0,0|0#1|0#2|0#3|0#4|0#5|0#6|0#7|0#8|0#9|0#10|0#11|0#12|0,,,
91|128,0,0,0,0,0,0,0,0,0,0,0,0,0,0,0,0,,,,
151|98,0,0,0,0,0,0,0,0,0,0,0,0,0,0,0,0,,,,
122|70,0,0,0,0,0,0,0,0,0,0,0,1,0,0,0,0,0|0#1|0#2|0#3|0#4|0#5|0#6|0#7|0#8|0#9|0#10|0#11|0#12|0,,0|0#1|0#2|0#3|0#4|0#5|0#6|0#7|0#8|0#9|0#10|0#11|0#12|0,
13|104,0,0,0,0,0,0,0,0,0,0,0,0,0,0,0,0,,,,
150|9,0,0,0,0,0,1,0,0,1,0,1,3,0,0,0,0,,,,
117|109,0,0,0,0,0,0,0,0,0,0,0,0,0,0,0,0,,,,
23|73,0,0,0,0,0,0,0,0,0,0,0,0,0,0,0,0,,,,
142|117,0,0,0,0,0,0,0,0,0,0,0,0,0,0,0,0,,,,
61|95,0,0,0,1,0,0,1,1,0,0,0,0,0,0,0,0,0|0#1|0#2|0#3|0#4|0#5|0#6|0#7|1#8|0#9|1#10|0#11|0#12|0,0|0#1|0#2|0#3|0#4|0#5|0#6|0#7|0#8|0#9|0#10|0#11|0#12|0,0|0#1|0#2|0#3|0#4|0#5|1#6|0#7|0#8|0#9|0#10|0#11|0#12|0,0|0#1|0#2|0#3|0#4|0#5|0#6|0#7|1#8|0#9|0#10|0#11|0#12|0
