63|68,1,1,4,1,0,1,0,1,5,0,4,2,0,0,0,0,,,,
82|79,193,79,694,3,31,48,26,57,29,11,167,25,66,0,0,0,0|0#1|0#2|0#3|2#4|1#5|0#6|0#7|0#8|0#9|0#10|0#11|2#12|0,0|0#1|0#2|0#3|0#4|0#5|0#6|0#7|0#8|0#9|0#10|0#11|0#12|0,0|0#1|0#2|0#3|2#4|0#5|0#6|0#7|0#8|0#9|0#10|1#11|1#12|0,0|0#1|0#2|0#3|0#4|0#5|0#6|0#7|0#8|0#9|0#10|0#11|0#12|0
105|32,0,0,0,0,0,0,0,0,0,0,0,0,0,0,0,0,,,,
46|82,0,0,0,0,0,0,0,1,0,0,0,0,0,0,0,0,,,,
115|49,3,0,1,0,0,1,0,0,0,1,0,26,0,0,0,0,0|0#1|0#2|0#3|0#4|1#5|2#6|1#7|1#8|1#9|1#10|1#11|1#12|0,0|0#1|0#2|0#3|0#4|0#5|0#6|0#7|0#8|0#9|0#10|0#11|0#12|0,0|0#1|0#2|0#3|1#4|2#5|1#6|1#7|0#8|1#9|1#10|2#11|2#12|0,0|0#1|0#2|0#3|0#4|0#5|0#6|0#7|0#8|0#9|0#10|0#11|0#12|0
56|99,78,25,229,1,10,13,18,59,6,9,50,17,24,0,0,0,0|0#1|0#2|0#3|0#4|0#5|1#6|1#7|1#8|1#9|0#10|0#11|0#12|0,0|0#1|0#2|0#3|0#4|0#5|1#6|1#7|0#8|1#9|0#10|0#11|0#12|0,0|0#1|0#2|0#3|0#4|1#5|1#6|1#7|1#8|1#9|0#10|0#11|0#12|0,0|0#1|0#2|0#3|0#4|0#5|2#6|0#7|1#8|0#9|0#10|0#11|0#12|0
59|141,0,0,0,0,0,0,0,0,0,0,0,0,0,0,0,0,,,,
80|102,0,0,0,0,0,0,0,0,0,0,0,0,0,0,0,0,,,,
3|47,0,0,0,0,0,0,0,0,0,0,0,0,0,0,0,0,,,,
18|77,0,0,0,0,0,0,0,0,0,0,0,0,0,0,0,0,,,,
44|57,0,0,0,0,0,0,0,0,0,0,0,0,0,0,0,0,,,,
53|51,0,0,0,0,0,0,1,0,0,0,0,0,0,0,0,0,,,,
37|88,0,0,0,0,0,0,0,0,0,0,0,0,0,0,0,0,,,,
117|74,0,0,0,0,0,0,0,0,0,0,0,0,0,0,0,0,,,,
149|142,0,0,0,0,0,0,0,0,0,0,0,0,0,0,0,0,,,,
81|119,0,0,0,0,0,0,1,0,1,0,0,0,0,0,0,0,,,,
141|29,1,0,0,0,0,0,0,0,0,0,0,3,0,0,0,0,,,,
60|20,0,0,0,0,0,0,0,0,0,0,0,0,0,0,0,0,,,,
122|18,0,0,0,0,0,0,0,0,0,0,0,0,0,0,0,0,,,,
124|43,0,0,0,0,0,0,0,0,0,0,0,0,0,0,0,0,,,,0|0#1|0#2|0#3|0#4|0#5|0#6|0#7|0#8|0#9|0#10|0#11|0#12|0
32|15,0,0,0,0,0,0,0,0,0,0,0,0,0,0,0,0,,,,
143|54,0,0,0,0,0,0,0,0,0,0,0,0,0,0,0,0,,,,
150|23,0,0,0,0,0,0,0,0,0,0,0,0,0,0,0,0,,,,
34|40,0,0,0,0,0,0,0,0,0,0,0,0,0,0,0,0,,,,
42|107,0,0,0,0,0,0,0,0,0,0,0,0,0,0,0,0,,,,
27|71,0,0,0,0,0,0,0,0,0,0,0,0,0,0,0,0,,,,
5|72,0,0,0,0,0,0,0,0,0,0,0,0,0,0,0,0,,,,
132|108,5,1,8,1,2,1,1,2,3,0,2,0,0,0,0,0,,,,
91|73,4,5,15,1,0,6,1,3,0,0,6,5,2,0,0,0,0|0#1|0#2|0#3|4#4|2#5|2#6|2#7|2#8|2#9|2#10|2#11|3#12|0,0|0#1|0#2|0#3|2#4|1#5|1#6|2#7|1#8|1#9|1#10|2#11|2#12|0,0|0#1|0#2|0#3|3#4|2#5|2#6|2#7|2#8|2#9|2#10|2#11|3#12|0,0|0#1|0#2|0#3|2#4|0#5|2#6|1#7|2#8|1#9|1#10|2#11|2#12|0
131|12,0,0,0,0,0,0,0,0,0,0,0,0,0,0,0,0,,,,
72|62,0,0,5,0,1,0,0,0,0,0,0,17,1,0,0,0,0|0#1|0#2|0#3|0#4|0#5|0#6|0#7|0#8|0#9|0#10|0#11|0#12|0,,0|0#1|0#2|0#3|0#4|0#5|0#6|0#7|0#8|0#9|0#10|0#11|0#12|0,
65|93,1,0,0,0,0,0,0,0,0,0,0,1,1,0,0,0,,,,
70|37,2,1,11,0,2,1,2,1,0,0,2,2,1,0,0,0,0|0#1|0#2|0#3|0#4|0#5|0#6|0#7|0#8|0#9|0#10|0#11|0#12|0,0|0#1|0#2|0#3|0#4|0#5|0#6|0#7|0#8|0#9|0#10|0#11|0#12|0,0|0#1|0#2|0#3|0#4|0#5|0#6|0#7|0#8|0#9|0#10|0#11|0#12|0,
60|2,0,0,0,0,0,0,0,0,0,0,0,0,0,0,0,0,,,,
51|26,0,0,0,0,0,0,0,0,0,0,0,0,0,0,0,0,,,,
25|46,0,0,0,0,0,0,0,0,0,0,0,0,0,0,0,0,,,,
136|85,2,1,2,9,0,1,4,2,7,0,0,3,2,0,0,0,0|0#1|0#2|0#3|0#4|0#5|0#6|0#7|0#8|0#9|0#10|0#11|0#12|0,0|0#1|0#2|0#3|0#4|0#5|0#6|0#7|0#8|0#9|0#10|0#11|0#12|0,0|0#1|0#2|0#3|0#4|0#5|0#6|0#7|0#8|0#9|0#10|0#11|0#12|0,0|0#1|0#2|0#3|0#4|0#5|0#6|0#7|0#8|0#9|0#10|0#11|0#12|0
94|106,0,0,0,0,0,0,0,0,0,0,0,1,0,0,0,0,,,,
34|4,0,0,0,0,0,0,0,0,0,0,0,0,0,0,0,0,,,,
