53|100,0,0,0,0,0,0,0,0,0,0,0,0,0,0,0,0,0|0#1|0#2|0#3|0#4|0#5|0#6|0#7|0#8|0#9|0#10|0#11|0#12|0,0|0#1|0#2|0#3|0#4|0#5|0#6|0#7|0#8|0#9|0#10|0#11|0#12|0,0|0#1|0#2|0#3|0#4|0#5|0#6|0#7|0#8|0#9|0#10|0#11|0#12|0,0|0#1|0#2|0#3|0#4|0#5|0#6|0#7|0#8|0#9|0#10|0#11|0#12|0
40|113,0,0,0,0,0,0,0,0,0,0,0,0,0,0,0,0,,,,
102|24,0,0,0,0,0,0,0,0,0,0,0,0,0,0,0,0,,,,
62|85,0,1,0,0,0,0,0,0,0,0,0,0,0,0,0,0,,,,
92|112,0,1,2,2,0,1,1,1,0,0,0,0,1,0,0,0,,,,
7|119,0,0,0,0,0,0,0,0,0,0,0,0,0,0,0,0,,,,
105|106,0,0,0,0,0,0,0,0,0,0,0,0,0,0,0,0,,,,
152|1,7,4,1,44,0,2,0,0,3,0,0,5,1,1,0,0,,,,
123|60,27,8,46,1,4,6,0,8,1,1,14,4,9,0,0,0,0|0#1|0#2|0#3|1#4|1#5|1#6|2#7|2#8|1#9|1#10|1#11|0#12|0,0|0#1|0#2|0#3|0#4|0#5|1#6|0#7|0#8|1#9|0#10|0#11|0#12|0,0|0#1|0#2|0#3|0#4|1#5|2#6|2#7|2#8|2#9|1#10|1#11|0#12|0,0|0#1|0#2|0#3|0#4|0#5|1#6|0#7|1#8|1#9|0#10|0#11|0#12|0
116|91,0,0,0,0,0,0,0,0,0,0,0,5,0,0,0,0,,0|0#1|0#2|0#3|0#4|0#5|0#6|0#7|0#8|0#9|0#10|0#11|0#12|0,0|0#1|0#2|0#3|0#4|0#5|0#6|0#7|0#8|0#9|0#10|0#11|0#12|0,
67|104,0,0,0,0,0,0,0,0,0,0,0,0,0,0,0,0,,,,
2|64,0,0,0,0,0,0,0,0,0,0,0,0,0,0,0,0,,,,
24|63,0,0,0,0,0,0,0,0,0,0,0,0,0,0,0,0,,,,
31|32,0,0,0,0,0,0,0,0,0,0,0,0,0,0,0,0,,,,
6|102,0,0,0,0,0,0,0,0,0,0,0,0,0,0,0,0,,,,
22|38,0,0,0,0,0,0,0,0,0,0,0,0,0,0,0,0,,,,
50|43,0,0,0,0,0,0,0,0,1,0,0,0,0,0,0,0,,,,
43|74,0,0,0,0,0,0,0,0,0,0,0,0,0,0,0,0,,,,
130|114,102,55,351,4,31,25,24,38,28,26,135,116,52,3,0,0,,,,
81|96,0,0,0,0,0,0,0,0,0,0,0,0,0,0,0,0,,,,
107|97,0,0,0,0,0,0,0,1,1,0,0,0,1,0,0,0,0|0#1|0#2|0#3|0#4|0#5|0#6|0#7|0#8|0#9|0#10|0#11|0#12|0,,0|0#1|0#2|0#3|0#4|0#5|0#6|0#7|0#8|0#9|0#10|0#11|0#12|0,
12|21,0,0,0,0,0,0,0,1,0,0,0,0,0,0,0,0,,,,
15|105,0,0,0,0,0,0,0,0,0,0,0,0,0,0,0,0,,,,
142|71,0,0,0,0,0,0,0,0,0,0,0,0,0,0,0,0,,,,
54|117,0,0,0,0,0,0,0,0,0,0,0,0,0,0,0,0,,,,
17|94,0,0,0,0,0,0,0,0,0,0,0,0,0,0,0,0,,,,
126|3,0,0,0,0,0,0,0,0,0,0,0,0,0,0,0,0,,,,
93|129,0,0,0,0,0,0,0,0,0,0,0,0,0,0,0,0,,,,
133|77,0,0,0,0,0,0,0,0,0,0,0,0,0,0,0,0,,,,
121|35,0,0,0,0,0,0,0,0,0,0,0,0,0,0,0,0,,,,
0|39,0,0,0,0,0,0,0,0,0,0,0,0,0,0,0,0,,,,
143|101,0,0,0,0,0,0,0,0,0,0,0,0,0,0,0,0,,,,
41|49,0,0,0,0,0,0,0,0,0,0,0,0,0,0,0,0,,,,
90|90,0,0,0,0,0,0,1,0,0,0,0,0,0,0,0,0,0|0#1|0#2|0#3|0#4|0#5|0#6|0#7|0#8|0#9|0#10|0#11|0#12|0,0|0#1|0#2|0#3|0#4|0#5|0#6|0#7|0#8|0#9|0#10|0#11|0#12|0,0|0#1|0#2|0#3|0#4|0#5|0#6|0#7|0#8|0#9|1#10|0#11|0#12|0,0|0#1|0#2|0#3|0#4|0#5|0#6|0#7|0#8|0#9|0#10|0#11|0#12|0
93|6,0,0,0,0,0,0,0,0,0,0,0,0,0,0,0,0,,,,
152|88,0,0,0,0,0,0,0,0,0,0,0,0,3,0,0,0,,,,
29|109,0,0,0,0,0,0,0,0,0,0,0,0,0,0,0,0,,,,
144|118,0,0,0,0,0,0,0,0,0,0,0,0,0,0,0,0,,,,
15|69,0,0,0,0,0,0,0,0,0,0,0,0,0,0,0,0,,,,
114|66,0,0,0,0,0,0,0,0,0,0,0,2,0,0,0,0,,0|0#1|0#2|0#3|0#4|0#5|0#6|0#7|0#8|0#9|0#10|0#11|0#12|0,0|0#1|0#2|0#3|0#4|0#5|0#6|0#7|0#8|0#9|0#10|0#11|0#12|0,0|0#1|0#2|0#3|0#4|0#5|0#6|0#7|0#8|0#9|0#10|0#11|0#12|0
67|8,0,0,0,0,0,0,0,0,0,0,0,0,0,0,0,0,,,,
140|46,0,1,0,0,0,2,1,0,0,0,1,2,1,0,0,0,0|0#1|0#2|0#3|0#4|0#5|0#6|0#7|0#8|0#9|0#10|0#11|0#12|0,,0|0#1|0#2|0#3|0#4|0#5|0#6|0#7|0#8|0#9|0#10|0#11|0#12|0,
