63|107,0,0,0,0,0,0,0,0,0,0,0,0,1,0,0,0,,,,
4|7,0,0,0,0,0,0,0,0,0,0,0,1,0,0,0,0,,,,
10|46,0,0,0,0,0,0,0,0,0,0,0,0,0,0,0,0,,,,
102|74,0,0,0,0,0,0,0,0,0,0,0,1,0,0,0,0,0|0#1|0#2|0#3|2#4|1#5|0#6|0#7|0#8|0#9|0#10|0#11|0#12|0,0|0#1|0#2|0#3|2#4|0#5|0#6|1#7|0#8|0#9|0#10|0#11|0#12|0,0|0#1|0#2|0#3|2#4|0#5|0#6|0#7|0#8|0#9|0#10|0#11|0#12|0,0|0#1|0#2|0#3|1#4|0#5|0#6|0#7|0#8|0#9|0#10|1#11|0#12|0
28|142,0,0,0,0,0,0,0,0,0,0,0,0,0,0,0,0,,,,
71|6,0,0,0,0,0,0,0,0,0,0,0,0,0,0,0,0,,,,
0|89,0,0,0,0,0,0,0,0,0,0,0,0,0,0,0,0,,,,
22|88,0,0,0,0,0,0,0,0,0,0,0,0,0,0,0,0,,,,
50|93,0,1,0,0,0,0,0,0,0,0,0,0,0,0,0,0,,,,
100|49,16,13,11,2,5,2,1,2,8,9,8,73,23,2,0,0,0|0#1|0#2|0#3|1#4|2#5|2#6|2#7|2#8|2#9|2#10|2#11|2#12|0,0|0#1|0#2|0#3|0#4|0#5|1#6|1#7|1#8|1#9|0#10|1#11|1#12|0,0|0#1|0#2|0#3|2#4|2#5|2#6|2#7|2#8|2#9|2#10|2#11|2#12|0,0|0#1|0#2|0#3|0#4|0#5|1#6|1#7|2#8|0#9|0#10|0#11|2#12|0
104|3,0,0,0,0,0,0,0,0,0,0,0,0,0,0,0,0,,,,
118|143,0,0,0,0,0,0,0,0,0,0,0,0,0,0,0,0,,,,
130|1,0,0,0,0,0,0,0,0,0,0,0,0,0,0,0,0,,,,
89|45,0,0,0,0,0,0,0,0,0,0,0,15,5,1,0,0,0|0#1|0#2|0#3|0#4|0#5|0#6|0#7|0#8|0#9|0#10|0#11|0#12|0,0|0#1|0#2|0#3|0#4|0#5|0#6|0#7|0#8|0#9|0#10|0#11|0#12|0,0|0#1|0#2|0#3|0#4|0#5|0#6|0#7|0#8|0#9|0#10|0#11|0#12|0,0|0#1|0#2|0#3|0#4|0#5|0#6|0#7|0#8|0#9|0#10|0#11|0#12|0
45|8,1,3,1,0,0,2,0,5,1,0,0,0,2,0,0,0,,,,
96|14,0,0,0,0,0,0,0,0,0,0,0,1,0,0,0,0,,,,
2|105,0,0,0,0,0,0,0,0,0,0,0,0,0,0,0,0,,,,
12|71,0,0,0,0,0,0,0,0,0,0,0,0,0,0,0,0,,,,
31|82,0,0,0,0,0,0,0,0,0,0,0,0,0,0,0,0,,,,
11|108,0,0,0,0,0,0,0,0,0,0,0,0,0,0,0,0,,,,
101|109,0,0,0,0,0,0,0,0,0,0,0,0,0,0,0,0,,,,
140|96,0,0,0,0,0,0,0,0,0,0,0,0,0,0,0,0,,,,
41|99,0,0,0,0,0,0,0,0,0,0,0,0,0,0,0,0,,,,
121|85,0,0,1,0,0,0,0,0,0,0,0,13,0,0,0,0,0|0#1|0#2|0#3|0#4|0#5|0#6|0#7|0#8|0#9|0#10|0#11|0#12|0,0|0#1|0#2|0#3|0#4|0#5|0#6|0#7|0#8|0#9|0#10|0#11|0#12|0,0|0#1|0#2|0#3|0#4|0#5|0#6|0#7|0#8|0#9|0#10|0#11|0#12|0,0|0#1|0#2|0#3|0#4|0#5|0#6|0#7|0#8|0#9|0#10|0#11|0#12|0
