114|119,0,0,0,0,0,0,0,0,0,0,0,0,0,0,0,0,,,,
24|118,0,0,0,0,0,0,0,0,0,0,0,0,0,0,0,0,,,,
89|104,0,0,0,0,0,1,0,0,0,0,0,0,0,0,0,0,0|0#1|0#2|0#3|0#4|0#5|0#6|0#7|0#8|0#9|0#10|0#11|0#12|0,,0|0#1|0#2|0#3|0#4|0#5|0#6|0#7|0#8|0#9|0#10|0#11|0#12|0,
1|111,0,0,0,0,0,0,0,0,0,0,0,0,0,0,0,0,,,,
102|97,0,0,0,0,0,0,1,1,0,0,0,0,0,0,0,0,,,,
127|106,0,0,0,0,0,0,0,0,0,0,0,0,0,0,0,0,,,,
62|113,0,0,0,0,0,0,0,0,0,0,0,0,0,0,0,0,,,,
77|26,0,0,0,0,0,0,0,0,0,0,0,0,0,0,0,0,0|0#1|0#2|0#3|0#4|0#5|0#6|0#7|0#8|0#9|0#10|0#11|0#12|0,0|0#1|0#2|0#3|0#4|0#5|0#6|0#7|0#8|0#9|0#10|0#11|0#12|0,0|0#1|0#2|0#3|0#4|0#5|0#6|0#7|0#8|0#9|0#10|0#11|0#12|0,0|0#1|0#2|0#3|0#4|0#5|0#6|0#7|0#8|0#9|0#10|0#11|0#12|0
148|18,0,0,0,0,0,0,0,0,0,0,0,0,0,0,0,0,,,,
113|102,0,0,0,0,0,0,0,0,0,0,0,4,0,0,0,0,,,,
89|68,0,0,0,0,0,0,0,0,0,0,0,0,0,0,0,0,0|0#1|0#2|0#3|2#4|2#5|2#6|2#7|2#8|2#9|3#10|2#11|2#12|0,0|0#1|0#2|0#3|0#4|2#5|2#6|2#7|2#8|2#9|2#10|1#11|2#12|0,0|0#1|0#2|0#3|2#4|3#5|2#6|2#7|2#8|2#9|2#10|2#11|2#12|0,0|0#1|0#2|0#3|2#4|2#5|2#6|2#7|2#8|2#9|2#10|2#11|2#12|0
96|37,0,0,0,0,0,0,0,0,0,0,0,0,0,0,0,0,0|0#1|0#2|0#3|0#4|0#5|0#6|0#7|0#8|0#9|0#10|0#11|0#12|0,0|0#1|0#2|0#3|0#4|0#5|0#6|0#7|0#8|0#9|0#10|0#11|0#12|0,0|0#1|0#2|0#3|0#4|0#5|0#6|0#7|0#8|0#9|0#10|0#11|0#12|0,0|0#1|0#2|0#3|0#4|0#5|0#6|0#7|0#8|0#9|0#10|0#11|0#12|0
43|6,0,0,0,0,0,0,0,0,0,0,0,0,0,0,0,0,,,,
2|5,0,0,0,0,0,0,0,0,0,0,0,0,0,0,0,0,,,,
152|114,0,0,0,0,0,0,0,0,0,0,0,0,0,0,0,0,,,,
102|1,0,0,0,0,0,0,0,0,0,0,0,0,0,0,0,0,,,,
100|115,0,0,0,0,0,0,0,0,0,0,0,0,0,0,0,0,,,,
17|8,0,0,0,0,0,0,0,0,0,0,0,0,0,0,0,0,,,,
79|51,0,0,0,0,0,0,0,0,0,0,0,2,0,0,1,0,0|0#1|0#2|0#3|0#4|0#5|0#6|0#7|0#8|0#9|0#10|0#11|0#12|0,,0|0#1|0#2|0#3|0#4|0#5|0#6|0#7|0#8|0#9|0#10|0#11|0#12|0,
75|100,0,0,0,0,0,0,0,0,0,0,0,0,0,0,0,0,,,,
111|91,0,0,0,0,0,0,0,0,0,0,0,0,0,0,0,0,,,,
98|62,161,65,274,3,47,40,31,35,50,53,116,227,52,8,0,0,0|0#1|0#2|0#3|4#4|4#5|4#6|4#7|4#8|4#9|4#10|4#11|4#12|0,0|0#1|0#2|0#3|4#4|4#5|4#6|4#7|4#8|4#9|4#10|4#11|4#12|0,0|0#1|0#2|0#3|4#4|4#5|4#6|4#7|4#8|4#9|4#10|4#11|4#12|0,0|0#1|0#2|0#3|4#4|4#5|4#6|4#7|4#8|4#9|4#10|4#11|4#12|0
58|15,1,0,0,0,0,0,0,2,1,0,0,0,1,0,0,0,,,,
86|20,0,0,0,0,0,0,0,0,0,0,0,0,0,0,0,0,,,,
23|101,0,0,0,0,0,0,0,0,0,0,0,0,0,0,0,0,,,,
2|128,0,0,0,0,0,0,0,0,0,0,0,0,0,0,0,0,,,,
37|105,0,0,0,0,0,0,0,0,0,0,0,0,0,0,0,0,,,,
10|69,0,0,0,0,0,0,0,0,0,0,0,0,0,0,0,0,,,,
12|94,0,0,0,0,0,0,0,0,0,0,0,0,0,0,0,0,,,,
10|114,0,0,0,0,0,0,0,0,0,0,0,0,0,0,0,0,,,,
76|117,0,0,0,0,0,0,0,0,0,0,0,0,0,0,0,0,,,,
