48|14,0,0,0,0,0,0,0,0,0,0,0,0,0,0,0,0,,,,
98|78,2,1,13,2,0,0,2,2,0,0,0,9,0,0,0,0,,,,
62|129,0,0,0,0,0,0,0,0,0,0,0,0,0,0,0,0,,,,
61|112,0,0,0,0,0,0,0,0,0,0,0,0,0,0,0,0,,,,
138|17,0,0,0,0,0,0,0,0,0,0,0,0,0,0,0,0,,,,
86|36,0,0,0,0,0,0,0,0,0,0,0,0,0,0,0,0,,,,
23|117,0,0,0,0,0,0,0,0,0,0,0,0,0,0,0,0,,,,
36|104,0,0,0,0,0,0,0,0,0,0,0,0,0,0,0,0,,,,
0|110,0,0,0,0,0,0,0,0,0,0,0,0,0,0,0,0,,,,
88|103,4,4,23,0,0,5,2,4,2,0,3,0,0,0,0,0,,,,
112|101,0,0,0,0,0,0,0,4,0,0,0,0,0,0,0,0,,,,0|0#1|0#2|0#3|0#4|0#5|0#6|0#7|0#8|0#9|0#10|0#11|0#12|0
147|11,0,0,0,0,0,0,0,0,0,0,0,0,0,0,0,0,,,,
69|50,0,0,0,0,0,0,0,0,0,0,0,0,0,0,0,0,,0|0#1|0#2|0#3|0#4|0#5|0#6|0#7|0#8|0#9|0#10|0#11|0#12|0,,0|0#1|0#2|0#3|0#4|0#5|0#6|0#7|0#8|0#9|0#10|0#11|0#12|0
67|25,0,0,0,0,0,0,0,0,0,0,0,0,0,0,0,0,,,,
75|116,0,0,0,0,0,0,0,0,0,0,0,0,0,0,0,0,,,,
126|105,0,0,0,0,0,0,0,0,0,0,0,2,0,0,0,0,,,,
137|6,0,0,0,0,0,0,0,0,0,0,0,0,0,0,0,0,,,,
79|67,26,26,72,12,6,5,7,9,3,2,31,10,8,1,0,0,0|0#1|0#2|0#3|2#4|2#5|2#6|3#7|2#8|2#9|2#10|2#11|2#12|0,0|0#1|0#2|0#3|2#4|2#5|2#6|2#7|2#8|2#9|2#10|2#11|1#12|0,0|0#1|0#2|0#3|2#4|2#5|3#6|2#7|2#8|2#9|2#10|2#11|2#12|0,0|0#1|0#2|0#3|2#4|1#5|2#6|2#7|2#8|2#9|2#10|1#11|2#12|0
151|113,0,0,0,0,0,0,0,0,0,0,0,0,0,0,0,0,,,,
113|118,0,1,6,0,3,0,5,1,0,0,2,1,0,0,0,0,,,,
95|30,0,0,0,0,0,0,0,0,0,0,0,0,0,0,0,0,,,,
1|127,0,0,0,0,0,0,0,0,0,0,0,0,0,0,0,0,,,,
22|100,0,0,0,0,0,0,0,0,0,0,0,0,0,0,0,0,,,,
101|90,0,0,0,0,0,0,0,0,0,0,0,0,0,0,0,0,,,,
88|61,3,2,3,1,2,5,2,13,2,0,2,7,1,0,0,0,0|0#1|0#2|0#3|3#4|2#5|2#6|2#7|2#8|2#9|2#10|2#11|2#12|0,0|0#1|0#2|0#3|2#4|1#5|1#6|2#7|1#8|1#9|2#10|1#11|1#12|0,0|0#1|0#2|0#3|3#4|2#5|2#6|2#7|2#8|2#9|2#10|2#11|2#12|0,0|0#1|0#2|0#3|2#4|1#5|1#6|1#7|1#8|1#9|2#10|1#11|1#12|0
