79|5,1,0,1,0,1,1,1,0,0,0,1,2,1,0,0,0,,,,
73|74,0,0,0,0,0,0,0,0,0,0,0,0,0,0,0,0,,,,
18|105,0,0,0,0,0,0,0,0,0,0,0,0,0,0,0,0,,,,
23|10,0,0,0,0,0,0,0,0,0,0,0,1,1,0,0,0,,,,
47|94,0,0,0,0,0,0,0,0,0,0,0,0,0,0,0,0,,,,
33|27,0,0,0,0,0,0,0,0,0,0,0,0,0,0,1,0,,,0|0#1|0#2|0#3|0#4|0#5|0#6|0#7|0#8|0#9|0#10|0#11|0#12|0,
113|13,0,0,0,0,0,0,0,0,0,0,0,0,0,0,0,0,,,,
57|117,0,0,0,0,0,0,0,0,0,0,0,0,0,0,0,0,,,,
61|32,0,0,0,0,0,0,0,0,0,0,0,0,0,0,0,0,,,,
96|129,0,0,0,0,0,0,0,0,0,0,0,0,0,0,0,0,,,,
118|86,12,6,18,4,4,6,3,2,1,2,2,17,3,0,0,0,0|0#1|0#2|0#3|0#4|0#5|0#6|0#7|0#8|0#9|0#10|0#11|0#12|0,0|0#1|0#2|0#3|0#4|0#5|0#6|0#7|0#8|0#9|0#10|0#11|0#12|0,0|0#1|0#2|0#3|0#4|0#5|0#6|0#7|0#8|0#9|0#10|0#11|0#12|0,0|0#1|0#2|0#3|0#4|0#5|0#6|0#7|0#8|0#9|0#10|0#11|0#12|0
151|35,0,0,0,0,0,0,0,0,0,0,0,0,0,0,0,0,,,,
35|52,0,0,0,0,0,0,0,0,0,0,0,0,0,0,0,0,,,,
132|24,0,0,0,0,0,0,0,0,0,0,0,0,0,0,0,0,,,,
30|126,0,0,0,0,0,0,0,0,0,0,0,0,0,0,0,0,,,,
146|101,0,0,0,0,0,0,0,0,0,0,0,0,0,0,0,0,0|0#1|0#2|0#3|0#4|0#5|0#6|0#7|0#8|0#9|0#10|0#11|0#12|0,,,
42|21,0,0,0,0,0,0,0,0,0,0,0,0,0,0,0,0,,,,
146|91,0,0,0,0,0,0,0,0,0,0,0,0,0,0,0,0,,,,
133|114,6,5,0,0,0,0,0,4,1,0,3,0,0,0,0,0,,,,
4|59,0,0,0,0,0,0,0,0,0,0,0,0,0,0,0,0,,,,
9|102,0,0,0,0,0,0,0,0,0,0,0,0,0,0,0,0,,,,
127|80,0,0,0,0,0,0,1,2,1,0,0,1,0,0,0,0,,,,
43|113,0,0,0,0,0,0,0,0,0,0,0,0,2,0,0,0,,,,
80|43,0,0,0,0,0,0,0,0,0,0,0,0,0,0,0,0,0|0#1|0#2|0#3|0#4|0#5|0#6|0#7|0#8|0#9|0#10|0#11|0#12|0,0|0#1|0#2|0#3|0#4|0#5|0#6|0#7|0#8|0#9|0#10|0#11|0#12|0,,0|0#1|0#2|0#3|0#4|0#5|0#6|0#7|0#8|0#9|0#10|0#11|0#12|0
137|97,0,0,0,0,0,0,0,0,0,0,0,0,0,0,0,0,,,,
138|0,0,0,0,0,0,0,0,0,0,0,0,0,0,0,0,0,,,,
95|112,0,0,0,0,0,0,0,0,0,0,0,0,0,0,0,0,,,,
104|19,0,0,0,0,0,0,0,0,0,0,0,0,0,0,0,0,,,,
52|38,0,0,0,0,0,0,0,0,0,0,0,0,0,0,0,0,,,,
1|11,0,0,0,0,0,0,0,0,0,0,0,0,0,0,0,0,,,,
125|55,0,0,0,0,0,0,0,0,0,0,0,0,0,0,0,0,,,,
54|63,3,0,1,0,0,0,0,4,1,0,2,0,1,0,0,0,,,,
111|9,0,0,0,0,0,0,0,0,0,0,0,0,0,0,0,0,,,,
82|125,0,0,0,0,0,0,0,0,0,0,0,0,0,0,0,0,,,,
144|66,1,0,0,0,0,0,0,0,0,0,0,4,4,0,0,0,0|0#1|0#2|0#3|0#4|0#5|0#6|0#7|0#8|0#9|0#10|0#11|0#12|0,0|0#1|0#2|0#3|0#4|0#5|0#6|0#7|0#8|0#9|0#10|0#11|0#12|0,0|0#1|0#2|0#3|0#4|0#5|0#6|0#7|0#8|0#9|0#10|0#11|0#12|0,0|0#1|0#2|0#3|0#4|0#5|0#6|0#7|0#8|0#9|0#10|0#11|0#12|0
56|100,118,37,298,0,9,14,12,36,13,10,42,6,15,1,0,0,0|0#1|0#2|0#3|0#4|0#5|2#6|2#7|2#8|2#9|0#10|0#11|0#12|0,0|0#1|0#2|0#3|0#4|0#5|2#6|2#7|2#8|2#9|0#10|0#11|0#12|0,0|0#1|0#2|0#3|0#4|1#5|2#6|2#7|2#8|1#9|0#10|0#11|0#12|0,0|0#1|0#2|0#3|0#4|1#5|2#6|2#7|2#8|1#9|0#10|0#11|0#12|0
108|106,0,0,0,0,0,0,0,0,0,0,0,0,0,0,0,0,,,,
28|83,0,0,0,0,0,0,0,0,0,0,0,0,0,0,0,0,,,,
16|41,0,0,0,0,0,0,0,0,0,0,0,0,0,0,0,0,,,,
120|127,0,0,0,0,0,0,0,0,0,0,0,0,0,0,0,0,,,,
92|85,0,0,0,0,0,0,0,0,1,0,0,6,0,0,0,0,0|0#1|0#2|0#3|0#4|0#5|0#6|0#7|0#8|0#9|1#10|0#11|1#12|0,0|0#1|0#2|0#3|0#4|0#5|0#6|0#7|0#8|0#9|0#10|0#11|0#12|0,0|0#1|0#2|0#3|0#4|0#5|0#6|0#7|0#8|0#9|1#10|1#11|1#12|0,0|0#1|0#2|0#3|0#4|0#5|0#6|0#7|0#8|0#9|0#10|0#11|0#12|0
6|84,0,0,0,0,0,0,0,0,0,0,0,0,0,0,0,0,,,,
14|16,0,0,0,0,0,0,0,0,0,0,0,0,0,0,0,0,,,,
106|44,0,2,0,0,0,0,0,1,0,0,0,0,0,0,0,0,,,,
71|49,2,0,33,1,2,2,2,4,3,1,5,7,0,0,0,0,0|0#1|0#2|0#3|0#4|0#5|0#6|0#7|0#8|0#9|0#10|0#11|0#12|0,0|0#1|0#2|0#3|0#4|0#5|0#6|0#7|0#8|0#9|0#10|0#11|0#12|0,0|0#1|0#2|0#3|0#4|0#5|0#6|0#7|0#8|0#9|0#10|0#11|0#12|0,0|0#1|0#2|0#3|0#4|0#5|0#6|0#7|0#8|0#9|0#10|0#11|0#12|0
19|89,0,0,0,0,0,0,0,0,0,0,0,0,0,0,0,0,,,,
26|58,0,0,0,0,0,0,0,0,0,0,0,0,0,0,0,0,,,,
45|69,0,0,0,0,0,1,0,0,0,0,0,0,0,0,0,0,,,,
147|118,0,0,0,0,0,0,0,0,0,0,0,0,0,0,0,0,,,,
