49|36,0,0,0,0,0,0,0,0,0,0,0,0,0,0,0,0,,,,
38|137,0,0,0,0,0,0,0,0,0,0,0,0,0,0,0,0,,,,
68|47,3,0,4,0,0,0,0,1,1,0,0,12,0,0,0,0,,,,
76|132,1,2,0,0,0,0,1,0,0,0,1,0,0,0,0,0,,,,
101|147,0,0,0,0,0,0,0,0,0,0,0,0,0,0,0,0,,,,
145|3,0,0,0,0,0,0,0,0,0,0,0,0,0,0,0,0,,,,
139|39,0,0,0,0,0,0,0,0,0,0,0,0,0,0,0,0,,,,
63|145,0,0,0,0,0,0,0,0,0,0,0,0,0,0,0,0,,,,
24|133,0,0,0,0,0,0,0,0,0,0,0,0,0,0,0,0,,,,
100|87,0,0,0,0,0,0,0,0,0,0,0,0,0,0,0,0,,,,
96|52,0,1,0,1,1,2,0,1,1,0,0,1,1,0,0,0,0|0#1|0#2|0#3|4#4|4#5|4#6|3#7|3#8|3#9|4#10|3#11|3#12|0,0|0#1|0#2|0#3|2#4|2#5|2#6|2#7|2#8|2#9|2#10|2#11|2#12|0,0|0#1|0#2|0#3|3#4|4#5|3#6|3#7|3#8|3#9|3#10|3#11|4#12|0,0|0#1|0#2|0#3|2#4|2#5|2#6|2#7|2#8|2#9|2#10|2#11|2#12|0
128|138,0,0,0,0,0,0,0,0,0,0,0,0,0,0,0,0,,,,
87|58,0,0,19,0,0,1,0,2,0,0,1,10,0,0,0,0,0|0#1|0#2|0#3|1#4|0#5|1#6|1#7|1#8|1#9|1#10|0#11|1#12|0,0|0#1|0#2|0#3|0#4|0#5|0#6|0#7|0#8|0#9|0#10|0#11|0#12|0,0|0#1|0#2|0#3|1#4|1#5|1#6|1#7|1#8|2#9|1#10|1#11|0#12|0,0|0#1|0#2|0#3|0#4|0#5|0#6|0#7|0#8|0#9|0#10|0#11|0#12|0
89|83,0,0,0,0,0,0,0,0,0,0,0,0,1,0,0,0,,,,
10|84,0,0,0,0,0,0,0,0,0,0,0,0,0,0,0,0,,,,
84|10,0,0,0,0,0,0,0,0,0,0,0,0,0,0,0,0,,,,
114|134,0,0,0,1,0,0,0,0,1,0,0,8,1,0,0,0,,,,
127|121,1,0,0,0,0,0,0,0,0,0,0,2,0,0,0,0,,,,
100|130,0,0,0,0,0,0,0,0,0,0,0,0,0,0,0,0,,,,
129|22,0,0,0,0,0,0,0,0,0,0,0,0,0,0,0,0,,,,
86|8,0,0,0,0,0,0,0,0,0,0,0,0,0,0,0,0,,,,
75|16,0,0,0,0,0,0,0,0,0,0,0,0,0,0,0,0,,,,
58|30,0,0,0,0,0,0,0,0,0,0,0,0,0,0,0,0,,,,
8|26,0,0,0,0,0,0,0,0,0,0,0,0,0,0,0,0,,,,
77|41,0,0,0,0,0,0,0,0,0,0,0,0,0,0,0,0,,,,
11|146,0,0,0,0,0,0,0,0,0,0,0,0,0,0,0,0,,,,
2|143,0,0,0,0,0,0,0,0,0,0,0,0,0,0,0,0,,,,
119|5,0,0,0,0,0,0,0,0,0,0,0,0,0,0,0,0,,,,
37|120,0,0,0,0,0,0,0,0,0,0,0,0,0,0,0,0,,,,
94|27,0,0,0,0,0,0,0,0,0,0,0,0,0,0,0,0,,,,
148|33,0,0,0,0,0,0,0,0,0,0,0,0,0,0,0,0,,,,
