78|82,0,0,0,0,0,0,0,0,0,0,0,0,0,0,1,0,0|0#1|0#2|0#3|0#4|0#5|0#6|0#7|0#8|0#9|0#10|0#11|0#12|0,0|0#1|0#2|0#3|0#4|0#5|0#6|0#7|0#8|0#9|0#10|0#11|0#12|0,0|0#1|0#2|0#3|0#4|0#5|0#6|0#7|0#8|0#9|0#10|0#11|0#12|0,
137|32,0,0,0,0,0,0,0,0,0,0,0,0,0,0,0,0,,,,
9|67,0,0,0,0,0,0,0,0,0,0,0,0,0,0,0,0,,,,
48|112,0,0,0,0,0,0,0,0,0,0,0,0,0,0,0,0,,,,
21|121,0,0,0,0,0,0,0,0,0,0,0,0,0,0,0,0,,,,
35|125,0,0,0,0,0,0,0,0,0,0,0,0,0,0,0,0,,,,
49|129,0,0,0,0,0,0,0,0,0,0,0,0,0,0,0,0,,,,
73|120,0,0,0,0,0,0,0,1,1,0,1,0,1,0,0,0,,,,
69|88,0,0,0,0,0,0,0,0,0,0,0,0,0,0,0,0,,,,
85|51,14,8,11,6,3,0,1,7,2,0,9,7,2,0,0,0,0|0#1|0#2|0#3|4#4|3#5|2#6|2#7|3#8|2#9|3#10|3#11|3#12|0,0|0#1|0#2|0#3|2#4|2#5|2#6|2#7|2#8|2#9|2#10|2#11|2#12|0,0|0#1|0#2|0#3|3#4|2#5|2#6|2#7|2#8|3#9|3#10|3#11|3#12|0,0|0#1|0#2|0#3|2#4|2#5|2#6|2#7|2#8|2#9|2#10|2#11|2#12|0
76|57,1,0,6,0,0,1,0,0,1,0,0,2,1,0,1,0,0|0#1|0#2|0#3|0#4|0#5|0#6|0#7|0#8|0#9|0#10|0#11|0#12|0,,0|0#1|0#2|0#3|0#4|0#5|0#6|0#7|0#8|0#9|0#10|0#11|0#12|0,
22|138,0,0,0,0,0,0,0,0,0,0,0,0,0,0,0,0,,,,
60|133,0,0,0,0,0,0,0,0,0,0,0,0,0,0,0,0,,,,
112|139,213,37,844,0,51,18,12,66,40,15,217,33,8,1,0,0,,,,
87|124,0,0,0,0,0,0,0,0,0,0,0,0,0,0,0,0,,,,
149|74,0,0,0,0,0,0,0,0,0,0,0,0,0,0,0,0,,,,
19|24,0,0,0,0,0,0,0,0,1,0,0,0,0,0,0,0,,,,
64|15,0,0,0,0,0,0,0,0,0,0,0,0,0,0,0,0,,,,
66|1,0,0,0,0,0,0,0,0,1,0,0,0,0,0,0,0,,,,
118|21,0,0,0,0,0,0,0,0,0,0,0,0,0,0,0,0,,,,
128|38,0,1,1,2,0,0,0,1,0,0,0,6,1,0,0,0,0|0#1|0#2|0#3|0#4|0#5|0#6|0#7|0#8|0#9|0#10|0#11|0#12|0,,0|0#1|0#2|0#3|0#4|0#5|0#6|0#7|0#8|0#9|0#10|0#11|0#12|0,
147|49,0,0,0,0,0,0,0,0,0,0,0,0,0,0,0,0,,,,
38|35,1,0,3,0,1,1,0,1,0,0,2,1,2,0,0,0,0|0#1|0#2|0#3|0#4|0#5|0#6|0#7|0#8|0#9|0#10|0#11|0#12|0,,0|0#1|0#2|0#3|0#4|0#5|0#6|0#7|0#8|0#9|0#10|0#11|0#12|0,0|0#1|0#2|0#3|0#4|0#5|0#6|0#7|0#8|0#9|0#10|0#11|0#12|0
138|113,0,0,0,0,0,0,0,0,0,0,0,0,0,0,0,0,,,,
92|20,0,0,0,0,0,0,0,0,0,0,0,0,0,0,0,0,,,,
125|126,0,0,0,0,0,0,0,0,0,0,0,0,0,0,0,0,,,,
66|40,0,0,0,0,0,0,0,1,0,0,0,4,0,1,3,0,,,,
74|137,0,0,0,0,0,0,0,0,0,0,0,0,0,0,0,0,,,,
109|27,0,0,0,0,0,0,0,0,0,0,0,0,0,0,0,0,,,,
59|71,1,0,0,0,0,0,0,0,1,0,0,1,1,0,0,0,,,,
150|134,0,0,0,0,0,0,0,0,0,0,0,1,0,0,0,0,,,,
83|26,0,0,0,0,0,0,0,0,0,0,0,0,0,0,0,0,,,,
88|99,125,99,276,8,10,23,6,17,6,9,95,48,30,0,1,0,0|0#1|0#2|0#3|2#4|0#5|0#6|0#7|0#8|1#9|1#10|1#11|0#12|0,0|0#1|0#2|0#3|1#4|0#5|0#6|0#7|0#8|0#9|0#10|0#11|0#12|0,0|0#1|0#2|0#3|2#4|0#5|0#6|0#7|0#8|1#9|0#10|0#11|0#12|0,0|0#1|0#2|0#3|0#4|0#5|0#6|0#7|0#8|0#9|0#10|0#11|0#12|0
95|68,19,23,60,20,5,3,3,5,1,6,17,43,14,0,0,0,0|0#1|0#2|0#3|4#4|4#5|4#6|4#7|4#8|4#9|4#10|4#11|4#12|0,0|0#1|0#2|0#3|4#4|4#5|4#6|4#7|4#8|4#9|4#10|4#11|4#12|0,0|0#1|0#2|0#3|4#4|4#5|4#6|4#7|4#8|4#9|4#10|4#11|4#12|0,0|0#1|0#2|0#3|4#4|4#5|4#6|4#7|4#8|4#9|4#10|4#11|4#12|0
97|93,0,0,0,0,0,0,0,0,0,0,0,0,0,0,0,0,,,,
111|122,0,0,0,0,0,0,0,0,0,0,0,5,0,0,0,0,,,,
57|46,36,16,48,1,5,5,1,12,1,0,13,3,8,0,0,0,0|0#1|0#2|0#3|0#4|0#5|0#6|0#7|0#8|0#9|0#10|0#11|0#12|0,0|0#1|0#2|0#3|0#4|0#5|0#6|0#7|0#8|0#9|0#10|0#11|0#12|0,,0|0#1|0#2|0#3|0#4|0#5|0#6|0#7|0#8|0#9|0#10|0#11|0#12|0
