134|82,0,0,0,0,0,0,0,0,0,0,0,0,0,0,0,0,0|0#1|0#2|0#3|0#4|0#5|0#6|0#7|0#8|0#9|0#10|0#11|0#12|0,0|0#1|0#2|0#3|0#4|0#5|0#6|0#7|0#8|0#9|0#10|0#11|0#12|0,,0|0#1|0#2|0#3|0#4|0#5|0#6|0#7|0#8|0#9|0#10|0#11|0#12|0
80|76,0,2,0,0,0,0,0,0,0,0,0,0,1,0,0,0,0|0#1|0#2|0#3|0#4|0#5|0#6|0#7|0#8|0#9|0#10|0#11|0#12|0,0|0#1|0#2|0#3|0#4|0#5|0#6|0#7|0#8|0#9|0#10|0#11|0#12|0,0|0#1|0#2|0#3|0#4|0#5|1#6|0#7|0#8|0#9|0#10|0#11|0#12|0,0|0#1|0#2|0#3|0#4|0#5|0#6|0#7|0#8|0#9|0#10|0#11|0#12|0
95|145,0,0,0,0,0,0,0,0,0,0,0,0,0,0,0,0,,,,
115|71,0,0,0,0,0,0,0,0,0,0,0,2,0,0,0,0,0|0#1|0#2|0#3|0#4|0#5|0#6|0#7|0#8|0#9|0#10|0#11|0#12|0,,,
146|134,0,0,0,0,0,0,0,0,0,0,0,0,0,0,0,0,,,,
61|65,0,0,0,0,0,0,0,0,0,0,0,0,0,0,0,0,,,,
9|135,0,0,0,0,0,0,0,0,0,0,0,0,0,0,0,0,,,,
81|141,0,0,0,0,0,0,0,0,0,0,0,0,0,0,0,0,,,,
118|8,0,0,0,0,0,0,0,0,0,0,0,0,0,0,0,0,,,,
133|147,0,0,0,0,0,0,0,0,0,0,0,0,0,0,0,0,,,,
151|68,0,0,0,0,0,0,0,0,1,0,0,0,0,0,0,0,,,,
120|15,0,0,0,0,0,0,0,0,0,0,0,0,0,0,0,0,,,,
54|96,0,0,0,0,0,1,0,0,0,0,0,0,1,0,0,0,0|0#1|0#2|0#3|0#4|0#5|0#6|0#7|0#8|0#9|0#10|0#11|0#12|0,,0|0#1|0#2|0#3|0#4|0#5|0#6|0#7|0#8|0#9|0#10|0#11|0#12|0,
144|6,0,0,0,0,0,0,0,0,0,0,0,0,0,0,0,0,,,,
144|99,0,0,0,0,0,0,0,0,0,0,0,0,0,0,0,0,,,,
21|18,0,0,0,0,0,0,0,0,0,0,0,0,0,0,0,0,,,,
16|74,0,0,0,0,0,0,0,0,0,0,0,0,0,0,0,0,,,,
30|12,0,0,0,0,0,0,0,0,0,0,0,0,0,0,0,0,,,,
69|120,0,0,0,0,0,0,0,0,0,0,0,0,0,0,0,0,,,,
17|121,0,0,0,0,0,0,0,0,0,0,0,0,0,0,0,0,,,,
63|90,0,0,0,0,0,0,0,0,0,0,0,0,0,0,0,0,0|0#1|0#2|0#3|0#4|0#5|0#6|0#7|0#8|0#9|0#10|0#11|0#12|0,0|0#1|0#2|0#3|0#4|0#5|0#6|0#7|0#8|0#9|0#10|0#11|0#12|0,0|0#1|0#2|0#3|0#4|0#5|0#6|0#7|0#8|0#9|0#10|0#11|0#12|0,0|0#1|0#2|0#3|0#4|0#5|0#6|0#7|0#8|0#9|0#10|0#11|0#12|0
106|77,2,3,1,2,0,2,0,1,0,0,1,5,5,0,0,0,0|0#1|0#2|0#3|3#4|2#5|2#6|2#7|2#8|2#9|2#10|2#11|2#12|0,0|0#1|0#2|0#3|2#4|2#5|1#6|0#7|1#8|0#9|0#10|1#11|2#12|0,0|0#1|0#2|0#3|2#4|2#5|2#6|2#7|2#8|2#9|2#10|2#11|2#12|0,0|0#1|0#2|0#3|2#4|1#5|0#6|1#7|1#8|0#9|1#10|1#11|2#12|0
132|57,0,0,0,0,0,0,0,0,0,0,0,0,0,0,0,0,,,,
42|54,0,0,0,0,0,0,0,1,1,0,0,0,1,0,0,0,,,,
40|29,0,0,0,0,0,0,0,0,0,0,0,0,0,0,0,0,,,,
56|133,0,0,0,0,0,0,0,0,0,0,0,0,0,0,0,0,,,,
113|46,1,0,0,0,0,0,0,5,0,0,1,3,1,0,0,0,0|0#1|0#2|0#3|0#4|0#5|0#6|0#7|0#8|0#9|0#10|0#11|0#12|0,0|0#1|0#2|0#3|0#4|0#5|0#6|0#7|0#8|0#9|0#10|0#11|0#12|0,0|0#1|0#2|0#3|0#4|1#5|0#6|0#7|0#8|0#9|0#10|0#11|0#12|0,0|0#1|0#2|0#3|0#4|0#5|0#6|0#7|0#8|0#9|0#10|0#11|0#12|0
14|49,0,0,0,0,0,0,0,0,0,0,0,0,0,0,0,0,,,,
18|138,0,0,0,0,0,0,0,0,0,0,0,0,0,0,0,0,,,,
1|44,0,0,0,0,0,0,0,0,0,0,0,0,0,0,0,0,,,,
43|146,0,0,0,0,0,0,0,0,0,0,0,0,0,0,0,0,,,,
125|88,0,0,0,0,0,0,0,0,0,0,0,0,0,0,0,0,,,,
122|40,0,0,0,0,0,0,0,0,0,0,0,0,0,0,0,0,,,,
132|130,2,0,0,0,0,0,0,0,1,0,1,2,1,0,0,0,,,,
23|43,0,0,0,0,0,0,0,0,0,0,0,0,0,0,0,0,,,,
141|51,0,0,0,0,0,0,0,0,0,0,0,0,0,0,0,0,,,,
107|122,0,0,0,0,0,0,0,0,0,0,0,0,0,0,0,0,,,,
14|1,0,0,0,0,0,0,0,0,0,0,0,0,0,0,0,0,,,,
35|85,0,0,0,0,0,0,0,0,0,0,0,0,0,0,0,0,,,,
108|139,0,0,0,0,0,0,0,0,0,0,0,0,0,0,0,0,,,,
