61|29,1,0,1,2,1,1,0,0,0,0,0,0,1,0,0,0,,,,
82|65,28,13,32,2,1,6,1,5,3,1,27,6,6,0,0,0,0|0#1|0#2|0#3|0#4|0#5|0#6|0#7|0#8|0#9|0#10|0#11|0#12|0,0|0#1|0#2|0#3|0#4|0#5|0#6|0#7|0#8|0#9|0#10|0#11|0#12|0,0|0#1|0#2|0#3|0#4|0#5|0#6|0#7|0#8|0#9|0#10|0#11|0#12|0,0|0#1|0#2|0#3|0#4|0#5|0#6|0#7|0#8|0#9|0#10|0#11|0#12|0
75|96,0,1,0,0,0,0,0,0,0,0,0,0,0,0,0,0,0|0#1|0#2|0#3|0#4|0#5|0#6|0#7|0#8|0#9|0#10|0#11|0#12|0,,0|0#1|0#2|0#3|0#4|0#5|0#6|0#7|0#8|0#9|0#10|0#11|0#12|0,
146|88,0,0,0,0,0,0,0,0,0,0,0,0,0,0,0,0,,,,
136|71,0,0,0,0,0,0,0,0,0,0,0,0,0,0,0,0,,,,
56|85,0,0,0,0,0,0,0,0,0,0,0,0,0,0,0,0,0|0#1|0#2|0#3|0#4|0#5|0#6|0#7|0#8|0#9|0#10|0#11|0#12|0,0|0#1|0#2|0#3|0#4|0#5|0#6|0#7|0#8|0#9|0#10|0#11|0#12|0,0|0#1|0#2|0#3|0#4|0#5|0#6|0#7|0#8|0#9|0#10|0#11|0#12|0,0|0#1|0#2|0#3|0#4|0#5|0#6|0#7|0#8|0#9|0#10|0#11|0#12|0
42|18,0,0,0,0,0,0,0,0,0,0,0,0,0,0,0,0,,,,
115|35,0,0,0,0,0,0,0,0,0,0,0,0,0,0,0,0,,,,
136|141,0,0,0,0,0,0,0,0,0,0,0,0,0,0,0,0,,,,
70|23,0,0,1,0,2,3,1,1,5,0,2,0,2,0,0,0,,,,
16|38,0,0,0,0,0,0,0,0,0,0,0,0,0,0,0,0,,,,
35|49,0,0,0,0,0,0,2,1,1,0,0,0,0,0,0,0,,,,
84|90,0,0,0,0,0,0,0,0,0,0,0,0,0,0,0,0,,,,
108|66,5,3,5,11,7,2,2,3,4,1,4,17,11,0,0,0,0|0#1|0#2|0#3|4#4|4#5|4#6|4#7|4#8|4#9|4#10|4#11|4#12|0,0|0#1|0#2|0#3|4#4|4#5|4#6|3#7|3#8|4#9|4#10|4#11|4#12|0,0|0#1|0#2|0#3|4#4|4#5|4#6|4#7|4#8|4#9|4#10|4#11|4#12|0,0|0#1|0#2|0#3|4#4|4#5|3#6|3#7|3#8|4#9|4#10|3#11|4#12|0
44|43,0,0,0,0,0,0,0,0,0,0,0,0,0,0,0,0,,,,
46|140,0,0,0,0,0,0,0,0,0,0,0,0,0,0,0,0,,,,
95|109,0,0,0,0,0,0,0,0,0,0,0,0,0,0,0,0,,,,
97|2,0,0,0,0,0,0,0,0,0,0,0,0,0,0,0,0,,,,
127|77,0,0,0,0,0,0,0,14,0,0,0,0,1,0,0,0,,,,
18|63,0,0,0,0,0,0,0,0,0,0,0,0,0,0,0,0,,,,
143|40,0,0,0,0,0,0,0,0,0,0,0,0,0,0,0,0,,,,
37|74,0,0,0,0,0,1,1,0,4,0,1,0,0,0,0,0,,,,
117|60,0,0,0,0,0,1,0,0,0,0,0,0,1,0,0,0,,,,0|0#1|0#2|0#3|0#4|0#5|0#6|0#7|0#8|0#9|0#10|0#11|0#12|0
103|8,0,0,0,0,0,0,0,0,0,0,0,0,0,0,0,0,,,,
81|105,1,1,0,0,0,0,0,1,0,0,0,0,0,0,0,0,,,,
63|54,0,0,1,2,1,0,1,0,6,0,1,1,1,0,0,0,,,,
141|15,0,0,0,0,0,0,0,0,0,0,0,0,0,0,0,0,,,,
51|12,0,0,0,0,0,0,0,0,0,0,0,0,0,0,0,0,,,,
134|46,0,0,0,0,0,0,0,0,0,0,0,0,0,0,0,0,,,0|0#1|0#2|0#3|0#4|0#5|0#6|0#7|0#8|0#9|0#10|0#11|0#12|0,
25|32,0,0,0,0,0,0,0,0,0,0,0,0,0,0,0,0,,,,
3|33,0,0,0,0,0,0,0,0,0,0,0,0,0,0,0,0,,,,
