63|108,0,0,0,0,0,0,0,0,0,0,0,0,0,0,0,0,,,,
104|140,0,0,0,0,0,0,0,0,0,0,0,0,0,0,0,0,,,,
130|2,0,0,0,0,0,0,0,0,0,0,0,0,0,0,0,0,,,,
45|9,2,0,2,0,0,0,0,1,0,0,0,1,1,0,0,0,,,,
50|94,0,0,0,0,0,0,0,0,0,0,0,0,0,0,0,0,,,,
118|144,0,0,0,0,0,0,0,0,0,0,0,0,0,0,0,0,,,,
10|47,0,0,0,0,0,0,0,0,0,0,0,0,0,0,0,0,,,,
121|86,0,0,0,0,0,0,0,0,0,0,0,9,1,0,0,0,0|0#1|0#2|0#3|0#4|0#5|0#6|0#7|0#8|0#9|0#10|0#11|0#12|0,,0|0#1|0#2|0#3|0#4|0#5|0#6|0#7|0#8|0#9|0#10|0#11|0#12|0,
102|75,0,0,0,0,0,1,0,1,0,0,0,2,0,0,0,0,0|0#1|0#2|0#3|2#4|1#5|0#6|0#7|0#8|0#9|0#10|0#11|0#12|0,0|0#1|0#2|0#3|1#4|0#5|0#6|0#7|0#8|0#9|0#10|0#11|0#12|0,0|0#1|0#2|0#3|2#4|0#5|0#6|0#7|0#8|0#9|0#10|0#11|0#12|0,0|0#1|0#2|0#3|0#4|0#5|0#6|0#7|0#8|0#9|0#10|0#11|0#12|0
71|7,0,0,0,0,0,0,0,0,0,0,0,0,0,0,0,0,,,,
140|97,0,0,0,0,0,0,0,0,0,0,0,0,0,0,0,0,,,,
31|83,0,0,0,0,0,0,0,0,0,0,0,0,0,0,0,0,,,,
130|80,0,0,0,0,0,0,0,0,0,0,0,0,0,0,0,0,,,,
89|46,0,0,0,0,0,1,0,1,0,0,0,9,0,0,0,0,0|0#1|0#2|0#3|0#4|0#5|0#6|0#7|0#8|0#9|0#10|0#11|0#12|0,0|0#1|0#2|0#3|0#4|0#5|0#6|0#7|0#8|0#9|0#10|0#11|0#12|0,0|0#1|0#2|0#3|0#4|0#5|0#6|0#7|0#8|0#9|0#10|0#11|0#12|0,0|0#1|0#2|0#3|0#4|0#5|0#6|0#7|0#8|0#9|0#10|0#11|0#12|0
104|4,0,0,0,0,0,0,0,0,0,0,0,0,0,0,0,0,,,,
11|109,0,0,0,0,0,0,0,0,0,0,0,0,0,0,0,0,,,,
96|15,0,0,0,0,0,0,0,0,0,0,0,9,0,0,0,0,,,,
22|89,0,0,0,0,0,0,0,0,0,0,0,0,0,0,0,0,,,,
4|8,1,4,0,0,0,0,0,2,0,0,0,0,0,0,0,0,,,,
12|72,0,0,0,0,0,0,0,0,0,0,0,0,0,0,0,0,,,,
98|40,0,0,0,0,0,0,0,0,0,0,0,0,0,0,0,0,0|0#1|0#2|0#3|0#4|0#5|0#6|0#7|0#8|0#9|0#10|0#11|0#12|0,,0|0#1|0#2|0#3|0#4|0#5|0#6|0#7|0#8|0#9|0#10|0#11|0#12|0,
28|143,0,0,0,0,0,0,0,0,0,0,0,0,0,0,0,0,,,,
2|106,0,0,0,0,0,0,0,0,0,0,0,0,0,0,0,0,,,,
