46|89,0,0,0,0,0,0,0,1,0,0,0,0,0,0,0,0,,,,
87|0,0,0,0,0,0,0,0,0,0,0,0,0,0,0,0,0,,,,
50|10,0,0,0,0,0,0,0,0,0,0,0,0,0,0,0,0,,,,
45|144,0,0,0,0,0,0,0,0,0,0,0,0,0,0,0,0,,,,
97|143,0,0,0,0,0,0,0,0,0,0,0,0,0,0,0,0,,,,
135|145,0,0,0,0,0,0,0,0,0,0,0,0,0,0,0,0,,,,
114|33,0,0,0,0,0,0,0,0,0,0,0,0,0,0,0,0,,,,
140|13,0,0,0,0,0,0,0,0,0,0,0,0,0,0,0,0,,,,
15|36,0,0,0,0,0,0,0,0,0,0,0,0,0,0,0,0,,,,
72|69,1,0,0,0,0,0,0,1,0,0,0,0,0,0,0,0,,,,
34|47,0,0,0,0,0,0,0,0,0,0,0,0,0,0,0,0,,,,
74|94,0,0,0,0,0,1,0,0,0,0,0,0,0,0,0,0,,,,
131|19,0,0,0,0,0,0,0,0,0,0,0,0,0,0,0,0,,,,
62|52,0,0,0,0,0,1,0,0,0,0,0,0,0,0,0,0,0|0#1|0#2|0#3|0#4|0#5|0#6|0#7|0#8|0#9|0#10|0#11|0#12|0,,0|0#1|0#2|0#3|0#4|0#5|0#6|0#7|0#8|0#9|0#10|0#11|0#12|0,
148|132,0,0,0,0,0,0,0,1,0,0,0,0,0,0,0,0,,,,
109|120,7,1,6,1,4,3,1,3,0,0,5,0,0,0,0,0,,,,
133|44,0,0,0,0,0,0,0,0,1,0,0,0,0,0,0,0,,,,
17|61,0,0,0,0,0,0,0,0,0,0,0,0,0,0,0,0,,,,
60|9,0,0,0,0,0,0,0,0,0,0,0,0,0,0,0,0,,,,
126|75,0,0,0,0,0,0,0,0,0,0,0,0,0,0,0,0,0|0#1|0#2|0#3|0#4|0#5|0#6|0#7|0#8|0#9|0#10|0#11|0#12|0,,0|0#1|0#2|0#3|0#4|0#5|0#6|0#7|0#8|0#9|0#10|0#11|0#12|0,
41|16,0,0,0,0,0,0,0,0,0,0,0,0,0,0,0,0,,,,
43|41,0,0,0,0,0,0,0,0,0,0,0,0,0,0,0,0,,,,
55|83,0,0,0,0,0,0,0,0,0,0,0,0,0,0,0,0,,,,
31|140,0,0,0,0,0,0,0,0,0,0,0,0,0,0,0,0,,,,
105|39,0,0,0,0,0,0,0,0,0,0,0,0,0,0,0,0,,,,
60|27,0,0,0,0,0,0,0,0,0,0,0,0,0,0,0,0,0|0#1|0#2|0#3|0#4|0#5|0#6|0#7|0#8|0#9|0#10|0#11|0#12|0,,0|0#1|0#2|0#3|0#4|0#5|0#6|0#7|0#8|0#9|0#10|0#11|0#12|0,
24|30,0,0,0,0,0,0,0,0,0,0,0,0,0,0,0,0,,,,
2|31,0,0,0,0,0,0,0,0,0,0,0,0,0,0,0,0,,,,
36|72,0,0,0,0,0,0,0,0,0,0,0,0,0,0,0,0,,,,
152|55,0,0,0,0,0,0,0,0,0,0,0,0,0,0,0,0,,,,
5|79,0,0,0,0,0,0,0,0,0,0,0,0,0,0,0,0,,,,
107|64,0,0,0,0,0,2,0,0,2,0,0,0,0,0,0,0,0|0#1|0#2|0#3|3#4|2#5|2#6|2#7|2#8|2#9|2#10|2#11|2#12|0,0|0#1|0#2|0#3|2#4|2#5|1#6|2#7|1#8|2#9|1#10|1#11|2#12|0,0|0#1|0#2|0#3|3#4|2#5|2#6|2#7|2#8|2#9|2#10|2#11|2#12|0,0|0#1|0#2|0#3|2#4|2#5|1#6|1#7|1#8|2#9|1#10|2#11|2#12|0
145|86,0,0,0,0,0,0,0,0,0,0,0,0,0,0,0,0,0|0#1|0#2|0#3|0#4|0#5|0#6|0#7|0#8|0#9|0#10|0#11|0#12|0,,,
80|109,0,0,0,0,0,0,0,0,0,0,0,0,0,0,0,0,,,,
53|58,0,0,0,0,0,0,0,0,0,0,0,0,0,0,0,0,,,,
27|78,0,0,0,0,0,0,0,0,0,0,0,0,0,0,0,0,,,,
58|131,0,0,0,0,0,0,0,0,0,0,0,0,0,0,0,0,,,,
121|141,0,0,0,0,0,0,0,0,0,0,0,0,0,0,0,0,,,,
81|63,0,0,0,0,0,0,1,0,1,0,0,0,0,0,0,0,0|0#1|0#2|0#3|0#4|0#5|0#6|0#7|0#8|0#9|0#10|0#11|0#12|0,0|0#1|0#2|0#3|0#4|0#5|0#6|0#7|0#8|0#9|0#10|0#11|0#12|0,0|0#1|0#2|0#3|0#4|0#5|0#6|0#7|0#8|0#9|0#10|0#11|0#12|0,0|0#1|0#2|0#3|0#4|0#5|0#6|0#7|0#8|0#9|0#10|0#11|0#12|0
