99|6,0,0,0,0,0,0,0,0,0,0,0,0,0,0,0,0,,,,
8|85,0,0,0,0,0,0,0,0,0,0,0,0,0,0,0,0,,,,
139|98,0,0,0,0,0,0,0,0,0,0,0,0,0,0,0,0,,,,
136|120,0,0,0,0,0,0,0,0,0,0,0,0,0,0,0,0,,,,
99|135,0,3,0,0,0,0,0,5,0,0,0,1,0,0,0,0,,,,
108|45,0,0,0,0,0,0,0,0,0,0,0,0,0,0,0,0,0|0#1|0#2|0#3|0#4|0#5|0#6|0#7|0#8|0#9|0#10|0#11|0#12|0,,,
136|50,0,0,0,0,0,0,0,0,0,0,0,0,0,0,0,0,,,,
33|132,0,0,0,0,0,0,0,0,0,0,0,0,0,0,0,0,,,,
85|131,0,0,0,0,0,0,0,0,0,0,0,0,0,0,0,0,,,,
123|133,0,0,0,0,0,0,0,0,0,0,0,0,0,0,0,0,,,,
127|56,0,0,0,0,0,0,0,0,0,0,0,0,0,0,0,0,,,,
20|145,0,0,0,0,0,0,0,0,0,0,0,0,0,0,0,0,,,,
148|92,0,0,0,0,0,0,0,0,0,0,0,0,0,0,0,0,,,,
75|75,0,0,0,0,0,0,0,0,0,0,2,0,0,0,0,0,,,,
25|11,0,0,0,0,0,0,0,0,0,0,0,0,0,0,0,0,,,,
47|136,0,0,0,0,0,0,0,0,0,0,0,0,0,0,0,0,,,,
146|67,0,0,0,0,0,0,0,0,0,0,0,2,0,0,0,0,,,,0|0#1|0#2|0#3|0#4|0#5|0#6|0#7|0#8|0#9|0#10|0#11|0#12|0
3|12,0,0,0,0,0,0,0,0,0,0,0,0,0,0,0,0,,,,
129|81,0,0,0,0,0,0,0,0,0,0,0,0,0,0,0,0,,,,
80|19,0,0,0,0,0,0,0,0,0,0,0,0,0,0,0,0,,,,
18|42,0,0,0,0,0,0,0,2,0,0,0,0,0,0,0,0,,,,
16|17,0,0,0,0,0,0,0,0,0,0,0,0,0,0,0,0,,,,
134|25,0,0,0,0,0,0,0,0,0,0,0,0,0,0,0,0,,,,
28|59,0,0,0,0,0,0,0,0,0,0,0,0,0,0,0,0,,,,
44|22,0,0,0,0,0,0,0,0,0,0,0,0,1,0,0,0,,,,
35|28,0,0,0,0,0,0,0,0,0,0,0,0,0,0,0,0,,,,
94|86,23,11,82,6,5,4,4,9,5,1,19,8,12,0,0,0,0|0#1|0#2|0#3|0#4|0#5|0#6|0#7|0#8|0#9|0#10|0#11|0#12|0,0|0#1|0#2|0#3|0#4|0#5|0#6|0#7|0#8|0#9|0#10|0#11|0#12|0,0|0#1|0#2|0#3|0#4|0#5|0#6|0#7|0#8|0#9|0#10|0#11|0#12|0,0|0#1|0#2|0#3|0#4|0#5|0#6|0#7|0#8|0#9|0#10|0#11|0#12|0
37|53,0,0,0,0,0,0,0,0,0,0,0,0,0,0,0,0,,,,
82|44,0,1,0,0,0,0,0,0,0,0,0,0,0,0,0,0,,0|0#1|0#2|0#3|0#4|0#5|0#6|0#7|0#8|0#9|0#10|0#11|0#12|0,,0|0#1|0#2|0#3|0#4|0#5|0#6|0#7|0#8|0#9|0#10|0#11|0#12|0
115|14,0,0,0,0,0,0,0,0,0,0,0,0,0,0,0,0,,,,
72|144,0,0,0,0,0,0,0,0,0,0,0,0,0,0,0,0,,,,
54|39,0,0,0,0,0,0,0,0,0,0,0,0,0,0,0,0,,,,
63|33,0,0,0,0,0,0,0,0,0,0,0,1,0,0,0,0,,,,0|0#1|0#2|0#3|0#4|0#5|0#6|0#7|0#8|0#9|0#10|0#11|0#12|0
56|64,0,0,0,0,0,0,0,0,0,0,0,0,0,0,0,0,,,,
110|146,0,0,0,0,2,1,0,0,2,0,0,1,0,0,0,0,,,,
49|95,0,0,0,0,0,0,0,0,0,0,0,0,0,0,0,0,,,,
137|137,0,0,0,0,0,0,0,0,0,0,0,0,0,0,0,0,,,,
