32|40,0,0,0,0,0,0,0,0,0,0,0,0,0,0,0,0,,,,
16|77,0,0,0,0,0,0,0,0,0,0,0,0,0,0,0,0,,,,
132|133,0,0,0,0,0,0,0,0,0,0,0,0,0,0,0,0,,,,
3|72,0,0,0,0,0,0,0,0,0,0,0,0,0,0,0,0,,,,
42|132,0,0,0,0,0,0,0,0,0,0,0,0,0,0,0,0,,,,
1|47,0,0,0,0,0,0,0,0,0,0,0,0,0,0,0,0,,,,
25|71,0,0,0,0,0,0,0,0,0,0,0,0,0,0,0,0,,,,
61|68,0,0,0,0,0,0,0,0,0,0,0,0,0,0,0,0,,,,
14|4,0,0,1,0,0,0,0,0,0,0,1,0,0,0,0,0,,,,
42|57,0,0,0,0,0,0,0,0,0,0,0,0,0,0,0,0,0|0#1|0#2|0#3|0#4|0#5|0#6|0#7|0#8|0#9|0#10|0#11|0#12|0,,0|0#1|0#2|0#3|0#4|0#5|0#6|0#7|0#8|0#9|0#10|0#11|0#12|0,
146|137,0,0,0,0,0,1,0,1,5,0,0,2,1,0,0,0,,,,
51|51,0,0,0,0,0,0,0,2,0,0,0,0,0,0,1,0,,,,
69|123,0,0,0,0,0,0,0,0,0,0,0,0,0,0,0,0,,,,
134|85,93,74,433,5,15,29,24,25,23,5,67,8,17,1,0,0,0|0#1|0#2|0#3|0#4|0#5|0#6|0#7|0#8|0#9|0#10|0#11|0#12|0,0|0#1|0#2|0#3|0#4|0#5|0#6|0#7|0#8|0#9|0#10|0#11|0#12|0,0|0#1|0#2|0#3|0#4|0#5|0#6|0#7|0#8|0#9|0#10|0#11|0#12|0,
80|79,0,0,0,0,0,0,0,8,0,0,0,1,0,0,0,0,0|0#1|0#2|0#3|0#4|0#5|0#6|1#7|2#8|2#9|2#10|1#11|2#12|0,0|0#1|0#2|0#3|0#4|0#5|1#6|1#7|1#8|1#9|1#10|1#11|0#12|0,0|0#1|0#2|0#3|0#4|0#5|0#6|1#7|2#8|2#9|1#10|1#11|2#12|0,0|0#1|0#2|0#3|0#4|1#5|0#6|1#7|1#8|1#9|1#10|0#11|0#12|0
40|2,0,0,0,0,0,0,0,0,0,0,0,0,0,0,0,0,,,,
81|144,0,0,0,0,0,0,0,0,0,0,0,0,0,0,0,0,,,,
44|82,0,0,0,0,0,0,0,0,0,0,0,0,0,0,0,0,,,,
107|125,0,0,1,0,0,2,0,0,0,0,0,0,0,0,0,0,,,,
30|15,0,0,0,0,0,0,0,0,0,0,0,0,0,0,0,0,,,,
56|136,0,0,0,0,0,0,0,0,0,0,0,0,0,0,0,0,,,,
120|18,0,0,0,0,0,0,0,0,0,0,0,0,0,0,0,0,,,,
94|131,0,0,0,0,0,0,0,0,0,0,0,0,0,0,0,0,,,,
113|49,0,0,0,0,0,0,0,0,0,0,0,6,0,0,0,0,0|0#1|0#2|0#3|0#4|0#5|0#6|0#7|0#8|0#9|0#10|0#11|0#12|0,0|0#1|0#2|0#3|0#4|0#5|0#6|0#7|0#8|0#9|0#10|0#11|0#12|0,0|0#1|0#2|0#3|0#4|0#5|0#6|0#7|0#8|0#9|0#10|0#11|0#12|0,0|0#1|0#2|0#3|0#4|0#5|0#6|0#7|0#8|0#9|0#10|0#11|0#12|0
54|99,0,0,0,2,0,0,0,0,1,0,0,0,1,0,0,0,0|0#1|0#2|0#3|0#4|0#5|0#6|0#7|0#8|0#9|0#10|0#11|0#12|0,,0|0#1|0#2|0#3|0#4|0#5|0#6|0#7|0#8|0#9|0#10|0#11|0#12|0,
17|124,0,0,0,0,0,0,0,0,0,0,0,0,0,0,0,0,,,,
103|32,0,0,0,0,0,0,0,0,0,0,0,0,0,0,0,0,,,,
141|54,0,0,0,0,0,0,0,0,0,0,0,0,0,0,0,0,,,,
115|74,0,0,0,0,0,0,0,0,0,0,0,0,0,0,0,0,0|0#1|0#2|0#3|0#4|0#5|0#6|0#7|0#8|0#9|0#10|0#11|0#12|0,,0|0#1|0#2|0#3|0#4|0#5|0#6|0#7|0#8|0#9|0#10|0#11|0#12|0,
63|93,0,0,0,0,0,0,0,0,0,0,0,0,0,0,0,0,0|0#1|0#2|0#3|0#4|0#5|0#6|0#7|0#8|0#9|0#10|0#11|0#12|0,0|0#1|0#2|0#3|0#4|0#5|0#6|0#7|0#8|0#9|0#10|0#11|0#12|0,0|0#1|0#2|0#3|0#4|0#5|0#6|0#7|0#8|0#9|0#10|0#11|0#12|0,0|0#1|0#2|0#3|0#4|0#5|0#6|0#7|0#8|0#9|0#10|0#11|0#12|0
145|120,0,0,0,0,0,0,0,0,0,0,0,0,0,0,0,0,,,,
144|9,0,0,0,0,0,0,1,0,0,0,0,0,0,0,0,0,,,,
70|62,0,0,5,0,1,0,1,2,1,0,0,4,0,0,0,0,,,,
35|88,0,0,0,0,0,0,0,0,0,0,0,0,0,0,0,0,,,,
8|121,0,0,0,0,0,0,0,0,0,0,0,0,0,0,0,0,,,,
122|43,0,0,0,0,0,0,0,0,0,0,0,0,0,0,0,0,,,,
9|138,0,0,0,0,0,0,0,0,0,0,0,0,0,0,0,0,,,,
23|46,0,0,0,0,0,0,0,0,0,0,0,0,0,0,0,0,,,,
