101|2,0,0,0,0,0,0,0,0,0,0,0,0,0,0,0,0,,,,
9|118,0,0,0,0,0,0,0,0,0,0,0,0,0,0,0,0,,,,
56|116,0,0,0,0,0,0,0,0,0,0,0,0,0,0,0,0,,,,
51|31,0,0,0,0,0,0,0,0,0,0,0,0,0,0,0,0,,,,
115|54,0,0,0,0,0,0,0,0,0,0,0,0,1,0,0,0,,,,
1|27,0,0,0,0,0,0,0,0,0,0,0,0,0,0,0,0,,,,
32|20,0,0,0,0,0,1,0,0,0,0,0,0,0,0,0,0,,,,
81|124,0,0,0,0,0,0,0,0,0,0,0,0,0,0,0,0,,,,
35|68,0,0,0,0,0,0,0,0,0,0,0,0,0,0,0,0,,,,
42|7,0,0,0,0,0,0,0,4,0,0,0,0,0,0,0,0,,,,
54|79,0,0,0,0,0,0,0,0,0,0,0,0,0,0,0,0,,,0|0#1|0#2|0#3|0#4|0#5|0#6|0#7|0#8|0#9|0#10|0#11|0#12|0,0|0#1|0#2|0#3|0#4|0#5|0#6|0#7|0#8|0#9|0#10|0#11|0#12|0
146|117,0,0,0,0,0,0,0,0,0,0,0,0,0,0,0,0,,,,
61|48,0,0,0,0,0,0,0,1,1,0,0,0,0,0,0,0,,,,
28|99,0,0,0,0,0,0,0,0,0,0,0,0,0,0,0,0,,,,
16|9,0,0,0,0,0,0,0,0,0,0,0,0,0,0,0,0,,,,
95|128,0,0,0,0,0,0,0,0,0,0,0,0,0,0,0,0,,,,
145|100,0,0,0,0,0,0,0,0,0,0,0,0,0,0,0,0,,,,
136|90,0,0,0,0,0,0,0,0,0,0,0,0,0,0,0,0,,,,
70|42,0,0,0,1,0,0,0,0,1,0,0,0,0,0,0,0,,,,
80|59,0,0,0,0,0,0,0,0,0,0,0,0,0,0,0,0,0|0#1|0#2|0#3|0#4|0#5|0#6|0#7|0#8|0#9|0#10|0#11|0#12|0,0|0#1|0#2|0#3|0#4|0#5|0#6|0#7|0#8|0#9|0#10|0#11|0#12|0,0|0#1|0#2|0#3|0#4|0#5|0#6|0#7|0#8|0#9|0#10|0#11|0#12|0,0|0#1|0#2|0#3|0#4|0#5|0#6|0#7|0#8|0#9|0#10|0#11|0#12|0
44|62,0,0,0,0,0,0,0,0,0,0,0,0,0,0,0,0,,,,
16|57,0,0,0,0,0,0,0,7,0,0,0,0,0,0,0,0,,,,
107|105,0,0,0,0,0,0,0,0,0,0,0,0,0,0,0,0,,,,
43|129,0,0,0,0,0,0,0,0,0,0,0,0,0,0,0,0,,,,
63|73,0,0,0,0,0,1,0,0,0,0,0,1,1,0,0,0,,,,
25|51,0,0,0,0,0,0,0,0,0,0,0,0,0,0,0,0,,,,
94|111,0,0,0,0,0,0,2,0,0,0,0,0,0,0,0,0,,,,
23|26,0,0,0,0,0,1,0,0,0,0,0,0,0,0,0,0,,,,
103|12,2,0,0,0,0,0,0,0,0,0,0,0,0,0,0,0,,,,
37|93,41,30,67,0,4,10,8,14,3,1,9,2,9,1,0,0,,0|0#1|0#2|0#3|0#4|0#5|0#6|0#7|0#8|0#9|0#10|0#11|0#12|0,,0|0#1|0#2|0#3|0#4|0#5|0#6|0#7|0#8|0#9|0#10|0#11|0#12|0
132|113,45,32,46,6,11,8,2,16,28,7,38,24,29,0,0,0,,,,
127|96,0,0,0,0,0,0,0,0,1,0,0,0,0,0,0,0,,,,
17|104,0,0,0,0,0,0,0,0,0,0,0,0,0,0,0,0,,,,
113|29,0,0,0,0,0,0,0,0,0,0,0,0,0,0,0,0,,,,
141|34,0,0,0,0,0,0,0,0,0,0,0,0,0,0,0,0,0|0#1|0#2|0#3|0#4|0#5|0#6|0#7|0#8|0#9|0#10|0#11|0#12|0,,0|0#1|0#2|0#3|0#4|0#5|0#6|0#7|0#8|0#9|0#10|0#11|0#12|0,0|0#1|0#2|0#3|0#4|0#5|0#6|0#7|0#8|0#9|0#10|0#11|0#12|0
122|23,0,0,0,0,0,0,0,0,0,0,0,0,0,0,0,0,,0|0#1|0#2|0#3|0#4|0#5|0#6|0#7|0#8|0#9|0#10|0#11|0#12|0,,0|0#1|0#2|0#3|0#4|0#5|0#6|0#7|0#8|0#9|0#10|0#11|0#12|0
8|101,0,0,0,0,0,0,0,0,0,0,0,0,0,0,0,0,,,,
134|65,0,0,0,0,0,0,0,0,0,0,0,0,0,0,0,0,,,,
1|6,0,0,0,0,0,0,0,0,0,0,0,0,0,0,0,0,,,,
42|112,0,0,0,0,0,0,0,0,0,0,0,0,0,0,0,0,,,,
18|82,0,0,0,0,0,0,0,0,0,0,0,0,0,0,0,0,,,,
69|103,0,0,0,0,0,0,0,0,0,0,0,0,0,0,0,0,,,,
3|52,0,0,0,0,0,0,0,0,0,0,0,0,0,0,0,0,,,,
108|85,0,0,0,0,0,0,0,0,0,0,0,0,0,0,0,0,0|0#1|0#2|0#3|0#4|0#5|0#6|0#7|0#8|0#9|0#10|0#11|0#12|0,,0|0#1|0#2|0#3|0#4|0#5|0#6|0#7|0#8|0#9|0#10|0#11|0#12|0,
42|37,2,0,6,2,0,1,0,5,0,0,0,3,2,0,0,0,0|0#1|0#2|0#3|0#4|0#5|0#6|0#7|0#8|0#9|0#10|0#11|0#12|0,,,
82|84,0,0,0,0,0,0,0,0,0,0,0,0,0,0,0,0,0|0#1|0#2|0#3|0#4|0#5|0#6|0#7|0#8|0#9|0#10|0#11|0#12|0,,0|0#1|0#2|0#3|0#4|0#5|0#6|0#7|0#8|0#9|0#10|0#11|0#12|0,
