48|96,0,0,0,0,0,0,0,0,0,0,0,0,0,0,0,0,,,,
29|85,0,0,0,0,0,0,0,0,0,0,0,0,0,0,0,0,,,,
19|101,0,0,0,0,0,0,0,0,0,0,0,0,0,0,0,0,,,,
89|7,0,0,0,0,0,0,0,0,0,0,0,0,0,0,0,0,,,,
83|70,6,0,22,2,1,1,0,0,1,0,0,11,6,0,0,0,0|0#1|0#2|0#3|2#4|2#5|3#6|4#7|4#8|3#9|0#10|0#11|0#12|0,0|0#1|0#2|0#3|1#4|0#5|2#6|2#7|2#8|0#9|0#10|0#11|0#12|0,0|0#1|0#2|0#3|2#4|2#5|4#6|4#7|3#8|2#9|0#10|0#11|0#12|0,0|0#1|0#2|0#3|0#4|2#5|2#6|2#7|1#8|0#9|0#10|0#11|0#12|0
93|87,22,13,52,5,1,8,4,6,17,0,22,15,8,0,2,0,0|0#1|0#2|0#3|2#4|0#5|0#6|0#7|1#8|1#9|0#10|0#11|0#12|0,0|0#1|0#2|0#3|0#4|0#5|0#6|0#7|0#8|0#9|0#10|0#11|0#12|0,0|0#1|0#2|0#3|1#4|0#5|0#6|0#7|1#8|1#9|0#10|0#11|0#12|0,0|0#1|0#2|0#3|0#4|0#5|0#6|0#7|0#8|0#9|0#10|0#11|0#12|0
109|71,0,0,0,0,0,0,0,0,0,0,0,0,0,0,0,0,0|0#1|0#2|0#3|0#4|0#5|0#6|0#7|0#8|0#9|0#10|0#11|0#12|0,0|0#1|0#2|0#3|0#4|0#5|0#6|0#7|0#8|0#9|0#10|0#11|0#12|0,0|0#1|0#2|0#3|0#4|0#5|0#6|0#7|0#8|0#9|0#10|0#11|0#12|0,0|0#1|0#2|0#3|0#4|0#5|0#6|0#7|0#8|0#9|0#10|0#11|0#12|0
15|18,0,0,0,0,0,0,0,0,1,0,0,0,0,0,0,0,,,,
142|20,0,0,0,0,0,0,0,0,0,0,0,0,0,0,0,0,,,,
32|139,0,0,0,0,0,0,0,0,0,0,0,0,0,0,0,0,,,,
145|68,26,0,10,1,0,0,0,4,0,0,1,4,0,0,0,0,0|0#1|0#2|0#3|0#4|0#5|0#6|0#7|0#8|0#9|0#10|0#11|0#12|0,0|0#1|0#2|0#3|0#4|0#5|0#6|0#7|0#8|0#9|0#10|0#11|0#12|0,0|0#1|0#2|0#3|0#4|0#5|0#6|0#7|0#8|0#9|0#10|0#11|0#12|0,0|0#1|0#2|0#3|0#4|0#5|0#6|0#7|0#8|0#9|0#10|0#11|0#12|0
45|126,0,0,0,0,0,0,0,0,0,0,0,0,0,0,0,0,,,,
138|99,0,0,0,0,0,0,0,0,0,0,0,0,0,0,0,0,,,,
43|23,0,0,0,0,0,0,0,0,0,0,0,0,0,0,0,0,,,,
135|51,0,0,0,0,0,0,0,0,0,0,0,0,0,0,0,0,,,,
107|46,0,0,0,0,0,0,0,0,0,0,0,0,0,0,0,0,,,0|0#1|0#2|0#3|0#4|0#5|0#6|0#7|0#8|0#9|0#10|0#11|0#12|0,
81|45,4,0,9,2,2,0,1,1,0,0,0,2,1,0,0,0,0|0#1|0#2|0#3|0#4|0#5|0#6|0#7|0#8|0#9|0#10|1#11|0#12|0,0|0#1|0#2|0#3|0#4|0#5|0#6|1#7|0#8|0#9|0#10|0#11|0#12|0,0|0#1|0#2|0#3|0#4|0#5|0#6|0#7|0#8|0#9|0#10|1#11|0#12|0,0|0#1|0#2|0#3|0#4|0#5|0#6|0#7|0#8|0#9|0#10|0#11|0#12|0
116|40,0,0,0,0,0,0,0,0,0,0,0,0,0,0,0,0,,,,0|0#1|0#2|0#3|0#4|0#5|0#6|0#7|0#8|0#9|0#10|0#11|0#12|0
119|88,2,14,13,4,1,0,0,1,0,1,7,2,3,0,0,0,0|0#1|0#2|0#3|0#4|0#5|1#6|2#7|0#8|1#9|0#10|0#11|0#12|0,,0|0#1|0#2|0#3|0#4|0#5|2#6|1#7|0#8|0#9|0#10|0#11|0#12|0,
121|123,0,0,0,0,0,0,0,0,0,0,0,0,0,0,0,0,,,,
62|34,0,1,3,2,2,1,0,1,1,0,2,3,1,0,0,0,,,,
31|122,0,0,0,0,0,0,0,0,0,0,0,0,0,0,0,0,,,,
128|82,0,0,0,0,0,0,0,0,0,0,0,0,0,0,0,0,0|0#1|0#2|0#3|0#4|0#5|0#6|0#7|0#8|0#9|0#10|0#11|0#12|0,0|0#1|0#2|0#3|0#4|0#5|0#6|0#7|0#8|0#9|0#10|0#11|0#12|0,0|0#1|0#2|0#3|0#4|0#5|0#6|0#7|0#8|0#9|0#10|0#11|0#12|0,
114|15,0,0,0,0,0,0,0,0,0,0,0,0,0,0,0,0,,,,
148|114,0,0,0,0,0,0,0,0,0,0,0,0,0,0,0,0,,,,
2|13,0,0,0,0,0,0,0,0,0,0,0,0,0,0,0,0,,,,
126|57,0,0,0,0,0,1,0,0,0,0,0,0,0,0,0,0,,,,
74|76,0,0,0,0,0,0,0,1,0,0,0,0,0,0,0,0,,,,
55|65,0,0,0,0,0,0,0,0,0,0,0,0,0,0,0,0,,,,
148|2,0,0,0,0,0,1,0,0,0,0,0,0,0,0,0,0,,,,
84|138,0,0,0,0,0,0,0,0,0,0,0,0,0,0,0,0,,,,
70|134,0,0,0,0,0,0,0,0,0,0,0,0,0,0,0,0,,,,
57|90,0,0,0,0,0,0,0,0,0,0,0,0,0,0,0,0,,,,
58|113,0,0,0,0,0,0,0,2,0,0,0,0,0,0,0,0,,,,
34|29,0,0,0,0,0,0,0,0,0,0,0,0,0,0,0,0,,,,
17|43,0,0,0,0,0,0,0,0,0,0,0,0,0,0,0,0,,,,
109|102,0,0,0,0,0,0,0,0,0,0,0,0,0,0,0,0,,,,
36|54,0,0,0,0,0,0,0,0,0,0,0,0,0,0,0,0,,,,
134|110,0,0,0,0,0,0,0,0,0,0,0,0,0,0,0,0,,,,
133|26,0,0,0,0,0,0,0,0,0,0,0,0,0,0,0,0,,,,
83|121,0,0,0,0,0,0,0,0,0,0,0,0,0,0,0,0,,,,
147|93,0,0,0,0,0,0,0,0,0,0,0,0,0,0,0,0,,,,
7|86,0,0,0,0,0,0,0,0,0,0,0,0,0,0,0,0,,,,
135|127,0,0,0,0,0,0,0,0,0,0,0,0,0,0,0,0,,,,
152|37,0,0,0,0,0,0,0,0,0,0,0,0,0,0,0,0,,,,
24|12,0,0,0,0,0,0,0,0,0,0,0,0,0,0,0,0,,,,
97|125,3,0,10,0,0,0,0,0,4,0,3,0,0,0,0,0,,,,
