122|69,0,0,0,0,0,0,0,0,0,0,0,0,0,0,0,0,,,,
7|130,0,0,0,0,0,0,0,0,0,0,0,0,0,0,0,0,,,,
32|66,0,0,0,0,0,0,0,0,0,0,0,0,0,0,0,0,,,,
124|94,2,0,0,0,0,0,0,0,0,0,0,6,0,0,0,0,,,,
16|133,0,0,0,0,0,0,0,0,0,0,0,0,0,0,0,0,,,,
29|120,0,0,0,0,0,0,0,0,0,0,0,0,0,0,0,0,,,,
68|132,0,0,0,0,0,0,0,0,0,0,0,0,0,0,0,0,,,,
55|145,0,0,0,0,0,0,0,0,0,0,0,0,0,0,0,0,,,,
41|60,0,0,0,0,0,0,0,0,0,0,0,0,0,0,0,0,,,,
60|71,0,0,0,0,0,0,0,0,0,0,0,1,0,0,0,0,,,,
70|88,0,0,0,0,0,0,0,0,0,0,0,0,0,0,0,0,0|0#1|0#2|0#3|0#4|0#5|0#6|0#7|0#8|0#9|0#10|0#11|0#12|0,0|0#1|0#2|0#3|0#4|0#5|0#6|0#7|0#8|0#9|0#10|0#11|0#12|0,0|0#1|0#2|0#3|0#4|0#5|0#6|0#7|0#8|0#9|0#10|1#11|0#12|0,0|0#1|0#2|0#3|0#4|0#5|0#6|0#7|0#8|0#9|0#10|0#11|0#12|0
119|121,0,0,0,0,0,0,0,0,0,0,0,0,0,0,0,0,,,,
99|23,0,0,0,0,0,0,0,0,0,0,0,0,0,0,0,0,,,,
100|10,0,0,0,0,0,0,0,0,0,0,0,0,2,0,0,0,,,,
145|146,0,0,0,0,0,0,0,0,0,0,0,0,0,0,0,0,,,,
8|147,0,0,0,0,0,0,0,0,0,0,0,0,0,0,0,0,,,,
105|83,0,0,0,0,0,0,1,0,0,0,0,1,0,0,0,0,0|0#1|0#2|0#3|1#4|0#5|0#6|0#7|0#8|0#9|0#10|0#11|0#12|0,0|0#1|0#2|0#3|1#4|0#5|0#6|0#7|0#8|0#9|0#10|0#11|0#12|0,0|0#1|0#2|0#3|2#4|0#5|0#6|0#7|0#8|0#9|0#10|0#11|0#12|0,0|0#1|0#2|0#3|1#4|0#5|0#6|0#7|0#8|0#9|0#10|0#11|0#12|0
131|63,0,0,0,0,0,0,0,0,0,0,0,0,0,0,0,0,,,,
51|77,0,0,0,0,0,0,0,0,0,0,0,0,0,0,0,0,,,,
3|98,0,0,0,0,0,0,0,0,0,0,0,0,0,0,0,0,,,,
13|55,0,0,0,0,0,0,0,0,0,0,0,0,0,0,0,0,,,,
15|80,0,0,0,0,0,0,0,0,0,0,0,0,0,0,0,0,,,,
20|24,0,0,0,0,0,0,0,0,0,0,0,0,0,0,0,0,,,,
25|97,0,0,0,0,0,0,0,0,0,0,0,0,0,0,0,0,,,,
34|91,0,0,0,0,0,0,0,0,0,0,0,0,0,0,0,0,,,,
0|50,0,0,0,0,0,0,0,0,0,0,0,0,0,0,0,0,,,,
12|5,0,0,0,0,0,0,0,0,0,0,0,0,0,0,0,0,,,,
41|141,0,0,0,0,0,0,0,0,0,0,0,0,0,0,0,0,,,,
131|142,0,0,0,0,0,0,0,0,0,0,0,0,0,0,0,0,,,,
150|74,0,0,0,0,0,0,0,0,0,0,0,0,0,0,0,0,,,,
110|27,0,0,0,0,0,0,0,0,0,0,0,0,0,0,0,0,,,,
106|134,0,0,0,0,0,0,0,0,0,0,0,0,0,0,0,0,,,,
93|140,0,0,0,0,0,0,0,0,0,0,0,0,0,0,0,0,,,,
112|52,1,0,3,1,1,11,0,3,0,0,0,0,0,0,0,0,0|0#1|0#2|0#3|4#4|2#5|0#6|1#7|1#8|1#9|1#10|1#11|2#12|0,0|0#1|0#2|0#3|2#4|2#5|1#6|1#7|0#8|0#9|1#10|1#11|1#12|0,0|0#1|0#2|0#3|3#4|1#5|0#6|1#7|1#8|1#9|0#10|1#11|2#12|0,0|0#1|0#2|0#3|2#4|1#5|1#6|0#7|0#8|0#9|1#10|1#11|2#12|0
103|58,111,47,155,13,15,22,13,24,5,15,77,33,23,4,31,0,0|0#1|0#2|0#3|4#4|4#5|4#6|4#7|4#8|4#9|4#10|4#11|4#12|0,0|0#1|0#2|0#3|4#4|4#5|4#6|4#7|4#8|4#9|4#10|4#11|4#12|0,0|0#1|0#2|0#3|4#4|4#5|4#6|4#7|4#8|4#9|4#10|4#11|4#12|0,0|0#1|0#2|0#3|4#4|4#5|4#6|4#7|4#8|4#9|4#10|4#11|4#12|0
