72|110,0,0,0,0,0,0,0,0,0,0,0,0,0,0,0,0,,,,
59|78,0,0,0,0,0,0,0,0,0,0,0,0,0,0,0,0,,,,
68|72,0,0,0,0,0,0,0,0,0,0,0,0,0,0,0,0,,,,
137|39,0,0,0,0,1,0,0,0,0,0,0,0,0,0,0,0,,,,
20|111,0,0,0,0,0,0,0,0,0,0,0,0,0,0,0,0,,,,
86|114,0,1,0,0,0,0,0,1,1,0,0,0,0,0,1,0,,,,
28|25,0,0,0,0,0,0,0,0,0,0,0,0,0,0,0,0,,,,
125|3,0,0,0,0,0,0,0,0,0,0,0,0,0,0,0,0,,,,
75|41,0,0,0,0,0,0,0,0,0,0,0,0,1,0,0,0,0|0#1|0#2|0#3|0#4|0#5|0#6|0#7|0#8|0#9|0#10|0#11|0#12|0,,,
8|51,0,0,0,0,0,0,0,0,0,0,0,0,0,0,0,0,,,,
56|30,0,0,0,0,0,0,0,0,0,0,0,0,0,0,0,0,,0|0#1|0#2|0#3|0#4|0#5|0#6|0#7|0#8|0#9|0#10|0#11|0#12|0,,0|0#1|0#2|0#3|0#4|0#5|0#6|0#7|0#8|0#9|0#10|0#11|0#12|0
73|127,0,1,0,0,0,2,0,1,2,0,1,0,0,0,0,0,,,,
137|103,0,0,0,0,0,0,0,0,0,0,0,0,0,0,0,0,,,,
118|28,0,0,0,0,0,0,0,0,0,0,0,0,0,0,0,0,,,,
49|61,0,0,0,0,0,0,0,0,0,0,0,0,0,0,0,0,,,,
82|10,0,0,0,0,0,0,0,0,0,0,0,0,0,0,0,0,,,,
85|58,7,2,26,2,2,4,2,1,11,0,8,8,0,0,0,0,0|0#1|0#2|0#3|2#4|1#5|0#6|1#7|0#8|0#9|0#10|1#11|1#12|0,0|0#1|0#2|0#3|1#4|0#5|0#6|0#7|0#8|0#9|0#10|0#11|0#12|0,0|0#1|0#2|0#3|2#4|0#5|0#6|0#7|0#8|0#9|1#10|1#11|1#12|0,0|0#1|0#2|0#3|1#4|0#5|0#6|0#7|0#8|0#9|0#10|0#11|0#12|0
87|83,0,0,0,0,0,0,0,0,0,0,0,0,0,0,0,0,0|0#1|0#2|0#3|0#4|0#5|0#6|0#7|0#8|0#9|0#10|0#11|0#12|0,0|0#1|0#2|0#3|0#4|0#5|0#6|0#7|0#8|0#9|0#10|0#11|0#12|0,0|0#1|0#2|0#3|0#4|0#5|0#6|0#7|0#8|0#9|0#10|0#11|0#12|0,0|0#1|0#2|0#3|0#4|0#5|0#6|0#7|0#8|0#9|0#10|0#11|0#12|0
34|115,0,0,0,0,0,0,0,0,0,0,0,0,0,0,0,0,,,,
146|33,18,3,4,0,0,1,0,3,2,0,9,2,1,0,0,0,,,,
99|101,0,0,0,0,0,0,0,0,0,0,0,0,0,0,0,0,,,,
66|8,0,0,0,0,0,0,0,0,0,0,0,0,0,0,0,0,,,,
66|47,0,0,0,0,0,0,0,0,0,0,0,0,0,0,0,0,,,,
94|52,7,6,10,4,5,2,0,2,1,1,5,2,1,1,0,0,0|0#1|0#2|0#3|3#4|4#5|3#6|3#7|3#8|3#9|3#10|3#11|2#12|0,0|0#1|0#2|0#3|2#4|2#5|2#6|2#7|2#8|2#9|2#10|2#11|2#12|0,0|0#1|0#2|0#3|4#4|4#5|3#6|3#7|3#8|3#9|3#10|3#11|3#12|0,0|0#1|0#2|0#3|2#4|2#5|2#6|2#7|2#8|2#9|2#10|2#11|2#12|0
127|22,0,0,0,0,0,0,0,0,1,0,0,0,0,0,0,0,,,,
6|26,0,0,0,0,0,0,0,0,0,0,0,0,0,0,0,0,,,,
108|11,0,0,0,0,0,0,0,0,1,0,0,0,0,0,0,0,,,,
21|128,0,0,0,0,0,0,0,0,0,0,0,0,0,0,0,0,,,,
73|16,1,0,0,0,0,0,0,0,0,0,0,1,0,0,0,0,,,,
92|27,0,0,0,0,0,0,0,0,0,0,0,0,0,0,0,0,,,,
124|116,0,0,0,0,0,0,1,0,0,0,0,2,0,0,0,0,,,,
139|64,0,0,0,0,0,0,0,0,0,0,0,0,0,0,0,0,,,,
47|102,0,0,0,0,0,0,0,0,0,0,1,0,0,0,0,0,,,,
92|6,0,0,0,0,0,0,0,0,0,0,0,0,0,0,0,0,,,,
110|112,0,0,1,0,0,0,0,0,0,0,0,2,2,0,0,0,,,,
78|89,0,0,0,0,0,0,0,0,0,0,0,0,1,0,0,0,,,,
151|1,0,0,0,8,0,0,1,0,1,0,0,8,0,0,0,0,,,,
47|36,0,0,0,0,0,0,0,0,0,0,0,0,0,0,0,0,,,,
48|119,0,0,0,0,0,0,0,0,0,0,0,0,0,0,0,0,,,,
111|129,0,0,0,0,0,0,0,0,0,0,0,0,0,0,0,0,,,,
