41|93,0,0,0,0,0,0,0,0,0,0,0,0,0,0,0,0,,,,
71|0,0,0,0,0,0,0,0,0,0,0,0,0,0,0,0,0,,,,
87|14,0,0,0,0,0,0,0,0,0,0,0,0,0,0,0,0,,,,
140|90,0,0,0,0,0,0,0,0,0,0,0,0,0,0,0,0,,,,
22|82,0,0,0,0,0,0,0,0,0,0,0,0,0,0,0,0,,,,
12|119,0,0,0,0,0,0,0,0,0,0,0,0,0,0,0,0,,,,
77|105,0,0,0,0,0,0,0,0,0,0,0,0,0,0,0,0,,,,
115|107,0,0,0,0,0,0,0,0,0,0,0,0,0,0,0,0,,,,
112|85,0,0,4,0,2,0,0,0,0,0,2,1,0,0,0,0,,0|0#1|0#2|0#3|0#4|0#5|0#6|0#7|0#8|0#9|0#10|0#11|0#12|0,0|0#1|0#2|0#3|0#4|0#5|0#6|0#7|0#8|0#9|0#10|0#11|0#12|0,0|0#1|0#2|0#3|0#4|0#5|0#6|0#7|0#8|0#9|0#10|0#11|0#12|0
63|101,0,0,8,0,0,2,3,0,0,0,1,0,0,0,0,0,,,,
45|2,1,0,2,0,1,0,1,1,4,0,2,0,0,0,0,0,,,,
3|116,0,0,0,0,0,0,0,0,0,0,0,0,0,0,0,0,,,,
13|88,0,0,0,0,0,0,0,0,0,0,0,0,0,0,0,0,,,,
19|4,0,0,0,0,0,0,0,0,0,0,0,0,0,0,0,0,,,,
50|114,0,0,0,0,0,0,0,0,0,0,0,0,0,0,0,0,,,,
20|57,0,0,0,0,0,0,0,0,0,0,0,0,0,0,0,0,,,,
101|103,0,0,0,0,0,0,0,0,0,0,0,0,0,0,0,0,,,,
149|9,0,0,0,0,0,0,0,0,0,0,0,0,0,0,0,0,,,,
10|40,0,0,0,0,0,0,0,0,0,0,0,0,0,0,0,0,,,,
4|1,0,0,0,0,0,0,0,2,1,0,0,0,0,0,0,0,,,,
64|118,0,0,0,0,0,0,0,0,0,0,0,0,0,0,0,0,,,,
25|106,0,0,0,0,0,0,0,0,0,0,0,0,0,0,0,0,,,,
131|96,0,0,0,0,0,0,0,0,0,0,0,0,0,0,0,0,,,,
0|83,0,0,0,0,0,0,0,0,0,0,0,0,0,0,0,0,,,,
11|102,0,0,0,0,0,0,0,0,0,0,0,0,0,0,0,0,,,,
32|99,0,0,0,0,0,0,0,0,0,0,0,0,0,0,0,0,,,,
100|43,0,10,1,0,0,0,0,1,0,0,0,1,0,0,0,0,0|0#1|0#2|0#3|0#4|2#5|1#6|1#7|2#8|2#9|2#10|2#11|2#12|0,0|0#1|0#2|0#3|0#4|1#5|0#6|0#7|0#8|1#9|0#10|0#11|0#12|0,0|0#1|0#2|0#3|0#4|2#5|2#6|0#7|2#8|2#9|1#10|2#11|2#12|0,0|0#1|0#2|0#3|1#4|0#5|1#6|0#7|0#8|0#9|0#10|0#11|0#12|0
140|115,0,0,0,0,0,0,0,0,0,0,0,0,0,0,0,0,,,,
99|56,165,12,499,4,13,19,7,25,14,35,40,261,56,4,0,0,0|0#1|0#2|0#3|4#4|4#5|4#6|4#7|4#8|4#9|4#10|4#11|4#12|0,0|0#1|0#2|0#3|4#4|4#5|4#6|4#7|4#8|4#9|4#10|4#11|4#12|0,0|0#1|0#2|0#3|4#4|4#5|4#6|4#7|4#8|4#9|4#10|4#11|4#12|0,0|0#1|0#2|0#3|4#4|4#5|4#6|4#7|4#8|4#9|4#10|4#11|4#12|0
