94|84,1,0,4,0,2,0,0,0,1,0,0,15,1,0,0,0,0|0#1|0#2|0#3|0#4|0#5|0#6|0#7|0#8|0#9|0#10|0#11|0#12|0,0|0#1|0#2|0#3|0#4|0#5|0#6|0#7|0#8|0#9|0#10|0#11|0#12|0,0|0#1|0#2|0#3|0#4|0#5|0#6|0#7|1#8|0#9|0#10|0#11|0#12|0,0|0#1|0#2|0#3|0#4|0#5|0#6|0#7|0#8|0#9|0#10|0#11|0#12|0
146|65,0,0,0,0,0,0,0,0,0,0,0,0,0,0,0,0,0|0#1|0#2|0#3|0#4|0#5|0#6|0#7|0#8|0#9|0#10|0#11|0#12|0,0|0#1|0#2|0#3|0#4|0#5|0#6|0#7|0#8|0#9|0#10|0#11|0#12|0,0|0#1|0#2|0#3|0#4|0#5|0#6|0#7|0#8|0#9|0#10|0#11|0#12|0,0|0#1|0#2|0#3|0#4|0#5|0#6|0#7|0#8|0#9|0#10|0#11|0#12|0
47|134,0,0,0,0,0,0,0,0,0,0,0,0,0,0,0,0,,,,
66|79,0,0,0,0,0,0,0,0,0,0,0,0,0,0,0,0,,,,
86|146,0,0,0,0,0,0,0,0,0,0,0,0,0,0,0,0,,,,
37|51,0,0,0,0,0,0,0,0,0,0,0,0,0,0,0,0,,,,
115|12,0,0,0,0,0,0,0,0,0,0,0,0,0,0,0,0,,,,
139|96,0,0,0,0,0,0,0,0,0,0,0,0,0,0,0,0,,,,
148|90,0,0,0,0,0,0,0,0,0,0,0,0,0,0,0,0,,,,
34|147,0,0,0,0,0,0,0,0,0,0,0,0,0,0,0,0,,,,
134|23,0,0,0,0,0,0,0,0,0,0,0,0,0,0,0,0,,,,
18|40,0,0,0,0,0,0,0,0,0,0,0,0,0,0,0,0,,,,
35|26,0,0,0,0,0,0,0,0,0,0,0,0,0,0,0,0,,,,
137|135,1,0,0,0,0,0,0,1,0,0,0,0,4,0,0,0,,,,
72|142,0,0,0,0,0,0,0,0,0,0,0,0,0,0,0,0,,,,
3|10,0,0,0,0,0,0,0,0,0,0,0,0,0,0,0,0,,,,
131|8,0,0,0,0,0,0,0,0,0,0,0,0,0,0,0,0,,,,
44|20,0,0,0,0,0,0,0,0,0,0,0,0,0,0,0,0,,,,
6|58,0,0,0,0,0,0,0,0,0,0,0,0,0,0,0,0,,,,
47|68,0,0,0,0,0,0,0,0,0,0,0,0,0,0,0,0,,,,
80|17,0,0,0,0,4,0,1,0,0,0,4,0,1,0,0,0,,,,
56|62,1,0,0,0,0,0,0,2,0,0,0,1,0,0,1,0,,,,
63|31,0,0,0,0,0,0,0,0,0,0,0,2,0,0,0,0,,,,
125|29,0,0,0,0,0,0,0,0,0,0,0,0,0,0,0,0,,,,
106|18,0,0,0,0,0,0,0,0,0,0,0,0,0,0,0,0,,,,
92|59,31,21,294,15,15,4,4,8,1,24,48,55,13,3,0,0,0|0#1|0#2|0#3|4#4|4#5|4#6|4#7|4#8|4#9|4#10|4#11|4#12|0,0|0#1|0#2|0#3|4#4|4#5|4#6|4#7|4#8|4#9|4#10|4#11|4#12|0,0|0#1|0#2|0#3|4#4|4#5|4#6|4#7|4#8|4#9|4#10|4#11|4#12|0,0|0#1|0#2|0#3|4#4|4#5|4#6|4#7|4#8|4#9|4#10|4#11|4#12|0
73|48,0,0,0,0,0,0,1,1,0,0,0,1,0,0,0,0,,,,
99|133,0,0,0,0,0,0,0,1,0,0,0,0,0,0,0,0,,,,
75|73,0,0,0,0,0,0,0,0,0,0,0,0,0,0,0,0,0|0#1|0#2|0#3|0#4|0#5|0#6|0#7|0#8|0#9|0#10|0#11|0#12|0,,0|0#1|0#2|0#3|0#4|0#5|0#6|0#7|0#8|0#9|0#10|0#11|0#12|0,
54|37,0,0,0,0,0,0,0,0,0,0,0,0,0,0,0,0,,,,
99|4,0,0,0,0,0,0,0,0,0,0,0,0,0,0,0,0,,,,
33|130,0,0,0,0,0,0,0,0,0,0,0,0,0,0,0,0,,,,
108|43,0,0,0,0,0,0,0,0,1,0,0,0,0,0,0,0,,,,
20|143,0,0,0,0,0,0,0,0,0,0,0,0,0,0,0,0,,,,
16|15,0,0,0,0,0,0,0,0,0,0,0,0,0,0,0,0,,,,
49|93,0,0,0,0,0,0,0,0,1,0,1,0,0,0,0,0,,,,
82|42,0,2,2,0,0,2,0,0,0,0,0,0,0,0,0,0,0|0#1|0#2|0#3|0#4|0#5|0#6|0#7|0#8|0#9|0#10|0#11|0#12|0,,0|0#1|0#2|0#3|0#4|0#5|0#6|0#7|0#8|0#9|0#10|0#11|0#12|0,
28|57,0,0,0,0,0,0,0,0,0,0,0,0,0,0,0,0,0|0#1|0#2|0#3|0#4|0#5|0#6|0#7|0#8|0#9|0#10|0#11|0#12|0,0|0#1|0#2|0#3|0#4|0#5|0#6|0#7|0#8|0#9|0#10|0#11|0#12|0,,0|0#1|0#2|0#3|0#4|0#5|0#6|0#7|0#8|0#9|0#10|0#11|0#12|0
8|83,0,0,0,0,0,0,0,0,0,0,0,0,0,0,0,0,,,,
123|131,0,0,0,0,0,0,0,0,1,0,0,0,0,0,0,0,,,,
110|144,0,0,0,0,0,0,0,0,0,0,0,0,0,0,0,0,,,,
127|54,0,0,0,0,0,0,0,0,0,0,0,0,0,0,0,0,,,,
