30|58,0,0,0,0,1,1,1,0,0,0,0,0,0,0,0,0,,0|0#1|0#2|0#3|0#4|0#5|0#6|0#7|0#8|0#9|0#10|0#11|0#12|0,,
51|94,0,0,0,0,0,0,0,0,0,0,0,0,0,0,0,0,,,,
23|89,0,0,0,0,0,0,0,0,0,0,0,0,0,0,0,0,,,,
55|9,0,0,0,0,0,0,0,0,0,0,0,0,0,0,0,0,,,,
114|4,0,0,0,0,0,0,0,0,0,0,0,0,0,0,0,0,,,,
97|15,0,0,0,0,0,0,0,0,0,0,0,3,0,0,0,0,,,,
90|127,0,0,0,0,0,0,0,0,0,0,0,0,0,0,0,0,,,,
102|104,0,0,0,0,0,0,0,0,0,0,0,1,0,0,0,0,0|0#1|0#2|0#3|0#4|0#5|0#6|0#7|0#8|0#9|0#10|0#11|0#12|0,0|0#1|0#2|0#3|0#4|0#5|0#6|0#7|0#8|0#9|0#10|0#11|0#12|0,0|0#1|0#2|0#3|0#4|0#5|0#6|0#7|0#8|0#9|0#10|0#11|0#12|0,0|0#1|0#2|0#3|0#4|0#5|0#6|0#7|0#8|0#9|0#10|0#11|0#12|0
13|72,0,0,0,0,0,0,0,0,0,0,0,0,0,0,0,0,,,,
141|97,0,0,0,0,0,0,0,0,0,0,0,0,0,0,0,0,,,,
141|116,0,0,0,0,0,0,0,0,0,0,0,0,0,0,0,0,,,,
4|117,0,0,0,0,0,0,0,0,0,0,0,0,0,0,0,0,,,,
81|7,0,0,0,0,0,0,0,0,0,0,0,0,0,0,0,0,,,,
12|103,0,0,0,0,0,0,0,0,0,0,0,0,0,0,0,0,,,,
32|83,0,0,0,0,0,0,0,0,0,0,0,0,0,0,0,0,,,,
3|100,0,0,0,0,0,0,0,0,0,0,0,0,0,0,0,0,,,,
122|86,1,0,0,0,0,0,0,0,0,0,0,0,0,0,0,0,,,0|0#1|0#2|0#3|0#4|0#5|0#6|0#7|0#8|0#9|0#10|0#11|0#12|0,0|0#1|0#2|0#3|0#4|0#5|0#6|0#7|0#8|0#9|0#10|0#11|0#12|0
99|40,0,0,0,0,0,0,0,0,0,0,0,0,0,0,0,0,0|0#1|0#2|0#3|0#4|0#5|0#6|0#7|0#8|0#9|0#10|0#11|0#12|0,,0|0#1|0#2|0#3|0#4|0#5|0#6|0#7|0#8|0#9|0#10|0#11|0#12|0,0|0#1|0#2|0#3|0#4|0#5|0#6|0#7|0#8|0#9|0#10|0#11|0#12|0
11|47,0,0,0,0,0,0,0,0,0,0,0,0,0,0,0,0,,,,
78|106,0,0,0,0,0,0,0,0,0,0,0,0,0,0,0,0,,,,
140|2,0,0,0,0,0,0,0,0,0,0,0,0,0,0,0,0,,,,
103|75,9,0,14,5,1,3,2,3,1,0,3,10,1,0,0,0,0|0#1|0#2|0#3|3#4|2#5|1#6|1#7|0#8|1#9|2#10|2#11|1#12|0,0|0#1|0#2|0#3|2#4|2#5|0#6|0#7|0#8|0#9|0#10|0#11|0#12|0,0|0#1|0#2|0#3|3#4|2#5|1#6|1#7|0#8|2#9|2#10|1#11|1#12|0,0|0#1|0#2|0#3|2#4|1#5|0#6|0#7|0#8|1#9|0#10|0#11|0#12|0
51|115,0,0,0,0,0,0,0,0,0,0,0,0,0,0,0,0,,,,
20|41,0,0,0,0,0,0,0,0,0,0,0,0,0,0,0,0,,,,
65|119,0,0,0,0,0,0,0,0,0,0,0,0,0,0,0,0,,,,
116|108,0,0,0,0,0,0,0,0,1,0,0,0,0,0,0,0,,,,
131|80,0,0,0,0,0,0,0,0,0,0,0,0,0,0,0,0,,,0|0#1|0#2|0#3|0#4|0#5|0#6|0#7|0#8|0#9|0#10|0#11|0#12|0,
110|44,0,0,0,0,0,0,0,1,0,0,0,0,0,0,0,0,,,,
26|107,0,0,0,0,0,0,0,0,0,0,0,0,0,0,0,0,,,,
150|91,0,0,0,0,0,0,0,0,0,0,0,0,0,0,0,0,,,,
64|102,0,0,0,0,0,0,0,0,0,0,0,1,0,0,0,0,,,,
