45|92,0,1,0,0,0,0,0,5,0,0,0,0,2,0,0,0,,,,
85|1,0,0,0,0,0,0,0,0,0,0,0,0,0,0,0,0,,,,
109|146,0,0,0,0,0,0,0,0,0,0,0,0,0,0,0,0,,,,
19|145,0,0,0,0,0,0,0,0,0,0,0,0,0,0,0,0,,,,
59|3,0,0,0,0,0,0,0,0,0,0,0,0,0,0,0,0,,,,
71|72,0,0,0,0,0,0,0,0,0,0,0,0,0,0,0,0,,,,
33|50,0,0,0,0,0,0,0,0,0,0,0,0,0,0,0,0,,,,
140|39,0,0,0,0,0,0,0,0,0,0,0,0,0,0,0,0,0|0#1|0#2|0#3|0#4|0#5|0#6|0#7|0#8|0#9|0#10|0#11|0#12|0,0|0#1|0#2|0#3|0#4|0#5|0#6|0#7|0#8|0#9|0#10|0#11|0#12|0,0|0#1|0#2|0#3|0#4|0#5|0#6|0#7|0#8|0#9|0#10|0#11|0#12|0,
31|25,0,0,0,0,0,0,0,0,0,0,0,0,0,0,0,0,,,,
81|89,0,0,0,0,0,2,0,1,0,0,0,0,0,0,0,0,,0|0#1|0#2|0#3|0#4|0#5|0#6|0#7|0#8|0#9|0#10|0#11|0#12|0,,0|0#1|0#2|0#3|0#4|0#5|0#6|0#7|0#8|0#9|0#10|0#11|0#12|0
4|82,0,0,0,0,0,0,0,0,0,0,0,0,0,0,0,0,,,,
104|42,0,0,0,0,0,0,0,0,0,0,0,0,6,0,0,0,0|0#1|0#2|0#3|0#4|0#5|0#6|0#7|0#8|0#9|0#10|0#11|0#12|0,0|0#1|0#2|0#3|0#4|0#5|0#6|0#7|0#8|0#9|0#10|0#11|0#12|0,0|0#1|0#2|0#3|0#4|0#5|0#6|0#7|0#8|0#9|0#10|0#11|0#12|0,0|0#1|0#2|0#3|0#4|0#5|0#6|0#7|0#8|0#9|0#10|0#11|0#12|0
12|14,0,0,0,0,0,0,0,0,0,0,0,0,0,0,0,0,,,,
57|140,0,0,0,0,0,0,0,0,0,0,0,0,0,0,0,0,,,,
2|57,0,0,0,0,0,0,0,0,0,0,0,0,0,0,0,0,,,,
142|64,0,0,0,0,0,0,0,0,0,0,0,0,0,0,0,0,,,,
116|84,0,0,0,0,0,0,0,0,0,0,0,1,0,0,0,0,,,,
40|106,0,0,0,0,0,0,0,0,0,0,0,0,0,0,0,0,,,,
62|78,0,1,0,0,0,0,0,1,1,0,0,0,0,0,0,0,0|0#1|0#2|0#3|0#4|0#5|0#6|0#7|0#8|0#9|0#10|0#11|0#12|0,,,
50|36,0,0,0,0,0,0,0,0,0,0,0,0,0,0,0,0,0|0#1|0#2|0#3|0#4|0#5|0#6|0#7|0#8|0#9|0#10|0#11|0#12|0,,0|0#1|0#2|0#3|0#4|0#5|0#6|0#7|0#8|0#9|0#10|0#11|0#12|0,
114|59,0,0,1,0,0,0,0,1,0,0,0,1,0,0,0,0,,,,
111|11,0,0,0,0,0,0,0,0,0,0,0,0,0,0,0,0,,,,
130|22,0,0,0,0,0,0,0,0,0,0,0,0,0,0,0,0,,,,
43|67,0,0,1,0,0,0,0,0,0,0,0,0,0,0,0,0,,,,
130|107,0,0,2,1,0,0,0,0,0,0,0,0,0,0,0,0,,,,
147|141,0,0,0,0,0,0,0,0,1,0,0,0,0,0,0,0,,,,
26|81,0,0,0,0,0,0,0,0,0,0,0,0,0,0,0,0,,,,
17|87,0,0,0,0,0,0,0,0,0,0,0,0,0,0,0,0,,,,
102|17,0,0,0,0,0,0,0,0,0,0,0,0,0,0,0,0,,,,
92|105,0,0,0,0,0,0,0,0,0,0,0,0,0,0,0,0,,,,
123|53,0,0,0,0,0,0,0,0,0,0,0,0,0,0,0,0,0|0#1|0#2|0#3|0#4|0#5|0#6|0#7|0#8|0#9|0#10|0#11|0#12|0,0|0#1|0#2|0#3|0#4|0#5|0#6|0#7|0#8|0#9|0#10|0#11|0#12|0,0|0#1|0#2|0#3|0#4|0#5|0#6|0#7|0#8|0#9|0#10|0#11|0#12|0,0|0#1|0#2|0#3|0#4|0#5|0#6|0#7|0#8|0#9|0#10|0#11|0#12|0
36|98,0,0,0,0,0,0,0,0,0,0,0,0,0,0,0,0,,,,
135|95,0,0,0,0,0,0,0,0,0,0,0,0,0,0,0,0,,,,
24|56,0,0,0,0,0,0,0,0,0,0,0,0,0,0,0,0,,,,
52|61,0,0,0,0,0,0,0,0,0,0,0,0,0,0,0,0,,,,
121|28,0,0,0,0,0,0,0,0,0,0,0,0,0,0,0,0,,,,
90|83,0,0,0,0,0,0,0,0,1,0,0,0,0,0,0,0,0|0#1|0#2|0#3|0#4|0#5|0#6|0#7|0#8|0#9|0#10|0#11|0#12|0,,0|0#1|0#2|0#3|0#4|0#5|0#6|0#7|0#8|0#9|0#10|0#11|0#12|0,
