79|87,2,7,3,0,2,1,0,2,8,0,0,1,1,0,0,0,,,0|0#1|0#2|0#3|0#4|0#5|0#6|0#7|0#8|0#9|0#10|0#11|0#12|0,
86|56,1,4,5,191,2,0,0,0,0,1,1,3,2,0,0,0,0|0#1|0#2|0#3|3#4|2#5|2#6|2#7|2#8|2#9|2#10|2#11|2#12|0,0|0#1|0#2|0#3|2#4|2#5|1#6|2#7|1#8|1#9|2#10|1#11|1#12|0,0|0#1|0#2|0#3|3#4|2#5|2#6|2#7|2#8|2#9|2#10|2#11|2#12|0,0|0#1|0#2|0#3|2#4|1#5|2#6|1#7|0#8|1#9|0#10|1#11|2#12|0
22|120,0,0,0,0,0,0,0,0,0,0,0,0,0,0,0,0,,,,
138|37,0,0,0,0,0,0,0,0,0,0,0,0,0,0,0,0,0|0#1|0#2|0#3|0#4|0#5|0#6|0#7|0#8|0#9|0#10|0#11|0#12|0,0|0#1|0#2|0#3|0#4|0#5|0#6|0#7|0#8|0#9|0#10|0#11|0#12|0,0|0#1|0#2|0#3|0#4|0#5|0#6|0#7|0#8|0#9|0#10|0#11|0#12|0,0|0#1|0#2|0#3|0#4|0#5|0#6|0#7|0#8|0#9|0#10|0#11|0#12|0
49|111,0,0,0,0,0,0,0,0,0,0,0,0,0,0,0,0,,,,
48|34,3,1,10,0,4,2,1,1,0,0,4,3,0,0,0,0,,,,
109|3,0,0,0,0,0,0,0,1,1,0,0,0,0,0,0,0,,,,
126|125,0,0,0,0,0,0,0,0,0,0,0,0,0,0,0,0,,,,
0|130,0,0,0,0,0,0,0,0,0,0,0,0,0,0,0,0,,,,
139|112,0,0,1,0,0,0,0,0,0,0,0,0,1,0,0,0,,,,
75|136,0,0,0,0,0,0,0,0,0,0,0,0,0,0,0,0,,,,
7|24,0,0,0,0,0,0,0,0,0,0,0,0,0,0,0,0,,,,
9|7,0,0,0,0,2,2,1,0,6,0,0,0,0,0,0,0,,,,
112|121,0,0,0,0,0,0,0,0,0,0,0,0,0,0,0,0,,,,
98|98,0,0,0,0,0,0,0,0,0,0,0,0,0,0,0,0,,,,
95|50,2,0,2,0,0,0,0,0,1,0,0,3,0,0,0,0,0|0#1|0#2|0#3|4#4|4#5|2#6|3#7|3#8|3#9|3#10|3#11|4#12|0,0|0#1|0#2|0#3|4#4|3#5|2#6|2#7|2#8|2#9|2#10|2#11|2#12|0,0|0#1|0#2|0#3|4#4|3#5|2#6|4#7|2#8|3#9|3#10|3#11|4#12|0,0|0#1|0#2|0#3|4#4|2#5|2#6|2#7|2#8|2#9|2#10|2#11|2#12|0
147|31,0,0,0,1,0,0,0,0,0,0,0,1,0,0,0,0,,,,
1|147,0,0,0,0,0,0,0,0,0,0,0,0,0,0,0,0,,,,
88|81,0,0,0,0,0,0,0,0,0,0,0,0,0,0,0,0,0|0#1|0#2|0#3|0#4|0#5|0#6|0#7|0#8|0#9|0#10|0#11|0#12|0,0|0#1|0#2|0#3|0#4|0#5|0#6|0#7|0#8|0#9|0#10|0#11|0#12|0,0|0#1|0#2|0#3|0#4|0#5|0#6|0#7|0#8|0#9|0#10|0#11|0#12|0,0|0#1|0#2|0#3|0#4|0#5|0#6|0#7|0#8|0#9|0#10|0#11|0#12|0
128|20,0,0,0,0,1,0,0,0,0,0,1,0,0,0,0,0,,,,
88|123,0,0,0,0,0,0,0,0,0,0,0,0,0,0,0,0,,,,
135|1,0,0,0,0,0,0,0,0,0,0,0,0,0,0,0,0,,,,
151|133,0,0,0,0,0,0,0,0,0,0,0,0,0,0,0,0,,,,
76|6,0,0,0,0,0,0,0,0,0,0,0,0,0,0,0,0,,,,
113|138,13,4,3,4,0,10,0,2,11,3,3,11,4,0,0,0,,,,
67|45,0,0,0,0,0,0,0,0,0,0,0,0,0,0,0,0,,,,
36|124,0,0,0,0,0,0,0,0,0,0,0,0,0,0,0,0,,,,
119|26,0,0,0,0,0,0,0,0,0,0,0,0,0,0,0,0,,,,
29|23,0,0,0,0,0,0,0,0,0,0,0,0,0,0,0,0,0|0#1|0#2|0#3|0#4|0#5|0#6|0#7|0#8|0#9|0#10|0#11|0#12|0,,,
74|14,0,0,0,0,0,0,0,0,0,0,0,0,0,0,0,0,,,,
93|25,0,0,0,0,0,0,0,0,0,0,0,0,0,0,0,0,,0|0#1|0#2|0#3|0#4|0#5|0#6|0#7|0#8|0#9|0#10|0#11|0#12|0,,
23|137,0,0,0,0,0,0,0,0,0,0,0,0,0,0,0,0,,,,
69|70,0,0,0,0,0,0,0,0,0,0,0,0,0,0,0,0,,,0|0#1|0#2|0#3|0#4|0#5|0#6|0#7|0#8|0#9|0#10|0#11|0#12|0,
61|132,0,0,0,0,0,0,0,0,0,0,0,0,0,0,0,0,,,,
