4|15,0,0,0,0,0,0,0,0,0,0,0,0,0,0,0,0,,,,
35|146,0,0,0,0,0,0,0,0,0,0,0,0,0,0,0,0,,,,
6|40,0,0,0,0,0,0,0,0,0,0,0,0,0,0,0,0,,,,
26|14,0,0,0,0,0,0,0,1,0,0,0,0,0,0,0,0,,,,
45|25,0,0,0,0,0,0,0,0,0,0,0,0,0,0,0,0,,,,
9|88,0,0,0,0,0,0,0,0,0,0,0,0,0,0,0,0,,,,
125|11,0,0,0,0,0,0,0,0,0,0,0,0,0,0,0,0,,,,
38|56,0,0,0,0,0,0,0,0,1,0,0,0,0,0,0,0,,,,
48|133,0,0,0,0,0,0,0,0,0,0,0,0,0,0,0,0,,,,
138|134,0,0,0,0,0,0,0,1,0,0,0,0,0,0,0,0,,,,
64|36,0,0,0,0,0,0,0,0,0,0,0,0,0,0,0,0,,,,
19|45,0,0,0,0,0,0,0,0,0,0,0,0,0,0,0,0,,,,
128|59,0,0,0,0,0,0,0,0,0,0,0,0,0,0,0,0,,,,
11|8,0,0,0,0,0,0,0,0,1,0,0,0,0,0,0,0,,,,
76|78,0,0,0,0,0,0,0,2,0,0,0,0,0,0,2,0,,,0|0#1|0#2|0#3|0#4|0#5|0#6|0#7|0#8|0#9|0#10|0#11|0#12|0,
111|143,0,0,0,0,0,0,0,0,0,0,0,0,0,0,0,0,,,,
109|48,0,0,0,0,0,0,0,0,0,0,0,0,0,0,0,0,,0|0#1|0#2|0#3|0#4|0#5|0#6|0#7|0#8|0#9|0#10|0#11|0#12|0,0|0#1|0#2|0#3|0#4|0#5|0#6|0#7|0#8|0#9|0#10|0#11|0#12|0,0|0#1|0#2|0#3|0#4|0#5|0#6|0#7|0#8|0#9|0#10|0#11|0#12|0
73|30,0,0,0,0,0,0,0,12,0,0,0,0,0,0,0,0,0|0#1|0#2|0#3|0#4|0#5|0#6|0#7|0#8|0#9|0#10|0#11|0#12|0,,0|0#1|0#2|0#3|0#4|0#5|0#6|0#7|0#8|0#9|0#10|0#11|0#12|0,
137|53,0,0,0,0,0,0,0,0,0,0,0,0,0,0,0,0,,,,
90|16,0,0,0,0,0,0,0,0,1,0,0,0,0,0,0,0,,,,
95|89,0,1,0,0,0,1,0,0,1,0,0,5,1,0,0,0,,,,
144|22,0,0,0,0,0,0,0,0,0,0,0,0,0,0,0,0,,,,
73|141,0,0,0,0,0,0,0,0,0,0,0,0,0,0,0,0,,,,
116|17,0,0,0,0,0,0,0,0,0,0,0,0,0,0,0,0,,,,
66|61,0,0,0,0,0,0,0,0,0,0,0,0,1,0,0,0,,,,
85|72,19,3,23,1,1,2,3,5,8,0,5,0,5,0,0,0,0|0#1|0#2|0#3|0#4|2#5|2#6|1#7|2#8|1#9|0#10|2#11|2#12|0,0|0#1|0#2|0#3|0#4|0#5|0#6|0#7|0#8|0#9|0#10|0#11|0#12|0,0|0#1|0#2|0#3|1#4|2#5|2#6|1#7|1#8|0#9|1#10|1#11|1#12|0,0|0#1|0#2|0#3|0#4|0#5|0#6|1#7|0#8|0#9|0#10|1#11|0#12|0
124|130,0,0,0,0,0,0,0,0,0,0,0,0,0,0,0,0,,,,
57|67,0,0,0,0,0,0,0,0,0,0,0,0,0,0,0,0,,,,
92|41,0,0,0,0,0,0,0,0,0,0,0,2,0,0,0,0,0|0#1|0#2|0#3|0#4|0#5|0#6|0#7|0#8|0#9|0#10|0#11|0#12|0,0|0#1|0#2|0#3|0#4|0#5|0#6|0#7|0#8|0#9|0#10|0#11|0#12|0,0|0#1|0#2|0#3|0#4|0#5|0#6|0#7|0#8|0#9|0#10|0#11|0#12|0,0|0#1|0#2|0#3|0#4|0#5|0#6|0#7|0#8|0#9|0#10|0#11|0#12|0
59|92,0,0,0,0,0,0,0,0,0,0,0,0,0,0,0,0,,,,
83|47,0,0,0,0,0,0,0,0,0,0,0,0,1,0,0,0,0|0#1|0#2|0#3|0#4|0#5|0#6|0#7|0#8|0#9|0#10|0#11|0#12|0,0|0#1|0#2|0#3|0#4|0#5|0#6|0#7|0#8|0#9|0#10|0#11|0#12|0,0|0#1|0#2|0#3|0#4|0#5|0#6|0#7|0#8|0#9|0#10|0#11|0#12|0,0|0#1|0#2|0#3|0#4|0#5|0#6|0#7|0#8|0#9|0#10|0#11|0#12|0
118|42,0,0,0,0,0,0,0,0,0,0,0,0,0,0,0,0,,,,
135|28,0,0,0,0,0,0,0,0,0,0,0,0,0,0,0,0,,,,
21|142,0,0,0,0,0,0,0,0,0,0,0,0,0,0,0,0,,,,
47|50,0,0,0,0,0,0,0,0,0,0,0,0,0,0,0,0,0|0#1|0#2|0#3|0#4|0#5|0#6|0#7|0#8|0#9|0#10|0#11|0#12|0,,0|0#1|0#2|0#3|0#4|0#5|0#6|0#7|0#8|0#9|0#10|0#11|0#12|0,
87|145,0,0,0,0,0,0,0,0,0,0,0,0,0,0,0,0,,,,
149|95,0,0,0,0,0,0,0,0,0,0,0,0,0,0,0,0,,,,
125|147,0,0,0,0,0,0,0,0,0,0,0,0,0,0,0,0,,,,
