93|40,0,0,0,0,0,0,0,0,0,0,0,1,0,0,0,0,0|0#1|0#2|0#3|0#4|0#5|0#6|0#7|0#8|0#9|0#10|0#11|0#12|0,0|0#1|0#2|0#3|0#4|0#5|0#6|0#7|0#8|0#9|0#10|0#11|0#12|0,0|0#1|0#2|0#3|0#4|0#5|0#6|0#7|0#8|0#9|0#10|0#11|0#12|0,0|0#1|0#2|0#3|0#4|0#5|0#6|0#7|0#8|0#9|0#10|0#11|0#12|0
126|10,0,0,0,0,0,1,0,0,1,0,0,0,0,0,0,0,,,,
46|24,0,0,0,0,0,0,0,0,1,0,0,0,0,0,0,0,,,,
91|15,0,0,0,0,0,0,0,0,0,0,0,0,0,0,0,0,,,,
5|14,0,0,0,0,0,0,0,0,0,0,0,0,0,0,0,0,,,,
84|46,0,3,0,0,0,0,0,1,0,0,0,0,0,0,0,0,,,,
129|58,0,0,0,0,0,0,0,0,0,0,0,0,0,0,0,0,,,,
33|109,0,0,0,0,0,0,0,0,0,0,0,0,0,0,0,0,,,,
85|108,0,0,0,0,0,0,0,0,0,0,0,0,0,0,0,0,,,,
67|60,0,0,0,0,0,0,0,0,0,0,0,0,0,0,0,0,,,,
71|104,0,1,0,0,0,1,2,0,0,0,0,0,0,0,0,0,0|0#1|0#2|0#3|0#4|0#5|0#6|0#7|0#8|0#9|0#10|0#11|0#12|0,,,
21|7,0,0,0,0,0,0,0,0,0,0,0,0,0,0,0,0,,,,
148|69,0,0,0,0,0,0,0,0,0,0,0,4,0,0,0,0,,0|0#1|0#2|0#3|0#4|0#5|0#6|0#7|0#8|0#9|0#10|0#11|0#12|0,,
65|35,0,0,0,0,0,0,0,0,1,0,0,0,0,0,0,0,,,,
18|19,0,0,0,0,0,0,0,0,0,0,0,0,0,0,0,0,,,,
77|77,0,0,0,0,0,0,0,0,0,0,0,0,0,0,0,0,0|0#1|0#2|0#3|0#4|0#5|0#6|0#7|0#8|0#9|0#10|0#11|0#12|0,,0|0#1|0#2|0#3|0#4|0#5|0#6|0#7|0#8|0#9|0#10|0#11|0#12|0,
58|66,0,0,0,0,0,0,0,0,0,0,0,0,0,0,0,0,,,,
126|140,0,0,0,0,0,0,0,0,0,0,0,0,0,0,0,0,,,,
117|16,0,0,0,0,0,0,0,0,0,0,0,0,0,0,0,0,,,,
86|71,1,0,5,0,1,0,1,1,6,0,1,0,1,0,0,0,0|0#1|0#2|0#3|0#4|2#5|2#6|2#7|2#8|2#9|2#10|2#11|2#12|0,0|0#1|0#2|0#3|0#4|1#5|0#6|1#7|0#8|0#9|1#10|0#11|0#12|0,0|0#1|0#2|0#3|2#4|2#5|2#6|2#7|2#8|2#9|2#10|2#11|1#12|0,0|0#1|0#2|0#3|0#4|0#5|0#6|1#7|0#8|0#9|1#10|0#11|0#12|0
145|21,0,0,0,0,0,0,0,0,0,0,0,0,0,0,0,0,,,,
27|13,0,0,0,0,0,0,0,0,0,0,0,0,0,0,0,0,,,,
136|27,0,0,0,0,0,0,0,0,0,0,0,0,0,0,0,0,,,,
96|88,0,0,1,0,0,1,0,0,0,0,0,6,0,0,0,0,,0|0#1|0#2|0#3|0#4|0#5|0#6|0#7|0#8|0#9|0#10|0#11|0#12|0,,0|0#1|0#2|0#3|0#4|0#5|0#6|0#7|0#8|0#9|0#10|0#11|0#12|0
39|55,0,0,0,0,0,0,0,0,0,0,0,0,0,0,0,0,,,,
138|52,0,0,0,0,0,0,0,0,0,0,0,0,0,0,0,0,,,0|0#1|0#2|0#3|0#4|0#5|0#6|0#7|0#8|0#9|0#10|0#11|0#12|0,
119|41,0,0,0,0,0,0,0,0,0,0,0,0,0,0,0,0,,,,
