13|13,0,0,0,0,0,0,0,0,0,0,0,0,0,0,0,0,,,,
5|81,0,0,0,0,0,0,0,0,0,0,0,0,0,0,0,0,,,,
95|0,0,0,0,0,0,0,0,0,0,0,0,0,0,0,0,0,,,,
115|58,0,0,0,0,0,0,0,1,0,0,0,1,1,0,0,0,0|0#1|0#2|0#3|0#4|0#5|0#6|0#7|0#8|0#9|0#10|0#11|0#12|0,,0|0#1|0#2|0#3|0#4|0#5|0#6|0#7|0#8|0#9|0#10|0#11|0#12|0,
94|115,0,0,0,0,0,0,0,0,0,0,0,0,0,0,0,0,,,,
81|128,0,0,0,0,0,0,0,0,0,0,0,0,0,0,0,0,,,,
8|105,0,0,0,0,0,0,0,0,0,0,0,0,0,0,0,0,,,,
69|107,0,0,0,0,0,0,0,0,0,0,0,0,0,0,0,0,,,,
70|46,0,0,0,0,0,0,0,0,0,0,0,0,0,0,0,0,,,,
145|104,0,0,0,0,0,0,0,0,0,0,0,0,0,0,0,0,,,,
72|71,0,0,0,0,0,0,0,0,1,0,0,0,0,0,0,0,,,,
117|83,0,0,1,0,0,0,0,0,0,0,1,0,0,0,0,0,0|0#1|0#2|0#3|0#4|0#5|0#6|0#7|0#8|0#9|0#10|0#11|0#12|0,,0|0#1|0#2|0#3|0#4|0#5|0#6|0#7|0#8|0#9|0#10|0#11|0#12|0,
42|116,0,0,0,0,0,0,0,0,0,0,0,0,0,0,0,0,,,,
124|52,0,0,0,0,0,0,0,0,0,0,0,0,0,0,0,0,0|0#1|0#2|0#3|0#4|0#5|0#6|0#7|0#8|0#9|0#10|0#11|0#12|0,0|0#1|0#2|0#3|0#4|0#5|0#6|0#7|0#8|0#9|0#10|0#11|0#12|0,0|0#1|0#2|0#3|0#4|0#5|0#6|0#7|0#8|0#9|0#10|0#11|0#12|0,0|0#1|0#2|0#3|0#4|0#5|0#6|0#7|0#8|0#9|0#10|0#11|0#12|0
143|63,0,0,0,0,0,0,0,0,0,0,0,0,0,0,0,0,,,,
150|32,0,0,0,0,0,1,0,0,0,0,0,0,0,0,0,0,0|0#1|0#2|0#3|0#4|0#5|0#6|0#7|0#8|0#9|0#10|0#11|0#12|0,,0|0#1|0#2|0#3|0#4|0#5|0#6|0#7|0#8|0#9|0#10|0#11|0#12|0,0|0#1|0#2|0#3|0#4|0#5|0#6|0#7|0#8|0#9|0#10|0#11|0#12|0
103|16,0,0,0,0,0,0,0,0,0,0,0,0,0,0,0,0,,,,
82|88,0,0,0,0,0,0,0,0,0,0,0,0,0,0,0,0,0|0#1|0#2|0#3|0#4|0#5|0#6|0#7|0#8|0#9|0#10|0#11|0#12|0,,0|0#1|0#2|0#3|0#4|0#5|0#6|0#7|0#8|0#9|0#10|0#11|0#12|0,
18|86,0,0,0,0,0,0,0,0,0,0,0,0,0,0,0,0,,,,
131|100,1,1,12,0,4,0,0,1,8,0,8,1,1,0,0,0,,,,
69|2,0,0,0,0,0,0,0,0,0,0,0,0,0,0,0,0,,,,
112|10,0,0,0,0,0,0,0,0,0,0,0,0,0,0,0,0,,,,
46|91,0,0,0,0,0,0,0,3,0,0,0,0,0,0,0,0,,,,
51|35,0,0,0,0,0,0,0,0,0,0,0,0,0,0,0,0,,,,
3|56,0,0,0,0,0,0,0,0,0,0,0,0,0,0,0,0,,,,
55|103,0,1,0,0,0,0,0,0,0,0,0,0,0,0,0,0,,,,
80|111,0,0,0,0,0,0,0,0,0,0,0,0,0,0,0,0,,,,
122|27,0,0,0,0,0,0,0,0,0,0,0,0,0,0,0,0,,,,
27|80,0,0,0,0,0,0,0,0,0,0,0,0,0,0,0,0,,,,
131|21,0,0,0,0,0,0,0,0,0,0,0,0,0,0,0,0,,,0|0#1|0#2|0#3|0#4|0#5|0#6|0#7|0#8|0#9|0#10|0#11|0#12|0,
134|69,0,0,0,0,0,0,0,0,0,0,0,0,0,0,0,0,0|0#1|0#2|0#3|0#4|0#5|0#6|0#7|0#8|0#9|0#10|0#11|0#12|0,0|0#1|0#2|0#3|0#4|0#5|0#6|0#7|0#8|0#9|0#10|0#11|0#12|0,0|0#1|0#2|0#3|0#4|0#5|0#6|0#7|0#8|0#9|0#10|0#11|0#12|0,0|0#1|0#2|0#3|0#4|0#5|0#6|0#7|0#8|0#9|0#10|0#11|0#12|0
108|89,1,0,1,0,0,1,0,3,0,0,0,6,0,0,0,0,,,,
44|66,0,0,0,0,0,0,0,0,0,0,0,0,0,0,0,0,,,,
107|109,0,0,0,0,0,0,0,0,1,0,0,0,0,0,0,0,,,,
17|108,0,0,0,0,0,0,0,0,0,0,0,0,0,0,0,0,,,,
53|60,0,0,0,0,0,1,0,1,0,0,0,0,0,0,0,0,,,,
63|77,0,0,0,0,0,0,1,1,0,0,0,0,0,0,0,0,0|0#1|0#2|0#3|0#4|0#5|0#6|0#7|0#8|0#9|0#10|0#11|0#12|0,,0|0#1|0#2|0#3|0#4|0#5|0#6|0#7|0#8|0#9|0#10|0#11|0#12|0,
132|117,92,51,105,23,24,10,4,10,64,3,72,16,56,1,0,0,,,,
136|94,0,0,0,0,0,0,0,2,0,0,0,0,0,0,0,0,,,,
91|82,0,0,0,0,0,0,0,1,0,0,0,2,0,0,0,0,0|0#1|0#2|0#3|0#4|0#5|0#6|0#7|0#8|0#9|0#10|0#11|0#12|0,,0|0#1|0#2|0#3|0#4|0#5|0#6|0#7|0#8|0#9|0#10|0#11|0#12|0,
37|97,0,0,0,0,0,0,0,0,0,0,0,0,0,0,0,0,,,,
105|41,0,0,0,0,0,0,0,0,0,0,0,0,0,0,0,0,0|0#1|0#2|0#3|0#4|0#5|0#6|0#7|0#8|0#9|0#10|0#11|0#12|0,0|0#1|0#2|0#3|0#4|0#5|0#6|0#7|0#8|0#9|0#10|0#11|0#12|0,0|0#1|0#2|0#3|0#4|0#5|0#6|0#7|0#8|0#9|0#10|0#11|0#12|0,0|0#1|0#2|0#3|0#4|0#5|0#6|0#7|0#8|0#9|0#10|0#11|0#12|0
141|38,0,0,0,0,0,0,0,0,0,0,0,0,0,0,0,0,,,,
25|55,0,0,0,0,0,0,0,0,0,0,0,0,0,0,0,0,,,,
32|24,0,0,0,0,0,0,0,0,0,0,0,0,0,0,0,0,,,,
101|6,0,0,0,0,0,0,0,0,0,0,0,0,0,0,0,0,,,,
