30|123,0,0,0,0,0,0,0,0,0,0,0,0,0,0,0,0,,,,
14|13,0,0,0,0,0,0,0,0,0,0,0,0,0,0,0,0,,,,
142|38,0,0,0,0,0,0,0,0,0,0,0,0,0,0,0,0,,,,
57|114,0,0,0,0,0,0,0,0,0,0,0,0,0,0,0,0,,,,
83|88,0,0,0,0,0,0,0,0,0,0,0,0,0,0,0,0,,,,
144|63,1,0,2,0,0,2,0,2,5,0,1,0,0,0,0,0,0|0#1|0#2|0#3|0#4|0#5|0#6|0#7|0#8|0#9|0#10|0#11|0#12|0,0|0#1|0#2|0#3|0#4|0#5|0#6|0#7|0#8|0#9|0#10|0#11|0#12|0,0|0#1|0#2|0#3|0#4|0#5|0#6|0#7|0#8|0#9|0#10|0#11|0#12|0,0|0#1|0#2|0#3|0#4|0#5|0#6|0#7|0#8|0#9|0#10|0#11|0#12|0
64|77,0,0,0,0,0,0,0,0,0,0,0,0,0,0,0,0,0|0#1|0#2|0#3|0#4|0#5|0#6|0#7|0#8|0#9|0#10|0#11|0#12|0,0|0#1|0#2|0#3|0#4|0#5|0#6|0#7|0#8|0#9|0#10|0#11|0#12|0,0|0#1|0#2|0#3|0#4|0#5|0#6|0#7|0#8|0#9|0#10|0#11|0#12|0,0|0#1|0#2|0#3|0#4|0#5|0#6|0#7|0#8|0#9|0#10|0#11|0#12|0
113|10,0,0,0,0,0,0,0,0,0,0,0,0,0,0,0,0,,,,
44|127,0,0,0,0,0,0,0,0,0,0,0,0,0,0,0,0,,,,
43|110,0,0,0,0,0,0,0,0,0,0,0,0,0,0,0,0,,,,
104|16,0,0,0,0,0,0,0,0,0,0,0,0,0,0,0,0,,,,
90|57,65,22,203,10,8,17,16,19,9,2,59,51,20,0,0,0,0|0#1|0#2|0#3|4#4|3#5|3#6|4#7|4#8|4#9|4#10|4#11|4#12|0,0|0#1|0#2|0#3|4#4|2#5|2#6|2#7|2#8|2#9|2#10|2#11|2#12|0,0|0#1|0#2|0#3|4#4|3#5|3#6|4#7|4#8|4#9|4#10|4#11|4#12|0,0|0#1|0#2|0#3|3#4|2#5|2#6|2#7|2#8|2#9|2#10|2#11|2#12|0
18|102,0,0,0,0,0,0,0,0,0,0,0,0,0,0,0,0,,,,
147|115,0,0,0,0,0,0,0,0,0,0,0,0,0,0,0,0,,,,
111|6,0,0,0,0,0,0,0,0,0,0,0,0,0,0,0,0,,,,
19|119,0,0,0,0,0,0,0,0,0,0,0,0,0,0,0,0,,,,
116|58,0,0,0,0,0,0,0,0,0,0,0,0,0,0,0,0,,,,
45|66,0,0,0,0,0,0,0,0,0,0,0,0,0,0,0,0,,,,
123|27,1,0,0,0,2,1,1,2,4,0,2,0,0,0,0,0,,,,
135|69,0,0,0,0,0,0,0,0,0,0,0,0,0,0,0,0,,,,
120|124,0,0,0,0,0,0,0,0,0,0,0,0,0,0,0,0,,,,
137|94,0,0,0,0,0,0,0,0,0,0,0,0,0,0,0,0,,,,
73|71,0,0,0,0,0,1,0,1,1,0,0,2,1,0,0,0,,,,
125|52,0,0,0,0,0,0,0,0,0,0,0,0,0,0,0,0,,,,
54|60,0,0,0,0,0,0,0,0,0,0,0,0,0,0,0,0,,,,
96|126,0,0,0,0,0,0,0,0,0,0,0,0,0,0,0,0,,,,
38|97,0,0,0,0,0,0,0,0,0,0,0,0,0,0,0,0,,,,
33|24,0,0,0,0,0,0,0,0,0,0,0,0,0,0,0,0,,,,
47|91,0,0,0,0,0,0,0,0,0,0,0,0,0,0,0,0,,,,
118|83,0,0,0,0,0,0,0,0,0,0,0,1,3,0,0,0,,,0|0#1|0#2|0#3|0#4|0#5|0#6|0#7|0#8|0#9|0#10|0#11|0#12|0,
82|122,0,0,0,0,0,0,0,0,0,0,0,0,0,0,0,0,,,,
26|55,1,0,0,0,0,0,0,1,0,0,0,0,0,0,0,0,,,,
133|111,0,0,0,0,0,0,0,0,0,0,0,0,0,0,0,0,,,,
4|56,0,0,0,0,0,0,0,0,0,0,0,0,0,0,0,0,,,,
132|21,0,0,0,0,0,0,0,0,0,0,0,0,0,0,0,0,,,,
19|86,0,0,0,0,0,0,0,0,0,0,0,0,0,0,0,0,,,,
80|40,0,0,0,0,0,0,0,0,0,0,0,5,0,0,0,0,0|0#1|0#2|0#3|0#4|0#5|0#6|0#7|0#8|0#9|0#10|0#11|0#12|0,0|0#1|0#2|0#3|0#4|0#5|0#6|0#7|0#8|0#9|0#10|0#11|0#12|0,0|0#1|0#2|0#3|0#4|0#5|0#6|0#7|0#8|0#9|0#10|0#11|0#12|0,0|0#1|0#2|0#3|0#4|0#5|0#6|0#7|0#8|0#9|0#10|0#11|0#12|0
108|103,0,0,0,0,0,0,0,0,0,0,0,0,0,0,0,0,,,,
134|128,3,1,6,0,0,0,0,0,0,0,2,1,7,0,0,0,,,,
92|82,0,0,0,0,0,0,0,0,0,0,0,0,0,0,0,0,,,,
52|35,0,0,0,0,0,0,0,0,0,0,0,0,0,0,0,0,,,,
71|46,0,0,0,0,0,0,0,0,0,0,0,0,0,0,0,0,,,,
6|81,0,0,0,0,0,0,0,0,0,0,0,0,0,0,0,0,,,,
106|41,0,0,0,0,0,0,0,0,0,0,0,0,0,0,0,0,0|0#1|0#2|0#3|0#4|0#5|0#6|0#7|0#8|0#9|0#10|0#11|0#12|0,,0|0#1|0#2|0#3|0#4|0#5|0#6|0#7|0#8|0#9|0#10|0#11|0#12|0,
109|89,0,0,0,0,0,0,1,0,0,0,0,3,0,0,0,0,,,,
151|32,0,0,0,0,0,0,0,0,0,0,0,2,0,0,0,0,,,,
28|80,0,0,0,0,0,0,0,0,0,0,0,0,0,0,0,0,,,,
83|139,0,0,0,0,0,0,0,0,0,0,0,0,0,0,0,0,,,,
79|2,0,0,0,0,0,0,0,1,0,0,0,5,0,0,0,0,,,,
