17|79,0,0,0,0,0,0,0,0,0,0,0,0,0,0,0,0,,,,
142|56,0,0,0,0,0,0,0,0,0,0,0,0,0,0,0,0,,,,
151|50,0,0,1,0,1,2,0,1,0,0,1,0,1,0,0,0,,,,
31|17,1,0,1,0,1,1,0,0,1,0,0,1,0,0,0,0,,,,
52|53,0,0,0,0,0,0,0,0,0,0,0,0,0,0,0,0,,,,
71|64,22,2,67,2,6,2,7,8,3,0,18,8,13,0,0,0,0|0#1|0#2|0#3|0#4|0#5|0#6|0#7|1#8|0#9|0#10|0#11|0#12|0,0|0#1|0#2|0#3|0#4|0#5|0#6|0#7|0#8|0#9|0#10|0#11|0#12|0,0|0#1|0#2|0#3|0#4|0#5|0#6|0#7|0#8|0#9|0#10|0#11|0#12|0,0|0#1|0#2|0#3|0#4|0#5|0#6|0#7|0#8|0#9|0#10|0#11|0#12|0
4|74,0,0,0,0,0,0,0,0,0,0,0,0,0,0,0,0,,,,
104|34,0,0,0,0,0,0,0,0,0,0,0,0,0,0,0,0,0|0#1|0#2|0#3|0#4|0#5|0#6|0#7|0#8|0#9|0#10|0#11|0#12|0,0|0#1|0#2|0#3|0#4|0#5|0#6|0#7|0#8|0#9|0#10|0#11|0#12|0,0|0#1|0#2|0#3|0#4|0#5|0#6|0#7|0#8|0#9|0#10|0#11|0#12|0,0|0#1|0#2|0#3|0#4|0#5|0#6|0#7|0#8|0#9|0#10|0#11|0#12|0
44|145,0,0,0,0,0,0,0,0,0,0,0,0,0,0,0,0,,,,
19|137,0,0,0,0,0,0,0,0,0,0,0,0,0,0,0,0,,,,
40|11,0,0,0,0,0,0,0,0,0,0,0,0,0,0,0,0,,,,
90|75,16,14,33,5,5,5,2,7,5,0,7,1,3,0,0,0,0|0#1|0#2|0#3|2#4|2#5|0#6|0#7|0#8|0#9|0#10|0#11|1#12|0,0|0#1|0#2|0#3|2#4|1#5|0#6|0#7|0#8|0#9|0#10|0#11|0#12|0,0|0#1|0#2|0#3|2#4|0#5|0#6|0#7|0#8|0#9|0#10|0#11|1#12|0,0|0#1|0#2|0#3|1#4|0#5|0#6|0#7|0#8|0#9|0#10|0#11|0#12|0
130|14,0,0,0,0,0,0,0,0,0,0,0,0,0,0,0,0,,,,
123|45,0,0,0,0,0,0,0,0,0,0,0,0,0,0,0,0,0|0#1|0#2|0#3|0#4|0#5|0#6|0#7|0#8|0#9|0#10|0#11|0#12|0,,0|0#1|0#2|0#3|0#4|0#5|0#6|0#7|0#8|0#9|0#10|0#11|0#12|0,
64|95,0,0,0,0,0,0,0,0,0,0,0,0,0,0,0,0,,,,
14|31,0,0,0,0,0,0,0,0,0,0,0,0,0,0,0,0,,,,
50|28,0,0,0,0,0,0,0,0,0,0,0,0,0,0,0,0,,,,
18|120,0,0,0,0,0,0,0,0,0,0,0,0,0,0,0,0,,,,
96|144,0,0,0,0,0,0,0,0,0,0,0,0,0,0,0,0,,,,
134|146,0,0,0,0,0,0,0,0,0,0,0,0,0,0,0,0,,,,
33|42,0,0,0,0,0,0,0,0,0,0,0,0,0,0,0,0,,,,
24|48,0,0,0,0,0,0,0,0,0,0,0,0,0,0,0,0,,,,
144|81,0,0,0,0,0,0,0,0,0,0,0,0,0,0,0,0,,,,
50|4,0,0,0,0,0,0,0,0,0,0,0,0,0,0,0,0,,,,
30|141,0,0,0,0,0,0,0,0,0,0,0,0,0,0,0,0,,,,
116|76,0,0,1,0,0,0,0,1,1,0,0,1,0,0,0,0,,,,
57|132,0,0,0,0,0,0,0,0,0,0,0,0,0,0,0,0,,,,
120|142,1,0,3,0,1,0,0,0,10,0,4,1,1,0,0,0,,,,
24|6,0,0,4,0,1,1,1,1,6,0,1,0,0,0,0,0,,,,
26|73,0,0,0,0,0,0,0,0,0,0,0,0,0,0,0,0,,,,
43|59,0,0,0,0,0,0,0,0,0,0,0,0,0,0,0,0,,,,
108|121,0,0,0,0,0,0,1,0,0,0,0,0,0,0,0,0,,,,
45|84,0,0,0,0,0,0,0,0,0,0,0,0,0,0,0,0,,,,
2|49,0,0,0,0,0,0,0,0,0,0,0,0,0,0,0,0,,,,
125|70,0,0,0,0,0,0,0,0,0,0,0,0,0,0,0,0,0|0#1|0#2|0#3|0#4|0#5|0#6|0#7|0#8|0#9|0#10|0#11|0#12|0,0|0#1|0#2|0#3|0#4|0#5|0#6|0#7|0#8|0#9|0#10|0#11|0#12|0,0|0#1|0#2|0#3|0#4|0#5|0#6|0#7|0#8|0#9|0#10|0#11|0#12|0,0|0#1|0#2|0#3|0#4|0#5|0#6|0#7|0#8|0#9|0#10|0#11|0#12|0
147|133,0,0,5,0,4,3,1,0,1,0,4,0,1,0,0,0,,,,
135|87,0,1,0,0,0,1,0,0,0,0,0,1,0,0,0,0,,,,
82|140,0,0,0,0,0,0,0,0,0,0,0,0,0,0,0,0,,,,
109|138,1,1,2,1,0,0,0,0,0,0,0,2,1,0,0,0,,,,
