20|12,0,0,0,0,0,0,0,0,0,0,0,0,0,0,0,0,,,,
134|99,0,0,0,0,0,0,0,0,0,0,0,0,0,0,0,0,,,,
131|130,0,0,0,0,0,1,0,0,0,0,0,0,0,0,0,0,,,,
13|43,0,0,0,0,0,0,0,0,0,0,0,0,0,0,0,0,,,,
145|134,0,0,0,0,0,0,0,0,0,0,0,0,0,0,0,0,,,,
103|46,0,0,0,0,0,0,1,0,1,0,1,0,0,0,0,0,0|0#1|0#2|0#3|0#4|0#5|0#6|0#7|0#8|0#9|0#10|0#11|0#12|0,0|0#1|0#2|0#3|0#4|0#5|0#6|0#7|0#8|0#9|0#10|0#11|0#12|0,0|0#1|0#2|0#3|0#4|0#5|0#6|0#7|0#8|0#9|0#10|0#11|0#12|0,
105|71,1,0,4,0,0,0,1,0,1,0,3,0,0,0,1,0,0|0#1|0#2|0#3|2#4|1#5|0#6|0#7|0#8|0#9|0#10|0#11|0#12|0,0|0#1|0#2|0#3|1#4|0#5|0#6|0#7|0#8|0#9|0#10|0#11|0#12|0,0|0#1|0#2|0#3|2#4|0#5|0#6|0#7|0#8|0#9|0#10|0#11|0#12|0,0|0#1|0#2|0#3|0#4|0#5|0#6|0#7|0#8|0#9|0#10|0#11|0#12|0
8|135,0,0,0,0,0,0,0,0,0,0,0,0,0,0,0,0,,,,
68|120,0,0,0,0,0,0,0,0,0,0,0,0,0,0,0,0,,,,
53|90,1,10,0,0,0,0,0,1,0,1,0,0,0,0,0,0,0|0#1|0#2|0#3|0#4|0#5|0#6|0#7|0#8|0#9|0#10|0#11|0#12|0,,0|0#1|0#2|0#3|0#4|0#5|0#6|0#7|0#8|0#9|0#10|0#11|0#12|0,
11|18,0,0,0,0,0,0,0,0,0,0,0,0,0,0,0,0,,,,
17|138,0,0,0,0,0,0,0,0,0,0,0,0,0,0,0,0,,,,
42|146,0,0,0,0,0,0,0,0,0,0,0,0,0,0,0,0,,,,
49|7,0,0,0,0,0,0,0,0,0,0,0,0,0,0,0,0,,,,
55|133,0,0,0,0,0,0,0,0,0,0,0,0,0,0,0,0,,,,
99|11,0,0,0,0,0,0,0,0,0,0,0,0,0,0,0,0,,,,
115|88,25,8,23,9,1,1,2,4,11,0,5,11,11,0,0,0,0|0#1|0#2|0#3|0#4|0#5|0#6|0#7|0#8|0#9|0#10|0#11|0#12|0,0|0#1|0#2|0#3|0#4|0#5|0#6|0#7|0#8|0#9|0#10|0#11|0#12|0,0|0#1|0#2|0#3|0#4|0#5|0#6|0#7|0#8|0#9|0#10|0#11|0#12|0,0|0#1|0#2|0#3|0#4|0#5|0#6|0#7|0#8|0#9|0#10|0#11|0#12|0
108|2,0,0,0,0,0,0,0,0,0,0,0,0,0,0,0,0,,,,
8|6,0,0,0,0,0,1,0,0,1,0,0,0,0,0,0,0,,,,
131|51,0,0,0,0,0,0,0,0,0,0,0,0,0,0,0,0,,,,
70|76,0,0,0,0,0,0,0,0,0,0,0,1,1,0,0,0,0|0#1|0#2|0#3|0#4|0#5|0#6|0#7|0#8|0#9|0#10|0#11|0#12|0,0|0#1|0#2|0#3|0#4|0#5|0#6|0#7|0#8|0#9|0#10|0#11|0#12|0,0|0#1|0#2|0#3|0#4|0#5|0#6|0#7|0#8|0#9|0#10|0#11|0#12|0,
44|96,0,0,0,0,0,0,0,0,0,0,0,0,0,0,0,0,,,,
132|147,0,0,0,0,0,0,0,0,0,0,0,0,0,0,0,0,,,,
3|86,0,0,0,0,0,0,0,0,0,0,0,0,0,0,0,0,,,,
75|5,0,0,0,0,0,0,0,0,0,0,0,0,0,0,0,0,,,,
94|145,0,0,0,0,0,0,0,0,0,0,0,0,0,0,0,0,,,,
30|29,0,0,0,0,0,0,1,0,1,0,0,1,0,0,0,0,,,,
107|139,0,0,0,0,0,0,0,0,1,0,0,0,0,0,0,0,,,,
150|62,0,0,0,0,0,0,0,0,0,0,0,0,0,0,0,0,,,,
141|68,0,0,0,0,0,0,0,0,0,0,0,0,0,0,0,0,,,,
32|54,0,0,0,0,0,0,0,0,0,0,0,0,0,0,0,0,,,,
122|57,71,11,60,0,3,26,7,10,5,0,43,4,7,0,0,0,0|0#1|0#2|0#3|0#4|0#5|0#6|0#7|0#8|0#9|0#10|0#11|0#12|0,0|0#1|0#2|0#3|0#4|0#5|0#6|0#7|0#8|0#9|0#10|0#11|0#12|0,0|0#1|0#2|0#3|0#4|0#5|0#6|0#7|0#8|0#9|0#10|0#11|0#12|0,0|0#1|0#2|0#3|0#4|0#5|0#6|0#7|0#8|0#9|0#10|0#11|0#12|0
25|85,0,0,0,0,0,0,0,0,0,0,0,0,0,0,0,0,,,,
51|65,0,0,0,0,0,0,0,1,0,0,0,0,0,0,0,0,,,,
16|121,0,0,0,0,0,0,0,0,0,0,0,0,0,0,0,0,,,,
124|82,0,0,0,0,0,0,0,0,0,0,0,0,1,0,0,0,0|0#1|0#2|0#3|0#4|0#5|0#6|0#7|0#8|0#9|0#10|0#11|0#12|0,,0|0#1|0#2|0#3|0#4|0#5|0#6|0#7|0#8|0#9|0#10|0#11|0#12|0,
112|40,0,0,0,0,0,0,0,0,0,0,0,0,0,0,0,0,,,0|0#1|0#2|0#3|0#4|0#5|0#6|0#7|0#8|0#9|0#10|0#11|0#12|0,
106|122,0,0,0,0,0,0,0,0,0,0,0,0,0,0,0,0,,,,
143|93,0,0,0,0,0,0,0,0,0,0,0,0,0,0,0,0,,0|0#1|0#2|0#3|0#4|0#5|0#6|0#7|0#8|0#9|0#10|0#11|0#12|0,,0|0#1|0#2|0#3|0#4|0#5|0#6|0#7|0#8|0#9|0#10|0#11|0#12|0
134|0,0,0,0,0,0,0,0,0,0,0,0,0,0,0,0,0,,,,
110|15,0,0,0,0,0,0,0,0,0,0,0,0,0,0,0,0,,,,
69|137,0,0,0,0,0,0,0,0,0,0,0,0,0,0,0,0,,,,
80|141,0,0,0,0,0,0,0,0,0,0,0,0,0,0,0,0,,,,
