102|60,253,77,446,6,26,37,60,39,27,22,192,19,31,1,0,0,0|0#1|0#2|0#3|4#4|4#5|4#6|4#7|4#8|4#9|4#10|4#11|4#12|0,0|0#1|0#2|0#3|4#4|4#5|4#6|4#7|4#8|4#9|4#10|4#11|4#12|0,0|0#1|0#2|0#3|4#4|4#5|4#6|4#7|4#8|4#9|4#10|4#11|4#12|0,0|0#1|0#2|0#3|4#4|4#5|4#6|4#7|4#8|4#9|4#10|4#11|4#12|0
105|142,0,0,0,0,2,0,0,0,1,0,1,1,1,0,0,0,,,,
3|108,0,0,0,0,0,0,0,0,0,0,0,0,0,0,0,0,,,,
112|77,0,0,0,0,0,0,0,0,1,0,0,0,0,0,0,0,,,,
140|82,0,0,0,0,0,0,0,0,0,0,0,0,0,0,0,0,,,,
89|31,0,0,0,0,0,0,0,1,1,0,0,0,2,0,0,0,0|0#1|0#2|0#3|0#4|0#5|0#6|0#7|0#8|0#9|0#10|0#11|0#12|0,0|0#1|0#2|0#3|0#4|0#5|0#6|0#7|0#8|0#9|0#10|0#11|0#12|0,0|0#1|0#2|0#3|0#4|0#5|0#6|0#7|0#8|0#9|0#10|0#11|0#12|0,0|0#1|0#2|0#3|0#4|0#5|0#6|0#7|0#8|0#9|0#10|0#11|0#12|0
119|146,0,0,0,0,0,0,0,0,0,0,0,0,0,0,0,0,,,,
10|5,0,0,0,0,0,0,0,0,0,0,0,0,0,0,0,0,,,,
60|96,0,0,0,0,0,0,0,0,0,0,0,0,0,0,0,0,0|0#1|0#2|0#3|0#4|0#5|1#6|1#7|1#8|0#9|0#10|0#11|0#12|0,0|0#1|0#2|0#3|0#4|0#5|0#6|0#7|0#8|0#9|0#10|0#11|0#12|0,0|0#1|0#2|0#3|0#4|1#5|1#6|1#7|1#8|0#9|0#10|0#11|0#12|0,0|0#1|0#2|0#3|0#4|0#5|0#6|0#7|0#8|0#9|0#10|0#11|0#12|0
15|141,0,0,0,0,0,0,0,0,0,0,0,0,0,0,0,0,,,,
131|88,0,0,0,0,0,0,0,0,0,0,0,0,0,0,0,0,,,,
100|35,0,0,0,0,0,0,0,0,0,0,0,0,0,0,0,0,,,,
29|145,0,0,0,0,0,0,0,0,0,0,0,0,0,0,0,0,,,,
150|99,0,0,0,0,0,0,0,0,0,0,0,0,0,0,0,0,,,,
10|32,0,0,0,0,0,0,0,0,0,0,0,0,0,0,0,0,,,,
20|49,0,1,0,0,0,0,0,0,0,0,0,0,0,0,0,0,,,,
99|48,33,23,13,1,2,3,0,8,1,1,12,1,13,0,0,0,0|0#1|0#2|0#3|2#4|4#5|4#6|4#7|4#8|4#9|4#10|4#11|4#12|0,0|0#1|0#2|0#3|1#4|2#5|2#6|3#7|2#8|2#9|2#10|2#11|2#12|0,0|0#1|0#2|0#3|3#4|4#5|4#6|3#7|4#8|4#9|4#10|4#11|4#12|0,0|0#1|0#2|0#3|2#4|2#5|3#6|2#7|2#8|2#9|2#10|2#11|2#12|0
0|75,0,0,0,0,0,0,0,0,0,0,0,0,0,0,0,0,,,,
140|107,0,0,0,0,0,0,0,0,0,0,0,0,0,0,0,0,,,,
22|74,0,0,0,0,0,0,0,0,0,0,0,0,0,0,0,0,,,,
50|106,0,0,0,0,0,0,0,0,0,0,0,0,1,0,0,0,,,,
67|140,0,0,0,0,0,0,0,0,0,0,0,0,0,0,0,0,,,,
41|85,0,0,0,0,0,0,0,0,0,0,0,0,0,0,0,0,,,,
121|71,0,0,0,0,0,0,0,0,0,0,0,0,0,0,0,0,,,,
