11|117,0,0,0,0,0,0,0,0,0,0,0,0,0,0,0,0,,,,
68|18,0,0,0,0,0,0,0,0,0,0,0,0,0,0,0,0,,,,
87|29,0,0,0,0,0,0,0,0,0,0,0,0,0,0,0,0,,,,
31|91,0,2,0,0,0,0,0,1,0,0,0,0,0,0,0,0,,,,
114|105,1,0,0,0,0,0,0,1,3,0,0,1,4,0,0,0,,,,
102|83,1,1,3,0,0,0,0,2,0,0,1,0,0,0,0,0,,,,
100|58,141,64,183,9,26,33,7,30,14,22,83,216,48,2,0,0,0|0#1|0#2|0#3|4#4|4#5|4#6|4#7|4#8|4#9|4#10|4#11|4#12|0,0|0#1|0#2|0#3|4#4|4#5|4#6|4#7|4#8|4#9|4#10|4#11|4#12|0,0|0#1|0#2|0#3|4#4|4#5|4#6|4#7|4#8|4#9|4#10|4#11|4#12|0,0|0#1|0#2|0#3|4#4|4#5|4#6|4#7|4#8|4#9|4#10|4#11|4#12|0
152|100,0,0,0,0,0,0,0,0,0,0,0,0,0,0,0,0,,,,
10|100,0,0,0,0,0,0,0,0,0,0,0,0,0,0,0,0,,,,
100|101,0,0,0,0,0,0,1,0,1,0,0,0,0,0,0,0,,,,
24|104,0,0,0,0,0,0,0,0,0,0,0,0,0,0,0,0,,,,
63|116,2,3,3,0,0,0,1,6,1,0,2,0,1,0,0,0,,,,
121|94,0,0,0,0,0,0,0,0,0,0,0,0,0,0,0,0,,,,
50|129,0,0,0,0,0,0,0,0,0,0,0,0,0,0,0,0,,,,
139|1,0,0,0,0,0,0,0,0,0,0,0,0,0,0,0,0,,,,
38|108,0,0,0,0,0,0,0,0,0,0,0,0,0,0,0,0,,,,
22|97,0,0,0,0,0,0,0,0,0,0,0,0,0,0,0,0,,,,
12|80,0,0,0,0,0,0,0,0,0,0,0,0,0,0,0,0,,,,
77|12,0,0,0,0,0,0,0,0,0,0,0,0,0,0,0,0,,,,
89|54,19,2,24,0,8,1,1,5,0,2,4,4,15,0,0,0,0|0#1|0#2|0#3|4#4|2#5|2#6|2#7|2#8|2#9|2#10|3#11|3#12|0,0|0#1|0#2|0#3|3#4|2#5|1#6|2#7|2#8|2#9|2#10|2#11|2#12|0,0|0#1|0#2|0#3|3#4|2#5|2#6|2#7|2#8|2#9|3#10|3#11|3#12|0,0|0#1|0#2|0#3|2#4|2#5|2#6|2#7|2#8|2#9|2#10|2#11|2#12|0
0|98,0,0,0,0,0,0,0,0,0,0,0,0,0,0,0,0,,,,
10|55,0,0,0,0,0,0,0,0,0,0,0,0,0,0,0,0,,,,
76|103,0,0,0,0,0,0,0,1,0,0,0,0,0,0,0,0,,,,
128|109,0,0,0,3,2,0,0,0,0,0,0,21,0,0,0,0,,,,
101|118,0,0,0,0,0,0,0,0,0,0,0,0,0,0,0,0,,,,
96|23,0,1,0,0,0,0,0,1,0,0,0,1,0,0,0,0,0|0#1|0#2|0#3|0#4|0#5|0#6|0#7|0#8|0#9|0#10|0#11|0#12|0,,0|0#1|0#2|0#3|0#4|0#5|0#6|0#7|0#8|0#9|0#10|0#11|0#12|0,0|0#1|0#2|0#3|0#4|0#5|0#6|0#7|0#8|0#9|0#10|0#11|0#12|0
2|114,0,0,0,0,0,0,0,0,0,0,0,0,0,0,0,0,,,,
