134|4,0,0,0,0,0,0,0,0,0,0,0,0,0,0,0,0,,,,
60|63,0,0,0,0,0,0,0,0,0,0,0,1,0,0,0,0,0|0#1|0#2|0#3|0#4|0#5|0#6|0#7|0#8|0#9|0#10|0#11|0#12|0,0|0#1|0#2|0#3|0#4|0#5|0#6|0#7|0#8|0#9|0#10|0#11|0#12|0,0|0#1|0#2|0#3|0#4|0#5|0#6|0#7|0#8|0#9|0#10|0#11|0#12|0,
68|124,0,0,0,0,0,0,0,0,0,0,0,0,0,0,0,0,,,,
106|126,1,0,0,0,0,0,0,3,0,0,0,0,0,0,0,0,,,,
144|121,1,0,0,0,2,0,1,1,1,0,3,0,2,0,0,0,,,,
55|137,0,0,0,0,0,0,0,0,0,0,0,0,0,0,0,0,,,,
112|44,0,0,0,0,0,0,0,0,0,0,0,0,1,0,0,0,0|0#1|0#2|0#3|0#4|0#5|0#6|0#7|0#8|0#9|0#10|0#11|0#12|0,0|0#1|0#2|0#3|0#4|0#5|0#6|0#7|0#8|0#9|0#10|0#11|0#12|0,0|0#1|0#2|0#3|0#4|0#5|0#6|0#7|0#8|0#9|0#10|0#11|0#12|0,0|0#1|0#2|0#3|0#4|0#5|0#6|0#7|0#8|0#9|0#10|0#11|0#12|0
8|139,0,0,0,0,0,0,0,0,0,0,0,0,0,0,0,0,,,,
0|42,0,0,0,0,0,0,0,0,0,0,0,0,0,0,0,0,,,,
131|55,0,0,0,0,0,0,0,0,0,0,0,0,0,0,0,0,0|0#1|0#2|0#3|0#4|0#5|0#6|0#7|0#8|0#9|0#10|0#11|0#12|0,,0|0#1|0#2|0#3|0#4|0#5|0#6|0#7|0#8|0#9|0#10|0#11|0#12|0,
51|69,0,0,0,0,0,0,0,0,0,0,0,0,0,0,0,0,,,,
13|47,0,0,0,0,0,0,0,0,0,0,0,0,0,0,0,0,,,,
131|134,0,0,0,0,0,0,0,0,1,0,0,1,1,0,0,0,,,,
145|138,0,0,0,0,0,0,0,0,1,0,0,0,0,0,0,0,,,,
34|83,0,0,0,0,0,0,0,0,0,0,0,0,0,0,0,0,,,,
53|94,0,0,0,0,0,0,0,0,0,0,0,0,0,0,0,0,,,,
41|52,0,0,0,0,0,0,0,0,0,0,0,0,0,0,0,0,,,,
16|125,0,0,0,0,0,0,0,0,0,0,0,0,0,0,0,0,,,,
105|75,1,1,3,1,0,0,0,0,1,0,0,2,3,0,0,0,0|0#1|0#2|0#3|3#4|2#5|2#6|2#7|2#8|2#9|2#10|1#11|2#12|0,0|0#1|0#2|0#3|2#4|2#5|0#6|1#7|1#8|0#9|2#10|1#11|0#12|0,0|0#1|0#2|0#3|2#4|1#5|2#6|2#7|2#8|1#9|2#10|2#11|1#12|0,0|0#1|0#2|0#3|2#4|0#5|1#6|1#7|0#8|0#9|1#10|0#11|0#12|0
150|66,1,1,5,0,0,2,1,1,0,0,1,0,0,0,0,0,0|0#1|0#2|0#3|0#4|0#5|0#6|0#7|0#8|0#9|0#10|0#11|0#12|0,,0|0#1|0#2|0#3|0#4|0#5|0#6|0#7|0#8|0#9|0#10|0#11|0#12|0,
152|91,0,0,1,0,2,2,0,0,1,0,1,0,0,0,0,0,,,,
29|112,0,0,0,0,0,0,0,0,0,0,0,0,0,0,0,0,,,,
108|6,0,0,0,0,0,0,0,0,0,0,0,0,0,0,0,0,,,,
110|19,0,0,0,0,0,0,0,0,0,0,0,0,0,0,0,0,,,,
22|41,0,0,0,0,0,0,0,0,0,0,0,0,0,0,0,0,,,,
99|15,0,0,0,0,0,0,0,0,0,0,0,2,0,0,0,0,,,,
32|58,0,0,0,0,0,0,0,0,0,0,0,0,0,0,0,0,,0|0#1|0#2|0#3|0#4|0#5|0#6|0#7|0#8|0#9|0#10|0#11|0#12|0,,0|0#1|0#2|0#3|0#4|0#5|0#6|0#7|0#8|0#9|0#10|0#11|0#12|0
124|86,0,0,0,0,0,0,0,0,1,0,0,0,0,0,0,0,,0|0#1|0#2|0#3|0#4|0#5|0#6|0#7|0#8|0#9|0#10|0#11|0#12|0,0|0#1|0#2|0#3|0#4|0#5|0#6|0#7|0#8|0#9|0#10|0#11|0#12|0,0|0#1|0#2|0#3|0#4|0#5|0#6|0#7|0#8|0#9|0#10|0#11|0#12|0
143|97,0,0,0,0,0,0,1,0,1,0,0,0,0,0,0,0,,,,
133|80,0,0,0,0,0,0,0,2,0,0,0,1,0,0,0,0,0|0#1|0#2|0#3|0#4|0#5|0#6|0#7|0#8|0#9|0#10|0#11|0#12|0,,0|0#1|0#2|0#3|0#4|0#5|0#6|0#7|0#8|0#9|0#10|0#11|0#12|0,0|0#1|0#2|0#3|0#4|0#5|0#6|0#7|0#8|0#9|0#10|0#11|0#12|0
80|145,0,0,0,0,0,0,0,0,0,0,0,0,0,0,0,0,,,,
93|132,0,0,0,0,0,0,0,0,0,0,0,0,0,0,0,0,,,,
41|133,0,0,0,0,0,0,0,0,0,0,0,0,1,0,0,0,,,,
15|72,0,0,0,0,0,0,0,0,0,0,0,0,0,0,0,0,,,,
7|122,0,0,0,0,0,0,0,0,0,0,0,0,0,0,0,0,,,,
119|113,0,0,0,0,0,0,0,0,1,0,0,1,0,0,0,0,,,,
54|120,0,0,0,0,0,0,0,0,0,0,0,0,0,0,0,0,,,,
75|9,0,0,0,0,0,0,0,0,0,0,0,0,0,0,0,0,,,,
20|16,0,0,1,0,0,0,0,0,0,0,0,1,0,0,0,0,,,,
25|89,0,0,0,0,0,0,0,0,0,0,0,0,0,0,0,0,,,,
