45|12,0,0,0,0,0,0,0,1,0,0,0,0,0,0,0,0,,,,
109|35,0,0,0,0,0,0,0,0,0,0,0,0,0,0,0,0,,,,
64|23,0,0,0,0,0,0,0,0,0,0,0,0,0,0,0,0,,,,
22|146,0,0,0,0,0,0,0,0,0,0,0,0,0,0,0,0,,,,
95|76,0,0,5,0,0,0,0,0,0,0,0,0,0,0,0,0,0|0#1|0#2|0#3|0#4|0#5|0#6|0#7|0#8|0#9|0#10|0#11|0#12|0,0|0#1|0#2|0#3|0#4|0#5|0#6|0#7|0#8|0#9|0#10|0#11|0#12|0,0|0#1|0#2|0#3|0#4|0#5|0#6|0#7|0#8|0#9|0#10|0#11|0#12|0,0|0#1|0#2|0#3|0#4|0#5|0#6|0#7|0#8|0#9|0#10|0#11|0#12|0
133|2,0,0,0,0,0,0,0,0,0,0,0,0,0,0,0,0,,,,
128|46,1,1,0,0,0,0,0,12,0,0,2,0,5,0,0,0,,0|0#1|0#2|0#3|0#4|0#5|0#6|0#7|0#8|0#9|0#10|0#11|0#12|0,,0|0#1|0#2|0#3|0#4|0#5|0#6|0#7|0#8|0#9|0#10|0#11|0#12|0
38|43,0,0,0,0,0,0,0,0,0,0,0,0,0,0,0,0,,0|0#1|0#2|0#3|0#4|0#5|0#6|0#7|0#8|0#9|0#10|0#11|0#12|0,0|0#1|0#2|0#3|0#4|0#5|0#6|0#7|0#8|0#9|0#10|0#11|0#12|0,
74|145,0,0,0,0,0,0,0,0,0,0,0,0,0,0,0,0,,,,
135|15,0,0,0,0,0,0,0,0,0,0,0,0,0,0,0,0,,,,
57|54,0,0,5,0,5,1,0,0,6,0,4,0,0,0,0,0,0|0#1|0#2|0#3|0#4|0#5|0#6|0#7|0#8|0#9|0#10|0#11|0#12|0,0|0#1|0#2|0#3|0#4|0#5|0#6|0#7|0#8|0#9|0#10|0#11|0#12|0,0|0#1|0#2|0#3|0#4|0#5|0#6|0#7|0#8|0#9|0#10|0#11|0#12|0,0|0#1|0#2|0#3|0#4|0#5|0#6|0#7|0#8|0#9|0#10|0#11|0#12|0
76|65,239,62,266,7,8,52,7,41,1,3,79,5,16,2,0,0,0|0#1|0#2|0#3|1#4|0#5|1#6|1#7|0#8|2#9|2#10|1#11|2#12|0,0|0#1|0#2|0#3|1#4|0#5|0#6|0#7|0#8|0#9|0#10|0#11|1#12|0,0|0#1|0#2|0#3|0#4|0#5|1#6|2#7|1#8|2#9|1#10|2#11|2#12|0,0|0#1|0#2|0#3|0#4|0#5|0#6|0#7|0#8|1#9|0#10|1#11|1#12|0
55|29,0,0,0,0,0,0,0,0,0,0,0,0,0,0,0,0,,0|0#1|0#2|0#3|0#4|0#5|0#6|0#7|0#8|0#9|0#10|0#11|0#12|0,,
83|34,13,1,18,3,6,0,1,4,3,0,5,2,13,0,0,0,0|0#1|0#2|0#3|0#4|0#5|0#6|0#7|0#8|0#9|0#10|0#11|0#12|0,0|0#1|0#2|0#3|0#4|0#5|0#6|0#7|0#8|0#9|0#10|0#11|0#12|0,0|0#1|0#2|0#3|0#4|0#5|0#6|0#7|0#8|0#9|0#10|0#11|0#12|0,0|0#1|0#2|0#3|0#4|0#5|0#6|0#7|0#8|0#9|0#10|0#11|0#12|0
69|96,0,0,0,0,0,0,0,0,1,0,0,0,0,0,0,0,,,,
74|7,0,0,0,0,0,0,0,0,0,0,0,0,0,0,0,0,,,,
107|4,0,0,0,0,0,0,0,0,0,0,0,0,0,0,0,0,,,,
7|8,0,0,0,0,0,0,0,0,0,0,0,0,0,0,0,0,,,,
138|121,0,0,0,0,0,0,0,0,0,0,0,0,0,0,0,0,,,,
149|82,0,0,0,0,0,0,0,0,0,0,0,0,0,0,0,0,,,,
9|75,0,0,0,0,0,0,0,0,0,0,0,0,0,0,0,0,,,,
48|9,0,0,0,0,0,0,0,0,0,0,0,0,0,0,0,0,,,,
139|138,0,0,0,0,0,0,0,0,0,0,0,0,0,0,0,0,,,,
87|132,0,0,0,0,0,0,0,0,0,0,0,0,0,0,0,0,,,,
78|90,0,0,0,0,0,0,0,0,0,0,0,0,0,0,0,0,0|0#1|0#2|0#3|0#4|0#5|0#6|0#7|0#8|0#9|0#10|0#11|0#12|0,,0|0#1|0#2|0#3|0#4|0#5|0#6|0#7|0#8|0#9|0#10|0#11|0#12|0,
36|18,0,0,0,0,0,0,0,0,0,0,0,0,0,0,0,0,,,,
29|49,0,0,0,0,0,0,0,0,0,0,0,0,0,0,0,0,,,,
60|141,0,0,0,0,0,0,0,0,0,0,0,0,0,0,0,0,,,,
49|137,0,0,0,0,0,0,0,0,0,0,0,0,0,0,0,0,,,,
111|130,0,0,0,0,0,0,0,0,0,0,0,0,0,0,0,0,,,,
137|40,0,0,0,0,0,0,0,0,0,0,0,0,0,0,0,0,,,,
35|133,0,0,0,0,0,0,0,0,0,0,0,0,0,0,0,0,,,,
147|57,0,0,0,0,0,0,0,0,0,0,0,0,0,0,0,0,,,,
150|142,0,0,0,0,0,0,0,0,0,0,0,0,0,0,0,0,,,,
48|120,0,0,0,0,0,0,0,0,0,0,0,0,0,0,0,0,,,,
112|147,0,0,0,0,0,0,0,0,0,0,0,0,0,0,0,0,,,,
19|32,0,0,1,0,0,0,0,1,0,0,0,1,1,0,0,0,,,,
125|134,0,0,1,0,0,0,0,0,0,0,0,0,0,0,0,0,,,,
