79|9,1,3,3,0,1,0,0,0,0,0,0,2,1,0,0,0,,,,
146|95,0,0,0,0,0,1,0,0,0,0,0,0,0,0,0,0,,,,
122|11,0,0,0,0,0,0,0,0,0,0,0,0,0,0,0,0,,,,
80|47,0,0,0,0,0,0,0,0,0,0,0,1,0,0,0,0,,,0|0#1|0#2|0#3|0#4|0#5|0#6|0#7|0#8|0#9|0#10|0#11|0#12|0,
18|109,0,0,0,0,0,0,0,0,0,0,0,0,0,0,0,0,,,,
113|17,0,0,0,0,0,0,0,0,6,0,0,0,0,0,0,0,,,,
18|70,0,0,0,0,0,0,0,0,0,0,0,0,0,0,0,0,,,,
132|101,1,0,1,0,0,1,0,0,0,0,0,0,0,0,0,0,,,,
56|92,6,5,80,0,5,9,2,8,1,1,10,0,1,1,1,0,0|0#1|0#2|0#3|0#4|0#5|0#6|0#7|0#8|0#9|0#10|0#11|0#12|0,,0|0#1|0#2|0#3|0#4|0#5|0#6|0#7|0#8|0#9|0#10|0#11|0#12|0,
1|15,0,0,0,0,0,0,0,0,0,0,0,0,0,0,0,0,,,,
151|39,0,0,0,0,0,0,0,0,0,0,0,0,0,0,0,0,,,,
132|28,0,0,0,0,0,0,0,0,0,0,0,0,0,0,0,0,,,,
138|4,0,0,0,0,0,0,0,0,0,0,0,0,0,0,0,0,,,,
134|53,0,0,0,0,0,0,0,0,0,0,0,0,0,0,0,0,,,,
3|40,0,0,0,0,0,0,0,0,0,0,0,0,0,0,0,0,,,,
23|14,0,0,0,0,0,0,0,0,0,0,0,0,0,0,0,0,,,,
108|73,5,1,9,1,0,2,1,2,0,0,1,0,1,0,0,0,0|0#1|0#2|0#3|0#4|2#5|0#6|1#7|1#8|0#9|1#10|1#11|0#12|0,0|0#1|0#2|0#3|0#4|0#5|0#6|0#7|0#8|0#9|0#10|0#11|0#12|0,0|0#1|0#2|0#3|1#4|0#5|0#6|0#7|0#8|1#9|0#10|1#11|0#12|0,0|0#1|0#2|0#3|0#4|0#5|0#6|0#7|0#8|0#9|0#10|0#11|0#12|0
43|117,0,0,0,0,0,0,0,0,0,0,0,0,0,0,0,0,,,,
70|30,1,0,0,0,0,0,0,1,1,0,0,0,1,0,0,0,,,,
125|59,0,0,0,0,0,1,0,1,1,0,0,0,0,0,0,0,,,,
81|112,0,0,0,0,0,0,0,0,0,0,0,0,0,0,0,0,,,,
82|72,0,0,5,0,0,0,1,1,0,0,0,4,0,0,1,0,,,,
95|116,0,0,0,0,0,0,0,0,0,0,0,0,0,0,0,0,,,,
127|84,0,0,0,0,0,0,0,0,0,0,0,0,0,0,0,0,,,0|0#1|0#2|0#3|0#4|0#5|0#6|0#7|0#8|0#9|0#10|0#11|0#12|0,
146|105,0,0,0,0,0,0,0,0,0,0,0,0,0,0,0,0,,,,
61|36,0,0,0,0,0,0,0,0,0,0,0,0,0,0,0,0,,,,
6|88,0,0,0,0,0,0,0,0,0,0,0,0,0,0,0,0,,,,
37|81,0,0,0,0,0,0,0,0,0,0,0,0,0,0,0,0,,,,
82|129,0,0,0,0,0,0,0,0,0,0,0,0,0,0,0,0,,,,
73|78,0,0,0,0,0,0,0,2,0,0,0,0,0,0,0,0,,,,
42|25,0,0,0,0,0,0,0,0,0,0,0,0,0,0,0,0,,,,
47|98,0,0,0,0,0,0,0,0,0,0,0,0,0,0,0,0,,,,
42|100,0,0,0,0,0,0,0,0,0,0,0,0,0,0,0,0,,,,
92|89,0,0,1,0,1,0,0,1,1,0,1,9,1,0,0,0,0|0#1|0#2|0#3|0#4|0#5|0#6|0#7|0#8|0#9|0#10|0#11|0#12|0,,0|0#1|0#2|0#3|0#4|0#5|0#6|0#7|0#8|0#9|0#10|0#11|0#12|0,
133|118,65,31,47,1,3,9,4,78,0,0,32,5,1,0,0,0,,,,
54|67,0,0,0,0,0,0,0,0,0,0,0,0,0,0,0,0,,,,
106|48,14,2,17,5,2,4,2,5,5,1,0,6,1,0,0,0,0|0#1|0#2|0#3|1#4|0#5|0#6|0#7|0#8|0#9|0#10|0#11|0#12|0,0|0#1|0#2|0#3|1#4|0#5|0#6|0#7|0#8|0#9|0#10|0#11|0#12|0,0|0#1|0#2|0#3|1#4|0#5|0#6|0#7|0#8|0#9|0#10|0#11|1#12|0,0|0#1|0#2|0#3|0#4|0#5|0#6|0#7|0#8|0#9|0#10|0#11|0#12|0
115|42,0,0,0,0,0,1,1,0,1,0,0,0,0,0,0,0,,0|0#1|0#2|0#3|0#4|0#5|0#6|0#7|0#8|0#9|0#10|0#11|0#12|0,,0|0#1|0#2|0#3|0#4|0#5|0#6|0#7|0#8|0#9|0#10|0#11|0#12|0
35|56,0,0,0,0,0,0,0,0,0,0,0,0,0,0,0,0,,,,
28|87,0,0,0,0,0,0,0,0,0,0,0,0,0,0,0,0,,,,
44|50,0,0,0,0,0,0,0,0,0,0,0,4,1,0,0,0,0|0#1|0#2|0#3|0#4|0#5|0#6|0#7|0#8|0#9|0#10|0#11|0#12|0,0|0#1|0#2|0#3|0#4|0#5|0#6|0#7|0#8|0#9|0#10|0#11|0#12|0,0|0#1|0#2|0#3|0#4|0#5|0#6|0#7|0#8|0#9|0#10|0#11|0#12|0,0|0#1|0#2|0#3|0#4|0#5|0#6|0#7|0#8|0#9|0#10|0#11|0#12|0
56|104,0,2,0,0,0,0,0,0,1,1,1,0,2,0,0,0,,,,
9|106,0,0,0,0,0,0,0,0,0,0,0,0,0,0,0,0,,,,
141|22,0,0,0,0,0,0,0,0,0,0,0,0,0,0,0,0,,,,
16|45,0,0,0,0,0,0,0,0,0,0,0,0,0,0,0,0,,,,
63|61,11,5,20,3,0,4,2,0,3,0,4,6,3,0,0,0,0|0#1|0#2|0#3|1#4|1#5|1#6|1#7|0#8|0#9|1#10|1#11|0#12|0,0|0#1|0#2|0#3|0#4|0#5|0#6|0#7|0#8|0#9|0#10|0#11|0#12|0,0|0#1|0#2|0#3|1#4|1#5|1#6|1#7|0#8|1#9|1#10|1#11|1#12|0,0|0#1|0#2|0#3|0#4|0#5|0#6|0#7|0#8|0#9|0#10|0#11|0#12|0
