120|59,0,0,0,0,0,0,0,0,0,0,0,0,0,0,0,0,0|0#1|0#2|0#3|1#4|0#5|0#6|0#7|0#8|0#9|0#10|0#11|0#12|0,,0|0#1|0#2|0#3|0#4|0#5|0#6|0#7|0#8|0#9|0#10|0#11|0#12|0,
88|19,0,0,0,0,0,0,0,0,0,0,0,0,0,0,0,0,,,,
55|7,0,0,0,0,0,0,0,0,0,0,0,0,0,0,0,0,,,,
23|87,0,0,0,0,0,0,0,0,0,0,0,0,0,0,0,0,,,,
90|125,0,0,0,0,0,0,0,0,0,0,0,0,0,0,0,0,,,,
1|88,0,0,0,0,0,0,0,0,0,0,0,0,0,0,0,0,,,,
103|73,6,2,5,5,1,7,0,0,0,0,1,22,2,0,0,0,0|0#1|0#2|0#3|3#4|3#5|3#6|2#7|2#8|2#9|3#10|3#11|3#12|0,0|0#1|0#2|0#3|2#4|2#5|2#6|2#7|2#8|2#9|2#10|2#11|2#12|0,0|0#1|0#2|0#3|3#4|3#5|2#6|2#7|3#8|3#9|3#10|3#11|3#12|0,0|0#1|0#2|0#3|2#4|2#5|2#6|2#7|2#8|2#9|2#10|2#11|2#12|0
140|0,0,0,0,0,0,1,0,0,0,0,0,0,0,0,0,0,,,,
81|5,0,0,0,0,0,0,0,0,0,0,0,0,0,0,0,0,,,,
64|100,11,0,28,2,0,0,3,5,2,0,5,0,4,0,0,0,,,,
26|105,0,0,0,0,0,0,0,0,0,0,0,0,0,0,0,0,,,,
51|113,0,0,0,0,0,0,0,0,0,0,0,0,0,0,0,0,,,,
30|56,0,0,0,0,0,0,0,0,0,0,0,0,0,0,0,0,,,,
11|45,0,0,0,0,0,0,0,0,0,0,0,0,0,0,0,0,,,,
51|92,1,0,0,0,0,0,1,0,1,0,0,0,0,0,0,0,,,,
65|117,0,0,0,0,0,0,0,0,0,0,0,0,0,0,0,0,,,,
103|119,0,0,0,0,0,0,0,0,1,0,0,0,1,0,0,0,,,,
4|115,0,0,0,0,0,0,0,0,0,0,0,0,0,0,0,0,,,,
13|118,0,0,0,0,0,0,0,0,0,0,0,0,0,0,0,0,,,,
29|9,0,0,0,0,0,0,0,0,0,0,0,0,0,0,0,0,,,,
141|95,0,0,0,0,0,0,0,0,0,0,0,0,0,0,0,0,,,,
12|101,0,0,0,0,0,0,0,0,0,0,0,0,0,0,0,0,,,,
101|48,0,9,0,0,0,1,0,0,0,0,1,0,0,0,0,0,0|0#1|0#2|0#3|0#4|0#5|0#6|0#7|0#8|0#9|0#10|0#11|0#12|0,0|0#1|0#2|0#3|0#4|0#5|0#6|0#7|0#8|0#9|0#10|0#11|0#12|0,0|0#1|0#2|0#3|0#4|0#5|0#6|0#7|0#8|0#9|0#10|0#11|0#12|0,0|0#1|0#2|0#3|0#4|0#5|0#6|0#7|0#8|0#9|0#10|0#11|0#12|0
114|2,0,0,0,0,0,0,0,0,0,0,0,0,0,0,0,0,,,,
110|42,0,0,0,0,0,0,0,0,0,0,0,0,0,0,0,0,0|0#1|0#2|0#3|0#4|0#5|0#6|0#7|0#8|0#9|0#10|0#11|0#12|0,0|0#1|0#2|0#3|0#4|0#5|0#6|0#7|0#8|0#9|0#10|0#11|0#12|0,0|0#1|0#2|0#3|0#4|0#5|0#6|0#7|0#8|0#9|0#10|0#11|0#12|0,0|0#1|0#2|0#3|0#4|0#5|0#6|0#7|0#8|0#9|0#10|0#11|0#12|0
32|81,0,0,0,0,0,0,0,0,0,0,0,0,0,0,0,0,,,,
13|70,0,0,0,0,0,0,0,0,0,0,0,0,0,0,0,0,,,,
122|84,0,0,0,0,0,0,0,0,0,0,0,0,0,0,0,0,0|0#1|0#2|0#3|0#4|0#5|0#6|0#7|0#8|0#9|0#10|0#11|0#12|0,,0|0#1|0#2|0#3|0#4|0#5|0#6|0#7|0#8|0#9|0#10|0#11|0#12|0,
97|13,0,0,0,0,0,0,0,0,0,0,0,0,0,0,0,0,,,,
78|104,0,1,0,0,0,0,0,0,1,0,0,0,0,0,0,0,,,,
102|102,0,0,0,0,0,0,1,0,0,0,0,0,0,0,0,0,0|0#1|0#2|0#3|0#4|0#5|0#6|0#7|0#8|0#9|0#10|0#11|0#12|0,0|0#1|0#2|0#3|0#4|0#5|0#6|0#7|0#8|0#9|0#10|0#11|0#12|0,0|0#1|0#2|0#3|0#4|0#5|0#6|0#7|0#8|0#9|0#10|0#11|0#12|0,0|0#1|0#2|0#3|0#4|0#5|0#6|0#7|0#8|0#9|0#10|0#11|0#12|0
42|98,1,0,0,0,0,0,0,0,1,0,0,0,1,0,0,0,,,,
141|114,0,0,0,0,0,0,0,0,0,0,0,0,0,0,0,0,,,,
116|106,0,0,0,0,0,0,0,0,0,0,0,0,0,0,0,0,,,,
