26|106,0,0,0,0,0,0,0,0,0,0,0,0,0,0,0,0,,,,
150|90,0,0,0,0,0,0,0,0,0,0,0,0,0,0,0,0,,,,
11|46,0,0,0,0,0,0,0,0,0,0,0,0,0,0,0,0,,,,
102|103,0,0,1,0,0,2,0,1,1,0,0,0,0,0,0,0,0|0#1|0#2|0#3|0#4|0#5|0#6|0#7|0#8|0#9|0#10|0#11|0#12|0,0|0#1|0#2|0#3|0#4|0#5|0#6|0#7|0#8|0#9|0#10|0#11|0#12|0,0|0#1|0#2|0#3|0#4|0#5|0#6|0#7|0#8|0#9|0#10|0#11|0#12|0,
64|101,0,0,14,0,0,2,1,2,0,0,9,0,0,0,0,0,,,,
30|57,0,0,0,0,0,0,0,0,0,0,0,0,0,0,0,0,,,,
51|93,0,0,0,0,0,0,0,0,0,0,0,0,0,0,0,0,,,,
81|6,0,0,0,0,0,0,0,0,0,0,0,0,0,0,0,0,,,,
20|40,0,0,0,0,0,0,0,0,0,0,0,0,0,0,0,0,,,,
90|126,0,0,0,0,0,0,0,0,0,0,0,0,0,0,0,0,,,,
23|88,0,0,0,0,0,0,0,0,0,0,0,0,0,0,0,0,,,,
55|8,0,0,0,0,0,0,0,0,0,0,0,0,0,0,0,0,,,,
12|102,0,0,0,0,0,0,0,0,0,0,0,0,0,0,0,0,,,,
42|99,0,0,0,0,0,0,0,0,0,0,0,0,0,0,0,0,,,,
114|3,0,0,0,0,0,0,0,0,0,0,0,0,0,0,0,0,,,,
13|119,0,0,0,0,0,0,0,0,0,0,0,0,0,0,0,0,,,,
103|74,37,11,92,6,1,8,9,10,2,2,32,4,8,0,0,0,0|0#1|0#2|0#3|4#4|4#5|2#6|2#7|3#8|3#9|3#10|3#11|3#12|0,0|0#1|0#2|0#3|4#4|3#5|2#6|2#7|2#8|2#9|2#10|2#11|2#12|0,0|0#1|0#2|0#3|4#4|2#5|2#6|3#7|3#8|3#9|3#10|3#11|4#12|0,0|0#1|0#2|0#3|4#4|2#5|2#6|2#7|2#8|2#9|2#10|2#11|3#12|0
122|85,0,1,3,1,0,1,0,2,0,0,0,0,3,0,0,0,0|0#1|0#2|0#3|0#4|0#5|0#6|0#7|0#8|0#9|0#10|0#11|0#12|0,0|0#1|0#2|0#3|0#4|0#5|0#6|0#7|0#8|0#9|0#10|0#11|0#12|0,0|0#1|0#2|0#3|0#4|0#5|0#6|0#7|0#8|0#9|0#10|0#11|0#12|0,0|0#1|0#2|0#3|0#4|0#5|0#6|0#7|0#8|0#9|0#10|0#11|0#12|0
116|107,0,0,0,0,0,0,0,0,0,0,0,0,0,0,0,0,,,,
97|14,0,0,0,0,0,0,0,0,0,0,0,1,0,0,0,0,,,,
101|49,4,4,2,0,1,0,1,1,0,0,1,3,0,0,0,0,0|0#1|0#2|0#3|2#4|0#5|2#6|1#7|1#8|1#9|1#10|1#11|1#12|0,0|0#1|0#2|0#3|1#4|0#5|0#6|0#7|0#8|0#9|0#10|0#11|0#12|0,0|0#1|0#2|0#3|2#4|1#5|0#6|1#7|0#8|0#9|1#10|1#11|2#12|0,0|0#1|0#2|0#3|0#4|0#5|0#6|0#7|0#8|0#9|0#10|0#11|0#12|0
65|118,0,0,0,0,0,0,0,0,0,0,0,0,0,0,0,0,,,,
141|115,0,0,0,0,0,0,0,0,0,0,0,0,0,0,0,0,,,,
141|96,0,0,0,0,0,0,0,0,0,0,0,0,0,0,0,0,,,,
110|43,0,0,0,0,0,0,0,2,0,0,0,0,0,0,0,0,0|0#1|0#2|0#3|0#4|0#5|0#6|0#7|0#8|0#9|1#10|1#11|2#12|0,0|0#1|0#2|0#3|0#4|0#5|0#6|0#7|0#8|0#9|0#10|0#11|0#12|0,0|0#1|0#2|0#3|0#4|0#5|0#6|0#7|0#8|0#9|1#10|2#11|2#12|0,0|0#1|0#2|0#3|0#4|0#5|0#6|0#7|0#8|0#9|0#10|0#11|0#12|0
32|82,0,0,0,0,0,0,0,0,0,0,0,0,0,0,0,0,,,,
140|1,0,0,0,0,0,0,0,0,0,0,0,0,0,0,0,0,,,,
13|71,0,0,0,0,0,0,0,0,0,0,0,0,0,0,0,0,,,,
78|105,0,0,0,0,0,0,0,0,0,0,0,0,0,0,0,0,,,,
51|114,0,0,0,0,0,0,0,0,0,0,0,0,0,0,0,0,,,,
1|89,0,0,0,0,0,0,0,0,0,0,0,0,0,0,0,0,,,,
4|116,0,0,0,0,0,0,0,0,0,0,0,0,0,0,0,0,,,,
