27|11,0,0,0,0,0,0,0,0,0,0,0,0,0,0,0,0,,,,
138|50,0,0,0,0,0,0,0,0,0,0,0,0,0,0,0,0,,,,
85|106,0,0,0,0,0,0,0,0,0,0,0,0,1,0,0,0,,,,
123|108,0,0,0,0,0,0,0,0,0,0,0,0,0,0,0,0,,,,
82|19,0,0,0,0,0,0,0,0,0,0,0,0,0,0,0,0,,,,
91|13,0,0,0,0,0,0,0,0,0,0,0,0,1,0,0,0,,,,
46|22,8,3,16,1,1,3,1,2,1,0,10,0,23,0,1,0,,,,
5|12,0,0,0,0,0,0,0,0,0,0,0,0,0,0,0,0,,,,
129|56,0,0,0,0,0,0,0,0,0,0,0,0,0,0,0,0,,,,
96|86,0,0,1,0,0,0,0,6,0,0,1,0,0,0,0,0,0|0#1|0#2|0#3|0#4|0#5|0#6|0#7|0#8|0#9|0#10|0#11|0#12|0,0|0#1|0#2|0#3|0#4|0#5|0#6|0#7|0#8|0#9|0#10|0#11|0#12|0,0|0#1|0#2|0#3|0#4|0#5|0#6|0#7|0#8|0#9|0#10|0#11|0#12|0,0|0#1|0#2|0#3|0#4|0#5|0#6|0#7|0#8|0#9|0#10|0#11|0#12|0
37|28,0,0,0,0,0,0,0,1,0,0,0,5,0,0,0,0,,,,
136|25,0,0,0,0,0,0,0,0,0,0,0,0,0,0,0,0,,0|0#1|0#2|0#3|0#4|0#5|0#6|0#7|0#8|0#9|0#10|0#11|0#12|0,,0|0#1|0#2|0#3|0#4|0#5|0#6|0#7|0#8|0#9|0#10|0#11|0#12|0
148|67,0,0,0,0,0,0,0,0,0,0,0,4,0,0,0,0,0|0#1|0#2|0#3|0#4|0#5|0#6|0#7|0#8|0#9|0#10|0#11|0#12|0,,0|0#1|0#2|0#3|0#4|0#5|0#6|0#7|0#8|0#9|0#10|0#11|0#12|0,
56|39,0,0,0,0,0,0,0,0,0,0,0,0,0,0,0,0,,,,
21|5,0,0,0,0,1,1,1,0,3,0,0,0,0,0,0,0,,,,
58|64,0,0,0,0,0,0,0,0,0,0,0,0,0,0,0,0,,,,
39|53,0,0,0,0,0,0,0,0,0,0,0,0,0,0,0,0,,,,
117|14,0,0,0,0,0,0,0,0,0,0,0,0,0,0,0,0,,,,
71|102,0,0,0,0,0,0,0,0,1,0,0,0,0,0,0,0,,,,
84|44,0,0,0,0,0,0,0,6,0,0,0,1,0,0,0,0,0|0#1|0#2|0#3|0#4|0#5|0#6|0#7|0#8|0#9|0#10|0#11|0#12|0,,0|0#1|0#2|0#3|0#4|0#5|0#6|0#7|0#8|0#9|0#10|0#11|0#12|0,
65|33,21,3,25,5,0,1,0,6,1,0,5,7,2,0,0,0,,,0|0#1|0#2|0#3|0#4|0#5|0#6|0#7|0#8|0#9|0#10|0#11|0#12|0,
33|107,0,0,0,0,0,0,0,0,0,0,0,0,0,0,0,0,,,,
72|119,0,0,0,0,0,0,0,0,0,0,0,0,0,0,0,0,,,,
18|17,0,3,3,0,0,1,0,0,2,0,1,0,3,0,0,0,,,,
77|75,0,0,0,0,0,1,1,1,1,0,0,2,1,0,0,0,0|0#1|0#2|0#3|0#4|0#5|0#6|0#7|0#8|0#9|0#10|0#11|0#12|0,0|0#1|0#2|0#3|0#4|0#5|0#6|0#7|0#8|0#9|0#10|0#11|0#12|0,0|0#1|0#2|0#3|0#4|0#5|0#6|0#7|0#8|0#9|0#10|0#11|0#12|0,
