137|127,0,0,0,0,0,0,0,0,0,0,0,0,0,0,0,0,,,,
20|135,0,0,0,0,0,0,0,0,0,0,0,0,0,0,0,0,,,,
75|65,21,15,18,0,6,16,2,3,0,0,12,0,1,1,0,0,0|0#1|0#2|0#3|0#4|1#5|2#6|0#7|1#8|1#9|0#10|1#11|0#12|0,0|0#1|0#2|0#3|0#4|0#5|0#6|0#7|0#8|0#9|0#10|0#11|0#12|0,0|0#1|0#2|0#3|0#4|1#5|2#6|0#7|0#8|1#9|0#10|1#11|0#12|0,0|0#1|0#2|0#3|0#4|0#5|1#6|0#7|0#8|0#9|0#10|0#11|0#12|0
129|71,0,0,0,0,0,0,0,1,0,0,0,0,0,0,0,0,0|0#1|0#2|0#3|0#4|0#5|0#6|0#7|0#8|0#9|0#10|0#11|0#12|0,0|0#1|0#2|0#3|0#4|0#5|0#6|0#7|0#8|0#9|0#10|0#11|0#12|0,0|0#1|0#2|0#3|0#4|0#5|0#6|0#7|0#8|0#9|0#10|0#11|0#12|0,0|0#1|0#2|0#3|0#4|0#5|0#6|0#7|0#8|0#9|0#10|0#11|0#12|0
33|122,0,0,0,0,0,0,0,0,0,0,0,0,0,0,0,0,,,,
94|76,0,0,4,0,0,0,1,0,0,0,0,0,0,0,0,0,0|0#1|0#2|0#3|0#4|0#5|0#6|0#7|0#8|0#9|0#10|0#11|0#12|0,0|0#1|0#2|0#3|0#4|0#5|0#6|0#7|0#8|0#9|0#10|0#11|0#12|0,0|0#1|0#2|0#3|0#4|0#5|0#6|0#7|0#8|0#9|0#10|0#11|0#12|0,0|0#1|0#2|0#3|0#4|0#5|0#6|0#7|0#8|0#9|0#10|0#11|0#12|0
63|23,1,0,7,2,0,1,0,0,6,0,2,0,1,0,0,0,0|0#1|0#2|0#3|0#4|0#5|0#6|0#7|0#8|0#9|0#10|0#11|0#12|0,,,
123|2,0,0,0,0,0,0,0,0,0,0,0,0,0,0,0,0,,,,
134|15,0,0,0,0,0,0,0,0,0,0,0,0,0,0,0,0,,,,
148|82,0,0,0,0,0,0,0,0,0,0,0,0,0,0,0,0,,,,
18|32,0,0,0,0,0,0,0,0,0,0,0,0,0,0,0,0,,,,
34|139,0,0,0,0,0,0,0,0,0,0,0,0,0,0,0,0,,,,
44|12,0,0,0,0,0,0,0,3,0,0,0,0,0,0,0,0,,,,
28|49,0,0,0,0,0,0,0,0,0,0,0,0,0,0,0,0,,,,
110|136,0,0,0,0,0,0,0,0,0,0,0,3,0,0,0,0,,,,
127|46,0,0,0,0,1,0,0,1,5,0,4,0,7,0,0,0,0|0#1|0#2|0#3|0#4|0#5|0#6|0#7|0#8|0#9|0#10|0#11|0#12|0,0|0#1|0#2|0#3|0#4|0#5|0#6|0#7|0#8|0#9|0#10|0#11|0#12|0,0|0#1|0#2|0#3|0#4|0#5|0#6|0#7|0#8|0#9|0#10|0#11|0#12|0,0|0#1|0#2|0#3|0#4|0#5|0#6|0#7|0#8|0#9|0#10|0#11|0#12|0
8|75,0,0,0,0,0,0,0,0,0,0,0,0,0,0,0,0,,,,
68|96,1,0,1,0,0,0,0,0,0,0,0,0,0,0,1,0,,,0|0#1|0#2|0#3|0#4|0#5|0#6|0#7|0#8|0#9|0#10|0#11|0#12|0,
136|40,0,0,0,0,0,0,0,0,0,0,0,0,0,0,0,0,,,,
54|29,0,0,0,0,0,0,0,0,0,0,0,0,0,0,0,0,,,,
77|90,0,0,0,0,0,1,0,0,0,0,0,0,0,0,0,0,,,,
99|125,0,0,0,0,0,0,0,0,0,0,0,0,0,0,0,0,,,,
72|134,0,0,0,0,0,0,0,0,0,0,0,0,0,0,0,0,,,,
108|35,0,0,0,0,0,0,0,0,0,0,0,0,0,0,0,0,,,,
123|123,0,0,0,0,0,0,0,0,0,0,0,0,0,0,0,0,,,,
146|57,0,0,0,0,0,0,0,0,0,0,0,0,0,0,0,0,,,,
139|88,0,0,0,0,0,0,0,1,0,0,0,0,0,0,0,0,,,0|0#1|0#2|0#3|0#4|0#5|0#6|0#7|0#8|0#9|0#10|0#11|0#12|0,
90|5,0,0,0,0,0,0,0,0,0,0,0,0,0,0,0,0,,,,
35|18,0,0,0,0,0,0,0,0,0,0,0,0,0,0,0,0,,,,
56|54,0,0,0,0,0,0,0,0,0,0,0,1,0,0,0,0,0|0#1|0#2|0#3|0#4|0#5|0#6|0#7|0#8|0#9|0#10|0#11|0#12|0,,0|0#1|0#2|0#3|0#4|0#5|0#6|0#7|0#8|0#9|0#10|0#11|0#12|0,
37|43,0,0,0,0,0,0,0,0,0,0,0,0,0,0,0,0,,,,
64|7,0,0,0,0,0,0,0,0,0,0,0,0,0,0,0,0,,,,
38|9,8,0,4,0,0,0,0,4,0,0,2,0,9,0,0,0,,,,
47|126,0,0,0,0,0,0,0,0,0,0,0,0,0,0,0,0,,,,
82|34,0,0,5,0,0,0,0,1,5,0,1,0,0,0,0,0,0|0#1|0#2|0#3|0#4|0#5|0#6|0#7|0#8|0#9|0#10|0#11|0#12|0,0|0#1|0#2|0#3|0#4|0#5|0#6|0#7|0#8|0#9|0#10|0#11|0#12|0,0|0#1|0#2|0#3|0#4|0#5|0#6|0#7|0#8|0#9|0#10|0#11|0#12|0,0|0#1|0#2|0#3|0#4|0#5|0#6|0#7|0#8|0#9|0#10|0#11|0#12|0
85|121,0,0,0,0,0,0,0,0,0,0,0,0,0,0,0,0,,,,
136|110,0,0,0,0,0,0,0,0,0,0,0,0,0,0,0,0,,,,
49|85,0,0,0,0,0,0,0,0,0,0,0,0,0,0,0,0,,,,
86|138,0,0,0,0,0,0,0,0,0,0,0,0,0,0,0,0,,,,
