59|45,0,0,0,0,0,0,0,0,0,0,0,0,0,0,0,0,,,,
39|146,0,0,0,0,0,0,0,0,0,0,0,0,0,0,0,0,,,,
139|31,0,0,0,0,0,0,0,0,0,0,0,0,0,0,0,0,,,,
77|141,0,0,0,0,0,0,0,0,0,0,0,0,0,0,0,0,,,,
78|56,0,0,0,0,1,0,1,2,0,0,0,0,0,0,2,0,0|0#1|0#2|0#3|2#4|1#5|0#6|0#7|0#8|0#9|0#10|0#11|0#12|0,0|0#1|0#2|0#3|2#4|0#5|0#6|0#7|0#8|0#9|0#10|0#11|0#12|0,0|0#1|0#2|0#3|2#4|0#5|0#6|0#7|0#8|0#9|0#10|0#11|1#12|0,0|0#1|0#2|0#3|0#4|0#5|0#6|0#7|0#8|0#9|0#10|0#11|0#12|0
129|147,0,0,0,0,0,0,0,0,0,0,0,0,0,0,0,0,,,,
25|142,0,0,0,0,0,0,0,0,0,0,0,0,0,0,0,0,,,,
66|14,0,0,0,0,0,0,0,0,0,0,0,0,0,0,0,0,,,,
11|99,0,0,0,0,0,0,0,0,0,0,0,0,0,0,0,0,,,,
86|0,0,0,0,0,0,0,0,0,0,0,0,0,0,0,0,0,,,,
128|130,0,0,0,0,0,0,0,0,1,0,0,0,0,0,0,0,,,,
87|50,0,0,0,2,0,0,0,1,0,0,0,0,0,0,0,0,0|0#1|0#2|0#3|2#4|1#5|2#6|2#7|2#8|2#9|2#10|2#11|1#12|0,0|0#1|0#2|0#3|0#4|0#5|1#6|1#7|1#8|0#9|0#10|1#11|1#12|0,0|0#1|0#2|0#3|2#4|2#5|2#6|2#7|2#8|2#9|2#10|2#11|2#12|0,0|0#1|0#2|0#3|0#4|0#5|2#6|2#7|1#8|0#9|0#10|0#11|0#12|0
115|143,0,0,0,0,0,0,0,0,0,0,0,0,0,0,0,0,,,,
20|93,0,0,0,0,0,0,0,0,0,0,0,0,0,0,0,0,,,,
60|107,0,0,0,0,0,0,0,0,0,0,0,0,0,0,0,0,,,,
85|25,0,0,0,0,0,0,0,0,0,0,0,0,0,0,0,0,,,,
110|96,0,0,0,0,0,0,0,0,0,0,0,0,0,0,0,0,,0|0#1|0#2|0#3|0#4|0#5|0#6|0#7|0#8|0#9|0#10|0#11|0#12|0,,
99|92,0,0,0,0,0,0,0,0,0,0,0,0,0,0,0,0,,,,
97|67,239,51,505,17,31,71,18,38,27,41,202,292,25,3,0,0,0|0#1|0#2|0#3|4#4|4#5|4#6|4#7|4#8|4#9|4#10|4#11|4#12|0,0|0#1|0#2|0#3|4#4|4#5|4#6|4#7|4#8|4#9|4#10|4#11|4#12|0,0|0#1|0#2|0#3|4#4|4#5|4#6|4#7|4#8|4#9|4#10|4#11|4#12|0,0|0#1|0#2|0#3|4#4|4#5|4#6|4#7|4#8|4#9|4#10|4#11|4#12|0
149|48,0,0,0,0,0,0,0,0,0,0,0,0,0,0,0,0,,,,
150|108,0,0,0,0,0,0,0,0,0,0,0,0,0,0,0,0,,,,
