38|44,0,0,0,0,0,0,0,0,0,0,0,0,0,0,0,0,,,,
144|10,0,0,0,0,0,0,0,0,0,0,0,0,0,0,0,0,,,,
59|80,0,0,0,0,0,0,0,0,0,0,0,0,0,0,0,0,,,,
135|16,0,0,0,0,0,0,0,0,0,0,0,0,0,0,0,0,,,,
138|122,0,0,0,0,0,0,0,0,0,0,0,0,0,0,0,0,,,,
19|33,0,0,0,0,0,0,0,0,0,0,0,0,0,0,0,0,,,,
36|19,0,0,0,0,0,0,0,0,0,0,0,0,0,0,0,0,,,,
76|66,303,99,294,20,28,34,12,82,2,9,148,25,26,1,0,0,0|0#1|0#2|0#3|0#4|0#5|1#6|1#7|1#8|2#9|1#10|2#11|2#12|0,0|0#1|0#2|0#3|0#4|0#5|1#6|0#7|0#8|0#9|0#10|1#11|0#12|0,0|0#1|0#2|0#3|1#4|1#5|1#6|1#7|2#8|2#9|2#10|2#11|1#12|0,0|0#1|0#2|0#3|0#4|0#5|1#6|0#7|0#8|0#9|1#10|1#11|0#12|0
64|24,0,0,0,0,0,0,0,0,0,0,0,0,0,0,0,0,,,,
87|133,0,0,0,0,0,0,0,0,0,0,0,0,0,0,0,0,,,,
150|143,0,0,0,0,0,0,0,0,0,0,0,0,0,0,0,0,,,,
69|97,0,0,0,0,0,0,0,0,0,0,0,3,0,0,0,0,,,,
7|9,0,0,0,0,0,0,0,0,0,0,0,0,0,0,0,0,,,,
95|77,7,0,8,0,0,2,2,1,1,0,0,1,1,0,0,0,0|0#1|0#2|0#3|2#4|1#5|1#6|0#7|0#8|1#9|0#10|0#11|1#12|0,0|0#1|0#2|0#3|2#4|0#5|0#6|0#7|0#8|0#9|0#10|0#11|0#12|0,0|0#1|0#2|0#3|2#4|0#5|0#6|0#7|1#8|0#9|0#10|0#11|1#12|0,0|0#1|0#2|0#3|1#4|0#5|0#6|0#7|0#8|0#9|0#10|0#11|0#12|0
57|55,0,0,0,0,0,0,0,0,0,0,0,0,0,0,0,0,0|0#1|0#2|0#3|2#4|0#5|0#6|0#7|0#8|0#9|0#10|0#11|0#12|0,0|0#1|0#2|0#3|0#4|0#5|0#6|0#7|0#8|0#9|0#10|0#11|0#12|0,0|0#1|0#2|0#3|1#4|0#5|0#6|0#7|0#8|0#9|0#10|0#11|0#12|0,0|0#1|0#2|0#3|0#4|0#5|0#6|0#7|0#8|0#9|0#10|0#11|0#12|0
9|76,0,0,0,0,0,0,0,0,0,0,0,0,0,0,0,0,,,,
133|3,0,0,0,0,0,0,0,0,0,0,0,0,0,0,0,0,,,,
147|58,0,0,0,0,0,0,0,0,0,0,0,0,0,0,0,0,,,,
111|131,0,0,0,0,0,0,0,0,0,0,0,1,2,0,0,0,,,,
45|13,0,0,0,3,0,0,0,1,0,0,0,2,0,0,1,0,,,,
107|5,0,0,0,0,0,0,0,0,0,0,0,0,0,0,0,0,,,,
60|142,0,0,0,0,0,0,0,0,0,0,0,0,0,0,0,0,,,,
35|134,0,0,0,0,0,0,0,0,0,0,0,0,0,0,0,0,,,,
74|146,0,0,0,0,0,0,0,0,0,0,0,0,0,0,0,0,,,,
109|36,0,0,0,0,0,0,0,0,0,0,0,0,0,0,0,0,,,,
128|47,0,0,0,0,0,0,0,0,0,0,0,0,0,0,0,0,,,,
22|147,0,0,0,0,0,0,0,0,0,0,0,0,0,0,0,0,,,,
85|60,0,0,9,0,0,0,0,0,1,0,0,13,1,0,0,0,0|0#1|0#2|0#3|4#4|2#5|0#6|1#7|2#8|2#9|2#10|2#11|2#12|0,0|0#1|0#2|0#3|2#4|2#5|0#6|0#7|0#8|0#9|1#10|0#11|0#12|0,0|0#1|0#2|0#3|3#4|1#5|0#6|2#7|2#8|2#9|2#10|2#11|2#12|0,0|0#1|0#2|0#3|2#4|0#5|0#6|1#7|0#8|0#9|1#10|0#11|0#12|0
49|138,0,0,0,0,0,0,0,0,0,0,0,0,0,0,0,0,,,,
125|135,0,0,0,0,0,0,0,0,0,0,0,0,0,0,0,0,,,,
48|121,0,0,0,0,0,0,0,0,0,0,0,0,0,0,0,0,,,,
137|41,0,0,0,0,0,0,0,0,0,0,0,0,0,0,0,0,,,,
21|130,0,0,0,0,0,0,0,0,0,0,0,0,0,0,0,0,,,,
78|91,0,0,0,0,0,0,1,0,0,0,0,0,0,0,0,0,0|0#1|0#2|0#3|0#4|0#5|0#6|0#7|0#8|0#9|0#10|0#11|0#12|0,,0|0#1|0#2|0#3|0#4|0#5|0#6|0#7|0#8|0#9|0#10|0#11|0#12|0,0|0#1|0#2|0#3|0#4|0#5|0#6|0#7|0#8|0#9|0#10|0#11|0#12|0
139|139,0,0,0,0,0,0,0,0,0,0,0,0,0,0,0,0,,,,
149|83,0,0,0,0,0,0,0,0,0,0,0,0,0,0,0,0,,,0|0#1|0#2|0#3|0#4|0#5|0#6|0#7|0#8|0#9|0#10|0#11|0#12|0,
83|35,1,0,1,0,0,2,0,1,0,0,1,0,0,0,0,0,0|0#1|0#2|0#3|0#4|0#5|0#6|0#7|0#8|0#9|0#10|0#11|0#12|0,0|0#1|0#2|0#3|0#4|0#5|0#6|0#7|0#8|0#9|0#10|0#11|0#12|0,0|0#1|0#2|0#3|0#4|0#5|0#6|0#7|0#8|0#9|0#10|0#11|0#12|0,0|0#1|0#2|0#3|0#4|0#5|0#6|0#7|0#8|0#9|0#10|0#11|0#12|0
74|8,0,0,0,0,0,0,0,0,0,0,0,0,0,0,0,0,,,,
118|30,0,0,0,0,0,0,0,0,0,0,0,0,0,0,0,0,,,,
