102|63,210,57,390,6,27,27,21,41,55,28,195,88,37,3,0,0,0|0#1|0#2|0#3|4#4|4#5|4#6|4#7|4#8|4#9|4#10|4#11|4#12|0,0|0#1|0#2|0#3|4#4|4#5|4#6|4#7|4#8|4#9|4#10|4#11|4#12|0,0|0#1|0#2|0#3|4#4|4#5|4#6|4#7|4#8|4#9|4#10|4#11|4#12|0,0|0#1|0#2|0#3|4#4|4#5|4#6|4#7|4#8|4#9|4#10|4#11|4#12|0
31|71,0,0,0,0,0,0,0,0,0,0,0,0,0,0,0,0,,,,
60|99,30,13,27,5,11,14,6,6,39,10,9,11,12,0,1,0,0|0#1|0#2|0#3|0#4|0#5|0#6|0#7|0#8|0#9|0#10|0#11|0#12|0,0|0#1|0#2|0#3|0#4|0#5|0#6|0#7|0#8|0#9|0#10|0#11|0#12|0,0|0#1|0#2|0#3|0#4|0#5|0#6|0#7|0#8|0#9|0#10|0#11|0#12|0,0|0#1|0#2|0#3|0#4|0#5|0#6|0#7|0#8|0#9|0#10|0#11|0#12|0
140|85,0,0,0,0,0,0,0,0,1,0,0,0,0,0,0,0,,,,
10|8,0,0,0,0,0,0,0,0,0,0,0,0,0,0,0,0,,,,
118|132,0,0,0,0,0,0,0,0,0,0,0,0,0,0,0,0,,,,
12|60,0,0,0,0,0,0,0,0,0,0,0,0,0,0,0,0,,,,
0|78,0,0,0,0,0,0,0,0,0,0,0,0,0,0,0,0,,,,
6|141,0,0,0,0,0,0,0,0,0,0,0,0,0,0,0,0,,,,
22|77,0,0,0,0,0,0,0,0,0,0,0,0,0,0,0,0,,,,
50|82,0,1,0,0,0,0,0,3,0,0,0,0,0,0,0,0,,,,
67|143,0,0,0,0,0,0,0,0,0,0,0,0,0,0,0,0,,,,
89|34,0,0,0,0,0,0,0,0,0,0,0,0,0,0,0,0,0|0#1|0#2|0#3|0#4|0#5|0#6|0#7|0#8|0#9|0#10|0#11|0#12|0,,0|0#1|0#2|0#3|0#4|0#5|0#6|0#7|0#8|0#9|0#10|0#11|0#12|0,
10|35,0,0,0,0,0,0,0,0,0,0,0,0,0,0,0,0,,,,
100|38,0,0,0,0,0,0,0,0,0,0,0,0,0,0,0,0,0|0#1|0#2|0#3|0#4|0#5|0#6|0#7|0#8|0#9|0#10|0#11|0#12|0,,0|0#1|0#2|0#3|0#4|0#5|0#6|0#7|0#8|0#9|0#10|0#11|0#12|0,
15|144,0,0,0,0,0,0,0,0,0,0,0,0,0,0,0,0,,,,
41|88,0,0,0,0,0,0,0,0,0,0,0,0,0,0,0,0,,,,
28|131,0,0,0,0,0,0,0,0,0,0,0,0,0,0,0,0,,,,
105|145,0,1,0,0,0,0,0,0,0,0,0,0,0,0,0,0,,,,
50|109,0,0,0,0,0,0,0,0,0,0,0,0,0,0,0,0,,,,
121|74,0,0,0,0,0,0,0,0,0,0,0,0,0,0,0,0,0|0#1|0#2|0#3|0#4|0#5|0#6|0#7|0#8|0#9|0#10|0#11|0#12|0,,0|0#1|0#2|0#3|0#4|0#5|0#6|0#7|0#8|0#9|0#10|0#11|0#12|0,
143|140,0,0,0,0,0,0,0,0,0,0,0,0,0,0,0,0,,,,
