50|8,0,0,0,0,0,0,0,0,0,0,0,0,0,0,0,0,,,,
82|144,0,0,0,0,0,0,0,0,0,0,0,0,0,0,0,0,,,,
64|99,0,0,0,0,0,0,0,0,1,0,0,0,0,0,0,0,,,,
113|32,0,0,0,0,0,0,0,0,0,0,0,0,0,0,0,0,,,,
144|85,0,0,0,0,0,0,0,0,0,0,0,0,0,0,0,0,,,,
104|38,0,0,0,0,0,0,0,0,0,0,0,0,0,0,0,0,0|0#1|0#2|0#3|0#4|0#5|0#6|0#7|0#8|0#9|0#10|0#11|0#12|0,0|0#1|0#2|0#3|0#4|0#5|0#6|0#7|0#8|0#9|0#10|0#11|0#12|0,0|0#1|0#2|0#3|0#4|0#5|0#6|0#7|0#8|0#9|0#10|0#11|0#12|0,
61|51,0,0,0,0,0,0,1,0,0,0,0,0,0,0,0,0,,,,
9|121,0,0,0,0,0,0,0,0,0,0,0,0,0,0,0,0,,,,
45|88,0,0,0,0,0,0,0,0,1,0,1,0,1,0,0,0,,,,0|0#1|0#2|0#3|0#4|0#5|0#6|0#7|0#8|0#9|0#10|0#11|0#12|0
1|30,0,0,0,0,0,0,0,0,0,0,0,0,0,0,0,0,,,,
18|124,0,0,0,0,0,0,0,0,0,0,0,0,0,0,0,0,,,,
120|146,0,0,0,0,0,0,0,0,0,0,0,0,0,0,0,0,,,,
43|132,0,0,0,0,0,0,0,0,0,0,0,0,0,0,0,0,,,,
151|54,0,0,0,0,0,0,0,0,0,0,0,0,0,0,0,0,,,,
16|60,0,0,0,0,0,0,0,0,0,0,0,0,0,0,0,0,,,,
54|82,0,2,0,0,0,0,0,0,0,0,0,0,0,0,0,0,,,,
95|131,0,0,0,0,0,0,0,0,0,0,0,0,0,0,0,0,,,,
14|35,0,0,0,0,1,1,1,0,5,0,2,0,1,0,0,0,,,,
30|145,0,0,0,0,0,0,0,0,0,0,0,0,0,0,0,0,,,,
73|93,0,0,0,0,0,0,0,0,0,0,0,0,0,0,1,0,,0|0#1|0#2|0#3|0#4|0#5|0#6|0#7|0#8|0#9|0#10|0#11|0#12|0,0|0#1|0#2|0#3|0#4|0#5|0#6|0#7|0#8|0#9|0#10|0#11|0#12|0,0|0#1|0#2|0#3|0#4|0#5|0#6|0#7|0#8|0#9|0#10|0#11|0#12|0
52|57,0,0,0,0,0,0,0,0,0,0,0,0,0,0,0,0,,,,
26|77,0,0,0,0,0,0,0,0,0,0,0,0,0,0,0,0,,,,
90|79,0,3,0,1,0,1,0,1,1,0,0,9,2,0,0,0,0|0#1|0#2|0#3|2#4|0#5|0#6|0#7|0#8|0#9|0#10|0#11|0#12|0,0|0#1|0#2|0#3|2#4|0#5|0#6|0#7|0#8|0#9|0#10|0#11|0#12|0,0|0#1|0#2|0#3|2#4|0#5|0#6|0#7|0#8|0#9|0#10|0#11|0#12|0,0|0#1|0#2|0#3|1#4|0#5|0#6|0#7|0#8|0#9|0#10|0#11|0#12|0
35|71,0,0,0,0,0,0,0,0,0,0,0,0,0,0,0,0,,,,
40|15,0,0,0,0,0,0,0,0,0,0,0,0,0,0,0,0,,,,
4|78,0,0,0,0,0,0,0,0,0,0,0,0,0,0,0,0,,,,
80|62,2,0,0,0,0,0,0,1,0,0,0,1,0,0,0,0,0|0#1|0#2|0#3|0#4|0#5|0#6|0#7|0#8|0#9|0#10|0#11|0#12|0,0|0#1|0#2|0#3|0#4|0#5|0#6|0#7|0#8|0#9|0#10|0#11|0#12|0,0|0#1|0#2|0#3|0#4|0#5|0#6|0#7|0#8|0#9|0#10|0#11|0#12|0,
108|125,0,0,0,0,0,1,0,0,0,0,0,0,0,0,0,0,,,,
133|133,0,0,0,0,0,0,0,0,0,0,0,0,0,0,0,0,,,,
71|68,0,0,0,0,0,0,0,0,1,0,0,0,0,0,0,0,,,,
123|49,6,0,9,0,2,1,1,8,6,0,6,1,0,0,0,0,,,0|0#1|0#2|0#3|0#4|0#5|0#6|0#7|0#8|0#9|0#10|0#11|0#12|0,
57|136,0,0,0,0,0,0,0,0,0,0,0,0,0,0,0,0,,,,
132|43,0,0,0,0,0,1,0,0,4,0,0,0,0,0,0,0,0|0#1|0#2|0#3|0#4|0#5|0#6|0#7|0#8|0#9|0#10|0#11|0#12|0,0|0#1|0#2|0#3|0#4|0#5|0#6|0#7|0#8|0#9|0#10|0#11|0#12|0,0|0#1|0#2|0#3|0#4|0#5|0#6|0#7|0#8|0#9|0#10|0#11|0#12|0,0|0#1|0#2|0#3|0#4|0#5|0#6|0#7|0#8|0#9|0#10|0#11|0#12|0
33|46,0,0,0,0,0,0,0,0,1,0,0,0,0,0,0,0,,,,
125|74,0,0,0,0,0,0,0,0,0,0,0,0,0,0,0,0,,,,
147|137,0,0,0,0,0,0,0,0,0,0,0,0,0,0,0,0,,,,
146|120,0,0,0,0,0,0,0,0,0,0,0,0,0,0,0,0,,,,
130|18,0,0,0,0,0,0,0,0,0,0,0,0,0,0,0,0,,,,
106|63,21,7,22,2,5,8,4,11,0,1,11,8,1,3,0,0,0|0#1|0#2|0#3|4#4|4#5|3#6|4#7|4#8|4#9|4#10|4#11|4#12|0,0|0#1|0#2|0#3|4#4|3#5|2#6|3#7|3#8|3#9|3#10|3#11|3#12|0,0|0#1|0#2|0#3|4#4|4#5|3#6|4#7|4#8|4#9|4#10|4#11|4#12|0,0|0#1|0#2|0#3|4#4|3#5|2#6|3#7|3#8|3#9|3#10|3#11|3#12|0
42|40,0,0,0,0,0,0,0,0,0,0,0,1,0,0,0,0,,,,
