106|95,0,0,0,0,0,0,0,0,0,0,0,0,0,0,0,0,0|0#1|0#2|0#3|0#4|0#5|0#6|0#7|0#8|0#9|0#10|0#11|0#12|0,,0|0#1|0#2|0#3|0#4|0#5|0#6|0#7|0#8|0#9|0#10|0#11|0#12|0,
1|62,0,0,0,0,0,0,0,0,0,0,0,0,0,0,0,0,,,,
101|22,0,0,0,0,0,0,0,1,0,0,0,0,0,0,0,0,,0|0#1|0#2|0#3|0#4|0#5|0#6|0#7|0#8|0#9|0#10|0#11|0#12|0,,0|0#1|0#2|0#3|0#4|0#5|0#6|0#7|0#8|0#9|0#10|0#11|0#12|0
113|64,0,0,1,0,0,0,0,0,0,0,0,4,0,0,0,0,0|0#1|0#2|0#3|0#4|0#5|0#6|0#7|0#8|0#9|0#10|0#11|0#12|0,0|0#1|0#2|0#3|0#4|0#5|0#6|0#7|0#8|0#9|0#10|0#11|0#12|0,0|0#1|0#2|0#3|0#4|0#5|0#6|0#7|0#8|0#9|0#10|0#11|0#12|0,0|0#1|0#2|0#3|0#4|0#5|0#6|0#7|0#8|0#9|0#10|0#11|0#12|0
66|108,0,0,0,0,0,0,0,0,0,0,0,0,0,0,0,0,,,,
42|72,0,0,0,0,0,0,0,0,0,0,0,0,0,0,0,0,,,,
107|140,0,0,0,0,0,0,0,0,0,0,0,0,0,0,0,0,,,,
111|39,0,0,0,0,0,0,0,0,0,0,0,0,0,0,0,0,,,,
80|94,0,0,0,0,0,0,0,0,0,0,0,0,0,0,0,0,,,,
142|105,0,0,0,0,0,0,0,0,0,0,0,0,0,0,0,0,,,,
83|4,0,0,0,0,0,0,0,0,0,0,0,0,0,0,0,0,,,,
14|67,0,0,0,0,0,0,0,0,0,0,0,0,0,0,0,0,,,,
30|30,0,0,0,0,0,0,0,0,0,0,0,0,0,0,0,0,,,,
132|75,0,0,0,0,0,0,0,0,0,0,0,0,0,0,0,0,,,,
57|6,0,0,0,0,0,0,0,0,0,0,0,0,0,0,0,0,,,,
151|86,0,0,0,0,0,0,0,0,0,0,0,1,0,0,0,0,,,,
16|92,0,0,0,0,0,0,0,0,0,0,0,0,0,0,0,0,,,,
21|36,0,0,0,0,0,0,0,0,0,0,0,0,0,0,0,0,,,,
5|106,0,0,0,0,0,0,0,0,0,0,0,0,0,0,0,0,,,,
52|104,0,0,0,0,0,0,0,1,0,0,0,0,0,0,0,0,,,0|0#1|0#2|0#3|0#4|0#5|0#6|0#7|0#8|0#9|0#10|0#11|0#12|0,
120|33,0,0,0,0,0,0,0,0,0,0,0,0,0,0,0,0,,,,
33|78,0,0,0,0,0,0,0,0,0,0,0,0,1,0,0,0,,,,
52|89,3,4,0,0,0,0,0,13,0,0,5,0,5,0,0,0,,,0|0#1|0#2|0#3|0#4|0#5|0#6|0#7|0#8|0#9|0#10|0#11|0#12|0,
61|83,0,0,0,0,0,0,0,0,0,0,0,0,0,0,0,0,,,,
14|109,0,0,0,0,0,0,0,0,0,0,0,0,0,0,0,0,,,,
91|116,0,1,0,0,0,0,1,0,0,0,0,0,0,0,0,0,,,,
23|61,0,0,0,0,0,0,0,0,0,0,0,0,0,0,0,0,,,,
40|47,0,0,0,0,0,0,0,0,0,0,0,0,0,0,0,0,,,,0|0#1|0#2|0#3|0#4|0#5|0#6|0#7|0#8|0#9|0#10|0#11|0#12|0
116|1,0,0,0,0,0,0,0,0,0,0,0,0,0,0,0,0,,,,
