95|136,0,0,0,0,0,0,0,0,0,0,0,0,0,0,0,0,,,,
35|76,0,0,0,0,0,0,0,0,0,0,0,0,0,0,0,0,,,,
43|137,0,0,0,0,0,0,0,0,0,0,0,0,2,0,0,0,,,,
42|120,0,0,0,0,0,0,0,0,0,0,0,0,0,0,0,0,,,,
80|67,9,4,9,7,0,1,0,1,0,0,3,6,10,0,1,0,0|0#1|0#2|0#3|0#4|0#5|2#6|1#7|2#8|0#9|1#10|2#11|1#12|0,0|0#1|0#2|0#3|0#4|0#5|0#6|0#7|0#8|0#9|0#10|0#11|0#12|0,0|0#1|0#2|0#3|0#4|2#5|2#6|1#7|1#8|0#9|2#10|1#11|1#12|0,0|0#1|0#2|0#3|0#4|0#5|0#6|0#7|0#8|0#9|0#10|0#11|0#12|0
82|92,0,1,0,0,0,0,1,0,1,0,0,1,0,0,0,0,0|0#1|0#2|0#3|0#4|0#5|0#6|0#7|0#8|0#9|0#10|0#11|0#12|0,,0|0#1|0#2|0#3|0#4|0#5|0#6|0#7|0#8|0#9|0#10|0#11|0#12|0,
107|113,0,0,0,0,0,1,0,0,1,0,0,1,0,0,0,0,,,,
81|132,0,0,0,0,0,0,0,0,0,0,0,0,0,0,0,0,,,,
56|124,0,0,0,0,0,0,0,0,0,0,0,0,0,0,0,0,,,,
106|68,0,0,0,0,0,0,0,0,0,0,0,0,3,0,0,0,0|0#1|0#2|0#3|3#4|4#5|3#6|3#7|3#8|3#9|3#10|3#11|2#12|0,0|0#1|0#2|0#3|2#4|2#5|2#6|2#7|1#8|2#9|2#10|2#11|1#12|0,0|0#1|0#2|0#3|4#4|4#5|3#6|3#7|3#8|3#9|3#10|2#11|2#12|0,0|0#1|0#2|0#3|2#4|2#5|2#6|2#7|2#8|2#9|2#10|1#11|2#12|0
44|70,0,0,0,0,0,0,0,0,0,0,0,0,0,0,0,0,,,,
113|37,0,0,0,0,0,0,0,0,0,0,0,0,0,0,0,0,,,,
61|56,5,2,2,0,0,0,0,6,0,0,0,1,1,4,0,0,,0|0#1|0#2|0#3|0#4|0#5|0#6|0#7|0#8|0#9|0#10|0#11|0#12|0,0|0#1|0#2|0#3|0#4|0#5|0#6|0#7|0#8|0#9|0#10|0#11|0#12|0,0|0#1|0#2|0#3|0#4|0#5|0#6|0#7|0#8|0#9|0#10|0#11|0#12|0
73|98,0,0,0,0,0,0,0,0,0,0,0,0,1,0,0,0,,,,
151|59,0,0,0,0,0,0,0,0,0,0,0,0,0,0,0,0,,,,
17|112,0,0,0,0,0,0,0,0,0,0,0,0,0,0,0,0,,,,
69|111,0,0,0,0,0,0,0,0,0,0,0,0,0,0,0,0,,,,
141|42,0,0,0,0,0,0,0,0,0,0,0,0,0,0,0,0,,,,
18|129,0,0,0,0,0,0,0,0,0,0,0,0,0,0,0,0,,,,
132|48,0,0,0,0,0,0,0,0,0,0,0,0,0,0,0,0,,,,
9|126,0,0,0,0,0,0,0,0,0,0,0,0,0,0,0,0,,,,
134|73,0,0,0,0,0,0,0,0,0,0,0,0,0,0,0,0,,,,
18|90,0,0,0,0,0,0,0,0,0,0,0,0,0,0,0,0,,,,
125|79,0,0,0,0,0,0,0,1,0,0,0,0,0,0,0,0,,0|0#1|0#2|0#3|0#4|0#5|0#6|0#7|0#8|0#9|0#10|0#11|0#12|0,,0|0#1|0#2|0#3|0#4|0#5|0#6|0#7|0#8|0#9|0#10|0#11|0#12|0
77|4,0,0,0,0,0,0,0,0,0,0,0,0,0,0,0,0,,,,
1|35,0,0,0,0,0,0,0,0,0,0,0,0,0,0,0,0,,,,
63|81,1,0,0,0,0,0,0,0,0,0,0,0,0,0,0,0,,,,
23|34,0,0,0,0,0,1,0,0,0,0,0,0,0,0,0,0,,,,
54|87,36,10,103,1,6,6,9,8,7,0,24,1,1,0,0,0,,0|0#1|0#2|0#3|0#4|0#5|0#6|0#7|0#8|0#9|0#10|0#11|0#12|0,0|0#1|0#2|0#3|0#4|0#5|0#6|0#7|0#8|0#9|0#10|0#11|0#12|0,0|0#1|0#2|0#3|0#4|0#5|0#6|0#7|0#8|0#9|0#10|0#11|0#12|0
132|121,0,0,0,0,0,0,0,0,0,0,0,0,0,0,0,0,,,,
3|60,0,0,0,0,0,0,0,0,0,0,0,0,0,0,0,0,,,,
42|45,0,0,0,0,0,0,0,0,0,0,0,0,0,0,0,0,,,,
16|65,0,0,0,0,0,0,0,0,0,0,0,0,0,0,0,0,,,,
70|50,1,1,0,1,0,0,1,0,1,0,0,3,0,0,0,0,,,,
108|93,0,0,0,0,0,0,0,0,0,0,0,0,0,0,0,0,,,,
146|125,0,0,0,0,0,0,0,0,0,0,0,0,0,0,0,0,,,,
133|138,0,0,0,0,0,0,0,0,0,0,0,0,0,0,0,0,,,,
122|31,0,0,0,0,0,0,0,0,0,0,0,0,0,0,0,0,,,,
103|20,0,0,0,0,0,0,0,1,0,0,0,0,1,0,0,0,,,,
115|62,59,13,225,3,7,22,4,10,1,2,58,1,5,0,0,0,0|0#1|0#2|0#3|1#4|0#5|0#6|0#7|1#8|1#9|1#10|1#11|1#12|0,0|0#1|0#2|0#3|0#4|0#5|0#6|0#7|1#8|1#9|1#10|0#11|0#12|0,0|0#1|0#2|0#3|0#4|0#5|0#6|1#7|1#8|1#9|1#10|1#11|1#12|0,0|0#1|0#2|0#3|0#4|0#5|0#6|0#7|1#8|1#9|1#10|0#11|0#12|0
