43|91,0,5,1,0,0,0,0,22,1,0,2,0,0,0,0,0,0|0#1|0#2|0#3|0#4|0#5|0#6|0#7|0#8|0#9|0#10|0#11|0#12|0,0|0#1|0#2|0#3|0#4|0#5|0#6|0#7|0#8|0#9|0#10|0#11|0#12|0,0|0#1|0#2|0#3|0#4|0#5|0#6|0#7|0#8|0#9|0#10|0#11|0#12|0,0|0#1|0#2|0#3|0#4|0#5|0#6|0#7|0#8|0#9|0#10|0#11|0#12|0
54|134,0,0,0,0,0,0,0,0,0,0,0,0,0,0,0,0,,,,
2|81,0,0,0,0,0,0,0,0,0,0,0,0,0,0,0,0,,,,
16|139,0,0,0,0,0,0,0,0,0,0,0,0,0,0,0,0,,,,
118|110,0,0,0,0,0,1,0,1,2,0,2,0,1,0,0,0,,,,
68|138,0,0,0,0,0,0,0,0,0,0,0,0,0,0,0,0,,,,
65|0,0,0,0,0,0,0,0,0,0,0,0,0,0,0,0,0,,,,
29|126,0,0,0,0,0,0,0,0,0,0,0,0,0,0,0,0,,,,
0|56,0,0,0,0,0,0,0,0,0,0,0,0,0,0,0,0,,,,
121|52,0,0,0,0,0,0,0,0,0,0,0,0,0,0,0,0,,,,
89|12,0,0,0,0,0,0,0,0,0,0,0,0,0,0,0,0,,,,
67|121,0,0,0,0,0,0,0,0,0,0,0,0,0,0,0,0,,,,
15|122,0,0,0,0,0,0,0,0,0,0,0,0,0,0,0,0,,,,
112|58,0,0,0,0,0,1,0,0,0,0,0,0,1,0,0,0,0|0#1|0#2|0#3|0#4|0#5|0#6|0#7|0#8|0#9|0#10|0#11|0#12|0,0|0#1|0#2|0#3|0#4|0#5|0#6|0#7|0#8|0#9|0#10|0#11|0#12|0,0|0#1|0#2|0#3|0#4|0#5|0#6|0#7|0#8|0#9|0#10|0#11|0#12|0,0|0#1|0#2|0#3|0#4|0#5|0#6|0#7|0#8|0#9|0#10|0#11|0#12|0
15|86,0,0,0,0,0,0,0,0,0,0,0,0,0,0,0,0,,,,
7|136,0,0,0,0,0,0,0,0,0,0,0,0,0,0,0,0,,,,
10|13,0,0,0,0,0,0,0,1,0,0,0,0,0,0,0,0,,,,
105|123,0,0,0,0,0,0,0,0,0,0,0,0,0,0,0,0,,,,
119|127,0,0,0,0,0,0,0,1,0,0,0,0,1,0,0,0,,,,
133|94,0,0,0,0,0,0,0,0,0,0,0,0,0,0,0,0,,,,
22|55,0,0,0,0,0,0,0,0,0,0,0,0,0,0,0,0,,,,
34|97,0,0,0,0,0,0,0,0,0,0,0,0,0,0,0,0,,,,
102|41,0,1,0,0,0,0,0,2,1,0,0,0,0,0,0,0,,,,
24|80,0,0,0,0,0,0,0,0,0,0,0,0,0,0,0,0,,,,
39|2,0,0,0,0,0,0,0,0,0,0,0,0,0,0,0,0,,,,
114|83,21,7,62,3,0,3,3,4,12,0,15,4,7,0,0,0,0|0#1|0#2|0#3|0#4|0#5|0#6|0#7|0#8|0#9|0#10|0#11|0#12|0,,0|0#1|0#2|0#3|0#4|0#5|0#6|0#7|0#8|0#9|0#10|0#11|0#12|0,
130|131,0,0,0,0,0,0,0,0,0,0,0,0,0,0,0,0,,,,
100|16,0,0,0,0,0,0,0,0,0,0,0,4,1,0,0,0,,,,
40|130,0,0,0,0,0,0,0,0,0,0,0,0,0,0,0,0,,,,
60|77,0,0,0,0,0,1,0,1,0,0,0,0,0,0,0,0,0|0#1|0#2|0#3|0#4|0#5|0#6|0#7|0#8|0#9|0#10|0#11|0#12|0,0|0#1|0#2|0#3|0#4|0#5|0#6|0#7|0#8|0#9|0#10|0#11|0#12|0,0|0#1|0#2|0#3|0#4|0#5|0#6|0#7|0#8|0#9|0#10|0#11|0#12|0,0|0#1|0#2|0#3|0#4|0#5|0#6|0#7|0#8|0#9|0#10|0#11|0#12|0
131|69,0,0,0,0,0,0,0,0,0,0,0,0,0,0,0,0,,,,
140|63,0,0,0,0,0,0,0,0,0,0,0,0,0,0,0,0,,0|0#1|0#2|0#3|0#4|0#5|0#6|0#7|0#8|0#9|0#10|0#11|0#12|0,,0|0#1|0#2|0#3|0#4|0#5|0#6|0#7|0#8|0#9|0#10|0#11|0#12|0
144|135,0,0,1,0,0,0,0,0,0,0,1,1,1,0,0,0,,,,
105|89,0,0,0,0,0,0,0,1,0,0,0,1,1,0,0,0,0|0#1|0#2|0#3|0#4|0#5|0#6|0#7|0#8|0#9|0#10|0#11|0#12|0,0|0#1|0#2|0#3|0#4|0#5|0#6|0#7|0#8|0#9|0#10|0#11|0#12|0,0|0#1|0#2|0#3|0#4|0#5|0#6|0#7|0#8|0#9|0#10|0#11|0#12|0,0|0#1|0#2|0#3|0#4|0#5|0#6|0#7|0#8|0#9|0#10|0#11|0#12|0
41|66,0,0,0,0,0,0,0,0,0,0,0,0,0,0,0,0,,,,
50|60,0,0,1,0,0,1,0,1,1,0,0,0,0,0,0,0,,,,
99|29,0,0,0,0,0,0,0,0,0,0,0,0,0,0,0,0,0|0#1|0#2|0#3|0#4|0#5|0#6|0#7|0#8|0#9|0#10|0#11|0#12|0,0|0#1|0#2|0#3|0#4|0#5|0#6|0#7|0#8|0#9|0#10|0#11|0#12|0,0|0#1|0#2|0#3|0#4|0#5|0#6|0#7|0#8|0#9|0#10|0#11|0#12|0,
93|146,0,0,0,0,0,0,0,0,0,0,0,0,0,0,0,0,,,,
41|147,0,0,0,0,0,0,0,0,0,0,0,0,0,0,0,0,,,,
