32|37,0,0,0,0,0,0,0,0,0,0,0,0,0,0,0,0,,,,
42|129,0,0,0,0,0,0,0,0,0,0,0,0,0,0,0,0,,,,
7|101,0,0,0,0,0,0,0,0,0,0,0,0,0,0,0,0,,,,
60|42,0,0,0,0,0,0,0,0,0,0,0,0,0,0,0,0,,,,
126|90,0,0,0,0,0,0,0,0,0,0,0,0,0,0,0,0,,,,
16|104,0,0,0,0,0,0,0,0,0,0,0,0,0,0,0,0,,,,
3|69,0,0,0,0,0,0,0,0,0,0,0,0,0,0,0,0,,,,
131|113,115,41,130,17,24,5,5,35,7,7,67,30,38,0,0,0,,,,
150|45,0,0,0,0,0,0,0,0,0,0,0,0,0,0,0,0,,,,
124|65,0,0,0,0,0,0,0,0,0,0,0,0,0,0,0,0,0|0#1|0#2|0#3|0#4|0#5|0#6|0#7|0#8|0#9|0#10|0#11|0#12|0,0|0#1|0#2|0#3|0#4|0#5|0#6|0#7|0#8|0#9|0#10|0#11|0#12|0,0|0#1|0#2|0#3|0#4|0#5|0#6|0#7|0#8|0#9|0#10|0#11|0#12|0,0|0#1|0#2|0#3|0#4|0#5|0#6|0#7|0#8|0#9|0#10|0#11|0#12|0
13|26,0,1,0,0,0,0,0,0,0,0,0,0,0,0,0,0,,,,
103|29,0,0,0,0,0,0,0,0,0,0,0,0,0,0,0,0,0|0#1|0#2|0#3|0#4|0#5|0#6|0#7|0#8|0#9|0#10|0#11|0#12|0,0|0#1|0#2|0#3|0#4|0#5|0#6|0#7|0#8|0#9|0#10|0#11|0#12|0,0|0#1|0#2|0#3|0#4|0#5|0#6|0#7|0#8|0#9|0#10|0#11|0#12|0,
41|112,0,0,0,0,0,0,0,0,0,0,0,0,0,0,0,0,,,,
91|95,0,0,0,0,0,0,0,0,0,0,0,0,0,0,0,0,,,,
41|31,0,1,1,0,0,0,1,2,0,0,0,4,1,0,0,0,,,,
93|111,0,0,0,0,0,0,0,0,0,0,0,0,0,0,0,0,,,,
94|128,0,0,0,0,0,0,0,0,0,0,0,0,0,0,0,0,,,,
70|59,0,0,0,0,0,0,0,0,0,0,0,0,0,0,0,0,,,,
8|118,0,0,0,0,0,0,0,0,0,0,0,0,0,0,0,0,,,,
68|103,0,0,0,0,0,0,0,0,0,0,0,0,0,0,0,0,,,,
145|117,0,0,0,0,0,0,0,0,0,0,0,0,0,0,0,0,,,,
105|54,3,0,5,0,0,1,0,55,1,1,1,2,9,0,1,0,0|0#1|0#2|0#3|2#4|2#5|3#6|3#7|2#8|3#9|3#10|2#11|2#12|0,0|0#1|0#2|0#3|2#4|2#5|2#6|3#7|2#8|2#9|2#10|2#11|2#12|0,0|0#1|0#2|0#3|2#4|2#5|3#6|2#7|2#8|3#9|2#10|2#11|2#12|0,0|0#1|0#2|0#3|2#4|2#5|3#6|2#7|2#8|2#9|2#10|2#11|2#12|0
22|20,0,0,0,0,0,0,0,0,0,0,0,0,1,0,0,0,,,,
18|99,0,0,0,0,0,0,0,0,0,0,0,0,0,0,0,0,,,,
5|94,0,0,0,0,0,0,0,0,0,0,0,0,0,0,0,0,,,,
15|51,0,0,0,0,0,0,0,0,0,0,0,0,0,0,0,0,,,,
72|84,0,0,0,0,0,0,0,0,1,0,0,0,0,0,0,0,,0|0#1|0#2|0#3|0#4|0#5|0#6|0#7|0#8|0#9|0#10|0#11|0#12|0,,
44|79,0,0,0,0,0,0,0,0,0,0,0,0,0,0,0,0,0|0#1|0#2|0#3|0#4|0#5|0#6|0#7|0#8|0#9|0#10|0#11|0#12|0,,0|0#1|0#2|0#3|0#4|0#5|0#6|0#7|0#8|0#9|0#10|0#11|0#12|0,
55|116,0,0,0,0,0,0,0,0,0,0,0,0,0,0,0,0,,,,
143|76,0,0,0,0,0,0,0,0,0,0,0,0,0,0,0,0,,,,
80|124,0,0,0,0,0,0,0,0,0,0,0,0,0,0,0,0,,,,
144|100,0,0,0,0,0,0,0,0,0,0,0,0,0,0,0,0,,,,
53|73,0,0,0,0,0,0,1,0,1,0,0,0,0,0,0,0,,,,
34|62,0,0,0,0,0,0,0,0,0,0,0,0,0,0,0,0,,,,
0|21,0,0,0,0,0,0,0,0,0,0,0,0,0,0,0,0,,,,
106|105,0,0,0,0,0,0,0,0,1,0,0,0,0,0,0,0,,,,
51|48,5,1,8,1,1,1,1,3,0,0,2,1,1,0,0,0,,,,
112|23,0,0,0,0,0,0,0,0,0,0,0,0,0,0,0,0,,,,
27|93,0,0,0,0,0,0,0,0,0,0,0,0,0,0,0,0,,,,
32|1,0,0,0,0,0,0,0,0,0,0,0,0,0,0,0,0,,,,
117|96,2,0,0,3,0,1,0,1,1,0,0,13,0,0,0,0,0|0#1|0#2|0#3|0#4|0#5|0#6|0#7|0#8|0#9|0#10|0#11|0#12|0,0|0#1|0#2|0#3|0#4|0#5|0#6|0#7|0#8|0#9|0#10|0#11|0#12|0,0|0#1|0#2|0#3|0#4|0#5|0#6|0#7|0#8|0#9|0#10|0#11|0#12|0,0|0#1|0#2|0#3|0#4|0#5|0#6|0#7|0#8|0#9|0#10|0#11|0#12|0
136|8,0,0,0,0,0,0,0,0,0,0,0,0,0,0,0,0,,,,
131|34,0,0,0,0,0,0,0,0,0,0,0,0,0,0,0,0,,,,
152|70,0,0,0,0,0,0,0,0,0,0,0,0,0,0,0,0,,,,
25|68,0,0,0,0,0,0,0,0,0,0,0,0,0,0,0,0,,,,
