66|19,0,0,0,0,0,0,0,0,0,0,0,0,0,0,0,0,,,,
11|143,0,0,0,0,0,0,0,0,0,0,0,0,0,0,0,0,,,,
100|84,0,0,0,0,0,0,0,0,0,0,0,0,0,0,0,0,,,,
139|36,0,0,0,0,0,0,0,0,0,0,0,3,0,0,0,0,0|0#1|0#2|0#3|0#4|0#5|0#6|0#7|0#8|0#9|0#10|0#11|0#12|0,0|0#1|0#2|0#3|0#4|0#5|0#6|0#7|0#8|0#9|0#10|0#11|0#12|0,0|0#1|0#2|0#3|0#4|0#5|0#6|0#7|0#8|0#9|0#10|0#11|0#12|0,0|0#1|0#2|0#3|0#4|0#5|0#6|0#7|0#8|0#9|0#10|0#11|0#12|0
77|146,0,0,0,0,0,0,0,0,0,0,0,0,0,0,0,0,,,,
99|97,0,0,0,0,0,0,0,0,0,0,0,0,0,0,0,0,,,,
68|44,0,0,0,0,0,0,0,0,0,0,0,0,0,0,0,0,,,,
2|140,0,0,0,0,0,0,0,0,0,0,0,0,0,0,0,0,,,,
38|134,0,0,0,0,0,0,0,0,0,0,0,0,0,0,0,0,,,,
101|144,0,0,0,0,0,0,0,0,0,0,0,0,0,0,0,0,,,,
119|2,0,0,0,0,0,0,0,0,0,0,0,0,0,0,0,0,,,,
63|142,0,0,0,0,0,0,0,0,0,0,0,0,0,0,0,0,,,,
10|81,0,0,0,0,0,0,0,0,0,0,0,0,0,0,0,0,,,,
94|24,0,0,0,0,0,0,0,0,0,0,0,0,0,0,0,0,,,,0|0#1|0#2|0#3|0#4|0#5|0#6|0#7|0#8|0#9|0#10|0#11|0#12|0
24|130,0,0,0,0,0,0,0,0,0,0,0,0,0,0,0,0,,,,
75|13,0,0,0,0,0,0,0,0,0,0,0,1,0,0,0,0,,,,
87|55,39,8,38,17,3,2,2,13,1,1,11,29,4,0,0,0,0|0#1|0#2|0#3|4#4|3#5|2#6|2#7|2#8|2#9|2#10|3#11|3#12|0,0|0#1|0#2|0#3|4#4|2#5|2#6|2#7|2#8|2#9|2#10|2#11|2#12|0,0|0#1|0#2|0#3|4#4|2#5|2#6|2#7|2#8|2#9|2#10|3#11|3#12|0,0|0#1|0#2|0#3|3#4|2#5|2#6|2#7|2#8|2#9|2#10|2#11|2#12|0
145|0,0,0,0,0,0,0,0,0,0,0,0,0,0,0,0,0,,,,
20|98,0,0,0,0,0,0,0,0,0,0,0,0,0,0,0,0,,,,
25|147,0,0,0,0,0,0,0,0,0,0,0,0,0,0,0,0,,,,
49|33,0,0,0,0,0,0,0,0,0,0,0,1,0,0,0,0,,,0|0#1|0#2|0#3|0#4|0#5|0#6|0#7|0#8|0#9|0#10|0#11|0#12|0,
148|30,0,0,0,0,0,0,0,0,0,0,0,0,0,0,0,0,,,,
8|23,0,0,0,0,0,0,0,1,0,0,0,0,0,0,0,0,,,,
86|5,0,0,0,0,0,0,0,0,0,0,0,0,0,0,0,0,,,,
89|80,0,1,3,1,0,2,1,2,0,0,0,1,3,0,0,0,0|0#1|0#2|0#3|0#4|0#5|0#6|0#7|0#8|0#9|0#10|0#11|0#12|0,0|0#1|0#2|0#3|0#4|0#5|0#6|0#7|0#8|0#9|0#10|0#11|0#12|0,0|0#1|0#2|0#3|0#4|0#5|0#6|0#7|0#8|0#9|0#10|0#11|0#12|0,0|0#1|0#2|0#3|0#4|0#5|0#6|0#7|0#8|0#9|0#10|0#11|0#12|0
114|131,0,0,0,0,0,0,0,0,0,0,0,0,0,0,0,0,,,,
128|135,0,0,0,0,0,0,0,0,0,0,0,0,0,0,0,0,,,,
