122|95,5,0,0,0,4,9,1,2,2,0,4,1,0,0,0,0,0|0#1|0#2|0#3|0#4|0#5|0#6|0#7|0#8|0#9|0#10|0#11|0#12|0,0|0#1|0#2|0#3|0#4|0#5|0#6|0#7|0#8|0#9|0#10|0#11|0#12|0,,0|0#1|0#2|0#3|0#4|0#5|0#6|0#7|0#8|0#9|0#10|0#11|0#12|0
101|59,45,40,32,3,18,29,11,26,8,6,40,9,11,12,0,0,0|0#1|0#2|0#3|4#4|4#5|4#6|4#7|4#8|4#9|4#10|4#11|4#12|0,0|0#1|0#2|0#3|4#4|4#5|4#6|4#7|4#8|4#9|4#10|4#11|4#12|0,0|0#1|0#2|0#3|4#4|4#5|4#6|4#7|4#8|4#9|4#10|4#11|4#12|0,0|0#1|0#2|0#3|4#4|4#5|4#6|4#7|4#8|4#9|4#10|4#11|4#12|0
26|116,0,0,0,0,0,0,0,0,0,0,0,0,0,0,0,0,,,,
64|111,0,0,0,0,0,0,0,0,1,0,1,1,0,0,0,0,,,,
115|100,1,0,0,0,0,0,0,2,0,0,0,0,0,0,0,0,,,,
116|117,0,0,0,0,0,0,0,0,0,0,0,0,0,0,0,0,,,,
32|92,0,0,0,0,0,0,0,0,0,0,0,0,0,0,0,0,,,,
13|81,0,0,0,0,0,0,0,0,0,0,0,0,0,0,0,0,,,,
1|99,0,0,0,0,0,0,0,0,0,0,0,0,0,0,0,0,,,,
97|24,0,0,0,0,0,0,0,0,0,0,0,0,0,0,0,0,,,,
149|2,0,0,0,0,0,1,0,0,0,0,0,0,0,0,0,0,,,,
129|104,0,0,0,0,0,0,0,0,0,0,0,0,0,0,0,0,0|0#1|0#2|0#3|0#4|0#5|0#6|0#7|0#8|0#9|0#10|0#11|0#12|0,0|0#1|0#2|0#3|0#4|0#5|0#6|0#7|0#8|0#9|0#10|0#11|0#12|0,0|0#1|0#2|0#3|0#4|0#5|0#6|0#7|0#8|0#9|0#10|0#11|0#12|0,0|0#1|0#2|0#3|0#4|0#5|0#6|0#7|0#8|0#9|0#10|0#11|0#12|0
51|124,0,0,0,0,0,0,0,0,0,0,0,0,0,0,0,0,,,,
78|115,0,0,0,0,0,0,0,0,0,0,0,0,0,0,0,0,,,,
90|136,0,0,0,0,0,0,0,0,0,0,0,0,0,0,0,0,,,,
30|67,0,0,0,0,0,0,0,0,0,0,0,0,0,0,0,0,,,,
141|125,0,0,0,0,0,0,0,0,0,0,0,0,0,0,0,0,,,,
69|19,0,0,0,0,0,0,0,0,0,0,0,0,0,0,0,0,,,,
110|53,0,5,41,0,2,2,0,0,1,0,3,4,0,0,0,0,0|0#1|0#2|0#3|0#4|0#5|1#6|0#7|1#8|0#9|0#10|0#11|0#12|0,0|0#1|0#2|0#3|0#4|0#5|0#6|0#7|0#8|0#9|0#10|0#11|0#12|0,0|0#1|0#2|0#3|0#4|0#5|0#6|0#7|1#8|0#9|1#10|0#11|0#12|0,0|0#1|0#2|0#3|0#4|0#5|0#6|0#7|0#8|0#9|0#10|0#11|0#12|0
23|98,0,0,0,0,0,0,0,0,0,0,0,0,0,0,0,0,,,,
20|50,0,0,0,0,0,0,0,0,0,0,0,0,0,0,0,0,,,,
78|13,0,0,0,0,0,0,0,0,0,0,0,0,0,0,0,0,,,,
102|113,0,0,0,0,0,0,0,0,0,0,0,0,0,0,0,0,,,,
65|128,0,0,0,0,0,0,0,0,0,0,0,0,0,0,0,0,,,,
11|56,0,0,0,0,0,0,0,0,0,0,0,0,0,0,0,0,,,,
39|103,0,0,0,0,0,0,0,0,0,0,0,0,0,0,0,0,,,,
4|126,0,0,0,0,0,0,0,0,0,0,0,0,0,0,0,0,,,,
13|129,0,0,0,0,0,0,0,0,0,0,0,0,0,0,0,0,,,,
12|112,0,0,0,0,0,0,0,0,0,0,0,0,0,0,0,0,,,,
103|84,0,0,0,0,0,0,0,0,0,0,0,0,0,0,0,0,,,,
