66|15,0,0,0,0,0,0,0,0,0,0,0,0,0,0,0,0,,,,
68|40,0,0,0,0,0,0,0,0,0,0,0,0,0,0,0,0,,,,
110|97,2,0,1,0,0,0,0,1,1,0,0,11,1,0,0,0,,,,
59|46,0,0,0,0,0,0,0,0,0,0,0,0,0,0,0,0,,,0|0#1|0#2|0#3|0#4|0#5|0#6|0#7|0#8|0#9|0#10|0#11|0#12|0,
99|93,0,0,0,0,0,0,0,0,0,0,0,0,0,0,0,0,,,,
85|26,0,0,0,0,0,0,0,0,0,0,0,0,0,0,0,0,,,,
100|80,25,9,24,18,2,2,2,4,1,0,8,1,12,0,0,0,0|0#1|0#2|0#3|2#4|0#5|2#6|2#7|1#8|1#9|1#10|1#11|1#12|0,0|0#1|0#2|0#3|0#4|1#5|0#6|0#7|0#8|0#9|0#10|0#11|0#12|0,0|0#1|0#2|0#3|2#4|0#5|1#6|2#7|1#8|1#9|1#10|1#11|0#12|0,0|0#1|0#2|0#3|1#4|0#5|0#6|0#7|0#8|0#9|0#10|0#11|0#12|0
128|131,0,0,0,0,0,0,0,0,0,0,0,0,0,0,0,0,,,,
139|32,0,0,0,0,0,0,0,0,0,0,0,0,0,0,0,0,,,,
150|109,0,0,0,0,0,0,0,0,0,0,0,0,0,0,0,0,,,,
78|57,0,0,1,0,0,0,0,0,2,0,0,0,0,0,0,0,0|0#1|0#2|0#3|0#4|0#5|0#6|0#7|0#8|0#9|0#10|0#11|0#12|0,0|0#1|0#2|0#3|0#4|0#5|0#6|0#7|0#8|0#9|0#10|0#11|0#12|0,0|0#1|0#2|0#3|0#4|0#5|0#6|0#7|0#8|0#9|0#10|0#11|0#12|0,
97|68,175,54,353,13,16,48,14,43,19,15,147,18,23,1,0,0,0|0#1|0#2|0#3|4#4|4#5|4#6|4#7|4#8|4#9|4#10|4#11|4#12|0,0|0#1|0#2|0#3|4#4|4#5|4#6|4#7|4#8|4#9|4#10|4#11|4#12|0,0|0#1|0#2|0#3|4#4|4#5|4#6|4#7|4#8|4#9|4#10|4#11|4#12|0,0|0#1|0#2|0#3|4#4|4#5|4#6|4#7|4#8|4#9|4#10|4#11|4#12|0
101|140,0,0,0,0,0,0,0,0,0,0,0,0,0,0,0,0,,,,
86|1,0,0,0,0,0,0,0,0,0,0,0,0,0,0,0,0,,,,
38|130,0,0,0,0,0,0,0,0,0,0,0,0,0,0,0,0,,,,
60|108,0,0,0,0,0,0,0,0,0,0,0,0,0,0,0,0,,,,
39|147,0,0,0,0,0,0,0,0,0,0,0,0,0,0,0,0,,,,
25|143,0,0,0,0,0,0,0,0,0,0,0,0,0,0,0,0,,,,
149|49,0,0,0,0,0,0,0,0,0,0,0,0,0,0,0,0,,,,
94|20,0,0,0,0,0,0,0,0,0,0,0,0,0,0,0,0,,,,
87|51,1,0,0,0,0,1,0,3,0,0,0,0,0,0,0,0,0|0#1|0#2|0#3|0#4|0#5|0#6|0#7|0#8|0#9|0#10|0#11|0#12|0,0|0#1|0#2|0#3|0#4|0#5|0#6|0#7|0#8|0#9|0#10|0#11|0#12|0,0|0#1|0#2|0#3|0#4|1#5|0#6|0#7|0#8|0#9|0#10|0#11|0#12|0,0|0#1|0#2|0#3|0#4|0#5|0#6|0#7|0#8|0#9|0#10|0#11|0#12|0
115|144,0,0,0,0,0,0,0,0,0,0,0,0,0,0,0,0,,,,
77|142,0,0,0,0,0,0,0,0,0,0,0,0,0,0,0,0,,,,
20|94,0,0,0,0,0,0,0,0,0,0,0,0,0,0,0,0,,,,
