105|61,5,12,4,0,1,4,0,1,9,1,4,3,6,0,0,0,0|0#1|0#2|0#3|4#4|4#5|4#6|4#7|4#8|4#9|4#10|4#11|4#12|0,0|0#1|0#2|0#3|4#4|4#5|4#6|4#7|4#8|4#9|4#10|4#11|4#12|0,0|0#1|0#2|0#3|4#4|4#5|4#6|4#7|4#8|4#9|4#10|4#11|4#12|0,0|0#1|0#2|0#3|4#4|4#5|4#6|4#7|4#8|4#9|4#10|4#11|4#12|0
131|41,0,0,0,0,0,0,0,0,0,0,0,0,0,0,0,0,0|0#1|0#2|0#3|0#4|0#5|0#6|0#7|0#8|0#9|0#10|0#11|0#12|0,,0|0#1|0#2|0#3|0#4|0#5|0#6|0#7|0#8|0#9|0#10|0#11|0#12|0,
17|128,0,0,0,0,0,0,0,0,0,0,0,0,0,0,0,0,,,,
70|66,0,0,0,0,0,0,0,1,0,0,0,0,0,0,0,0,,,,
44|86,0,0,0,0,0,0,0,0,0,0,0,0,0,0,0,0,,,,
3|76,0,0,0,0,0,0,0,0,0,0,0,0,0,0,0,0,,,,
16|111,0,0,0,0,0,0,0,0,0,0,0,0,0,0,0,0,,,,
32|44,0,0,0,0,0,0,0,0,0,0,0,0,0,0,0,0,,,,
103|36,11,2,12,1,6,3,1,5,8,0,4,0,0,0,0,0,0|0#1|0#2|0#3|0#4|0#5|0#6|0#7|0#8|0#9|0#10|0#11|0#12|0,,0|0#1|0#2|0#3|0#4|0#5|0#6|0#7|0#8|0#9|0#10|0#11|0#12|0,0|0#1|0#2|0#3|0#4|0#5|0#6|0#7|0#8|0#9|0#10|0#11|0#12|0
112|30,0,0,0,0,0,0,0,0,0,0,0,0,0,0,0,0,,,,
13|33,0,0,0,0,0,0,0,0,0,0,0,0,0,0,0,0,,,,
69|127,0,0,0,0,0,0,0,0,0,0,0,0,0,0,0,0,,,,
131|120,2,1,2,6,0,0,0,2,1,0,0,7,1,0,0,0,,,,
51|55,0,0,0,0,0,0,0,1,1,0,0,1,2,0,0,0,0|0#1|0#2|0#3|0#4|0#5|0#6|0#7|0#8|0#9|0#10|0#11|0#12|0,0|0#1|0#2|0#3|0#4|0#5|0#6|0#7|0#8|0#9|0#10|0#11|0#12|0,0|0#1|0#2|0#3|0#4|0#5|0#6|0#7|0#8|0#9|0#10|0#11|0#12|0,0|0#1|0#2|0#3|0#4|0#5|0#6|0#7|0#8|0#9|0#10|0#11|0#12|0
122|47,0,0,0,0,0,0,0,0,0,0,0,0,0,0,0,0,,,,
143|83,0,0,0,0,0,0,0,0,0,0,0,0,0,0,0,0,,,,
107|129,0,0,0,0,0,0,0,0,0,0,0,0,0,0,0,0,,,,
145|124,0,0,0,0,0,0,0,0,0,0,0,0,0,0,0,0,,,,
141|58,0,0,0,0,0,0,0,0,0,0,0,0,0,0,0,0,,,,0|0#1|0#2|0#3|0#4|0#5|0#6|0#7|0#8|0#9|0#10|0#11|0#12|0
124|72,0,0,0,0,0,0,0,0,0,0,0,0,1,0,0,0,,,,
14|8,0,0,0,0,0,0,0,0,0,0,0,0,0,0,0,0,,,,
72|91,0,0,0,0,0,0,0,0,0,0,0,0,0,0,0,0,,,,
68|110,0,1,0,0,0,0,0,1,0,0,0,0,0,0,0,0,,,,
30|19,0,0,0,0,0,0,0,0,0,0,0,0,0,0,0,0,,,,
150|52,0,0,0,0,0,0,0,0,0,0,0,0,0,0,0,0,,,,
106|112,0,0,0,0,0,0,0,0,0,0,0,0,0,0,0,0,,,,
42|136,0,0,0,0,0,0,0,0,0,0,0,0,1,0,0,0,,,,
63|97,0,0,1,0,0,0,0,0,0,0,0,0,0,0,0,0,0|0#1|0#2|0#3|0#4|0#5|0#6|0#7|0#8|0#9|0#10|0#11|0#12|0,,0|0#1|0#2|0#3|0#4|0#5|0#6|0#7|0#8|0#9|0#10|0#11|0#12|0,
53|80,0,1,0,0,0,0,0,0,0,0,0,0,0,0,0,0,,,,
115|78,0,0,0,0,0,0,0,2,0,0,0,0,0,0,0,0,0|0#1|0#2|0#3|0#4|0#5|0#6|0#7|0#8|0#9|0#10|0#11|0#12|0,,0|0#1|0#2|0#3|0#4|0#5|0#6|0#7|0#8|0#9|0#10|0#11|0#12|0,0|0#1|0#2|0#3|0#4|0#5|0#6|0#7|0#8|0#9|0#10|0#11|0#12|0
132|137,1,0,1,1,0,0,0,0,0,0,0,0,1,0,0,0,,,,
94|135,2,0,0,0,0,0,0,0,0,0,0,0,1,0,0,0,,,,
80|131,0,0,0,0,0,0,0,0,0,0,0,0,0,0,0,0,,,,
40|6,0,0,0,0,0,0,0,0,0,0,0,0,0,0,0,0,,,,
25|75,0,0,0,0,0,0,0,0,0,0,0,0,1,0,0,0,,,,
55|123,0,0,0,0,0,0,0,0,0,0,0,0,0,0,0,0,,,,
8|125,0,0,0,0,0,0,0,0,0,0,0,0,0,0,0,0,,,,
134|89,0,0,0,0,0,0,0,0,0,0,0,0,0,0,0,0,,,,
