14|84,0,0,0,0,0,0,0,0,0,0,0,0,0,0,0,0,,,,
40|64,0,0,0,0,0,0,0,0,0,0,0,0,0,0,0,0,,,,
130|67,0,0,0,0,0,0,0,0,0,0,0,0,0,0,0,0,,,,
14|126,0,0,0,0,0,0,0,0,0,0,0,0,0,0,0,0,,,,
117|114,0,0,0,0,0,0,0,0,0,0,0,0,0,0,0,0,,,,
88|10,0,0,0,0,0,0,0,0,0,0,0,0,0,0,0,0,,,,
52|121,0,0,0,0,0,0,0,0,0,0,0,0,0,0,0,0,,,,
113|81,0,1,1,0,0,0,0,1,0,0,0,11,0,1,0,0,0|0#1|0#2|0#3|0#4|0#5|0#6|0#7|0#8|0#9|0#10|0#11|0#12|0,0|0#1|0#2|0#3|0#4|0#5|0#6|0#7|0#8|0#9|0#10|0#11|0#12|0,0|0#1|0#2|0#3|0#4|0#5|0#6|0#7|0#8|0#9|0#10|0#11|0#12|0,
79|112,0,0,0,0,0,0,0,0,0,0,0,0,0,0,0,0,,,,
123|98,0,0,0,0,0,0,0,0,0,0,0,0,0,0,0,0,0|0#1|0#2|0#3|0#4|0#5|0#6|0#7|0#8|0#9|0#10|0#11|0#12|0,0|0#1|0#2|0#3|0#4|0#5|0#6|0#7|0#8|0#9|0#10|0#11|0#12|0,0|0#1|0#2|0#3|0#4|0#5|0#6|0#7|0#8|0#9|0#10|0#11|0#12|0,0|0#1|0#2|0#3|0#4|0#5|0#6|0#7|0#8|0#9|0#10|0#11|0#12|0
66|125,0,0,0,0,0,0,0,0,0,0,0,0,0,0,0,0,,,,
5|123,0,0,0,0,0,0,0,0,0,0,0,0,0,0,0,0,,,,
21|53,0,0,0,0,0,0,0,0,0,0,0,0,0,0,0,0,,,,
98|27,0,0,0,0,0,0,0,0,0,0,0,0,0,0,0,0,,,,
103|110,0,0,0,0,0,0,0,0,0,0,0,0,0,0,0,0,,,,
142|122,0,0,0,0,0,0,0,0,0,0,0,0,0,0,0,0,,,,
111|56,0,0,0,0,0,0,0,0,0,0,0,4,0,0,0,0,0|0#1|0#2|0#3|0#4|0#5|0#6|0#7|0#8|0#9|0#10|0#11|0#12|0,0|0#1|0#2|0#3|0#4|0#5|0#6|0#7|0#8|0#9|0#10|0#11|0#12|0,0|0#1|0#2|0#3|0#4|0#5|0#6|0#7|0#8|0#9|0#10|0#11|0#12|0,0|0#1|0#2|0#3|0#4|0#5|0#6|0#7|0#8|0#9|0#10|0#11|0#12|0
104|87,0,0,0,0,0,0,0,0,0,0,0,1,0,0,0,0,,,,
12|59,0,0,0,0,0,0,0,0,0,0,0,0,0,0,0,0,,,,
29|0,0,0,0,0,0,0,0,0,0,0,0,0,0,0,0,0,,,,
143|139,0,0,0,0,0,0,0,0,0,0,0,0,0,0,0,0,,,,
27|113,0,0,0,0,0,0,0,0,0,0,0,0,0,0,0,0,,,,
132|92,0,0,5,0,0,2,0,0,2,0,0,0,1,0,0,0,,0|0#1|0#2|0#3|0#4|0#5|0#6|0#7|0#8|0#9|0#10|0#11|0#12|0,,0|0#1|0#2|0#3|0#4|0#5|0#6|0#7|0#8|0#9|0#10|0#11|0#12|0
33|95,0,0,0,0,0,0,0,0,0,0,0,0,0,0,0,0,,,,
120|50,2,0,0,1,0,0,0,5,1,0,0,0,0,0,0,0,,,,
91|133,0,0,0,0,0,0,0,0,0,0,0,0,0,0,0,0,,,,
104|127,0,0,0,0,0,0,0,0,0,0,0,0,0,0,0,0,,,,
53|138,0,0,0,0,0,0,0,0,0,0,0,0,0,0,0,0,,,,
79|16,0,0,0,0,0,0,0,0,0,0,0,0,0,0,0,0,,,,
