76|144,0,0,0,0,0,0,0,0,0,0,0,0,0,0,0,0,,,,
129|34,0,0,0,0,0,0,0,0,0,0,0,0,0,0,0,0,,,,
84|22,0,0,0,0,0,0,0,0,0,0,0,0,0,0,0,0,,,,
68|59,0,0,0,0,0,0,0,2,1,0,2,0,0,0,0,0,0|0#1|0#2|0#3|0#4|0#5|0#6|0#7|0#8|0#9|0#10|0#11|0#12|0,,0|0#1|0#2|0#3|0#4|0#5|0#6|0#7|0#8|0#9|0#10|0#11|0#12|0,0|0#1|0#2|0#3|0#4|0#5|0#6|0#7|0#8|0#9|0#10|0#11|0#12|0
94|39,0,1,0,0,0,0,0,0,2,0,0,0,0,0,0,0,0|0#1|0#2|0#3|0#4|0#5|0#6|0#7|0#8|0#9|0#10|0#11|0#12|0,0|0#1|0#2|0#3|0#4|0#5|0#6|0#7|0#8|0#9|0#10|0#11|0#12|0,0|0#1|0#2|0#3|0#4|0#5|0#6|0#7|0#8|0#9|0#10|0#11|0#12|0,0|0#1|0#2|0#3|0#4|0#5|0#6|0#7|0#8|0#9|0#10|0#11|0#12|0
114|146,0,0,0,0,0,0,0,1,0,0,1,0,0,0,0,0,,,,
100|99,0,0,0,0,0,0,0,0,0,0,0,0,0,0,0,0,,,,
24|145,0,0,0,0,0,0,0,0,0,0,0,0,0,0,0,0,,,,
152|141,0,0,0,0,0,0,0,0,0,0,0,0,0,0,0,0,,,,
96|64,169,62,347,9,22,52,38,34,28,35,166,158,36,8,0,0,0|0#1|0#2|0#3|4#4|4#5|4#6|4#7|4#8|4#9|4#10|4#11|4#12|0,0|0#1|0#2|0#3|4#4|4#5|4#6|4#7|4#8|4#9|4#10|4#11|4#12|0,0|0#1|0#2|0#3|4#4|4#5|4#6|4#7|4#8|4#9|4#10|4#11|4#12|0,0|0#1|0#2|0#3|4#4|4#5|4#6|4#7|4#8|4#9|4#10|4#11|4#12|0
10|141,0,0,0,0,0,0,0,0,0,0,0,0,0,0,0,0,,,,
77|53,0,0,0,0,0,0,0,0,0,0,0,0,2,0,0,0,0|0#1|0#2|0#3|0#4|0#5|0#6|0#7|0#8|0#9|0#10|0#11|0#12|0,0|0#1|0#2|0#3|0#4|0#5|0#6|0#7|0#8|0#9|0#10|0#11|0#12|0,0|0#1|0#2|0#3|0#4|0#5|0#6|0#7|0#8|0#9|0#10|0#11|0#12|0,0|0#1|0#2|0#3|0#4|0#5|0#6|0#7|0#8|0#9|0#10|0#11|0#12|0
10|96,0,0,0,0,0,0,0,0,0,0,0,0,0,0,0,0,,,,
89|131,0,0,0,0,0,0,0,0,0,0,0,0,0,0,0,0,,,,
58|42,0,0,0,0,0,0,0,0,0,0,0,0,0,0,0,0,0|0#1|0#2|0#3|0#4|0#5|0#6|0#7|0#8|0#9|0#10|0#11|0#12|0,,,
89|95,0,0,6,3,0,1,0,0,1,0,0,3,5,0,0,0,0|0#1|0#2|0#3|0#4|0#5|0#6|0#7|0#8|0#9|0#10|0#11|0#12|0,,,
127|133,0,0,0,0,0,0,0,0,0,0,0,0,0,0,0,0,,,,
23|8,0,0,0,0,0,0,0,0,0,0,0,0,0,0,0,0,,,,
62|140,0,0,0,0,0,0,0,0,0,0,0,0,0,0,0,0,,,,
49|48,0,0,0,0,0,0,0,0,0,0,0,0,0,0,0,0,,,,
56|17,0,0,0,0,0,0,0,0,0,0,0,0,0,0,0,0,,,,
8|38,0,0,0,0,0,0,0,0,0,0,0,0,0,0,0,0,,,,
65|11,0,1,0,0,0,0,0,0,2,0,1,0,0,0,0,0,,,,
100|142,0,0,0,0,0,0,0,0,0,0,0,0,0,0,0,0,,,,
37|132,0,0,0,0,0,0,0,0,0,0,0,0,0,0,0,0,,,,
39|31,0,0,0,0,0,0,0,0,0,0,0,1,0,0,0,0,,,,
75|28,0,0,0,0,0,0,0,0,1,0,0,0,0,0,0,0,,,,
148|45,0,0,0,0,0,0,0,0,0,0,0,0,0,0,0,0,0|0#1|0#2|0#3|0#4|0#5|0#6|0#7|0#8|0#9|0#10|0#11|0#12|0,,0|0#1|0#2|0#3|0#4|0#5|0#6|0#7|0#8|0#9|0#10|0#11|0#12|0,
