41|17,0,0,0,0,0,0,0,0,0,0,0,0,0,0,0,0,,,,
34|48,0,0,0,0,0,0,0,0,0,0,0,0,0,0,0,0,,,,
36|73,0,0,0,0,0,0,0,0,0,0,0,0,0,0,0,0,,,,
43|42,0,0,0,0,0,0,0,0,1,0,0,4,0,0,0,0,,,,
60|28,0,0,0,1,0,1,0,0,0,0,1,0,1,0,0,0,,,,
97|144,0,0,0,0,0,0,0,0,0,0,0,0,0,0,0,0,,,,
15|37,0,0,0,0,0,0,0,0,0,0,0,0,0,0,0,0,,,,
17|62,0,0,0,0,0,0,0,0,0,0,0,0,0,0,0,0,,,,
19|120,0,0,0,0,0,0,0,0,0,0,0,0,0,0,0,0,,,,
53|59,0,0,0,0,0,0,0,0,0,0,0,0,0,0,0,0,,,,
81|64,3,9,7,1,0,1,1,10,0,0,5,0,6,0,0,0,0|0#1|0#2|0#3|2#4|2#5|2#6|2#7|2#8|2#9|2#10|2#11|2#12|0,0|0#1|0#2|0#3|2#4|0#5|2#6|2#7|1#8|2#9|1#10|1#11|1#12|0,0|0#1|0#2|0#3|2#4|2#5|2#6|2#7|2#8|2#9|2#10|2#11|2#12|0,0|0#1|0#2|0#3|1#4|0#5|1#6|1#7|1#8|1#9|1#10|1#11|1#12|0
62|53,0,0,0,0,0,0,0,0,0,0,0,0,0,0,0,0,0|0#1|0#2|0#3|2#4|0#5|0#6|0#7|0#8|0#9|0#10|0#11|0#12|0,0|0#1|0#2|0#3|0#4|0#5|0#6|0#7|0#8|0#9|0#10|0#11|0#12|0,0|0#1|0#2|0#3|1#4|0#5|0#6|0#7|0#8|0#9|0#10|0#11|0#12|0,0|0#1|0#2|0#3|0#4|0#5|0#6|0#7|0#8|0#9|0#10|0#11|0#12|0
126|76,0,0,0,0,0,0,0,1,0,0,0,0,0,0,0,0,,,,
114|34,0,0,0,0,0,0,0,0,0,0,0,0,0,0,0,0,,,,
109|90,0,0,0,0,0,0,0,0,0,0,0,0,0,0,0,0,,,,
2|32,0,0,0,0,0,0,0,0,0,0,0,0,0,0,0,0,,,,
24|31,0,0,0,0,0,0,0,0,0,0,0,0,0,0,0,0,,,,
152|56,0,0,0,0,0,0,0,0,0,0,0,0,0,0,0,0,,,,
121|142,0,0,0,0,0,0,0,0,0,0,0,0,0,0,0,0,,,,
50|11,0,0,0,0,0,0,0,0,0,0,0,0,0,0,0,0,,,,
87|1,0,0,0,0,0,0,0,0,0,0,0,0,0,0,0,0,,,,
148|133,0,0,0,0,0,0,0,1,0,0,0,0,0,0,0,0,,,,
74|95,0,0,0,0,0,0,0,0,1,0,0,2,0,0,0,0,,,,
135|70,0,0,0,0,0,0,0,0,0,0,0,0,0,0,0,0,,,,
140|14,0,0,0,0,0,0,0,0,0,0,0,0,0,0,0,0,,,,
83|140,0,0,0,0,0,0,0,0,0,0,0,0,0,0,0,0,,,,
58|132,0,0,0,0,0,0,0,0,0,0,0,0,0,0,0,0,,,,
107|65,0,0,1,0,0,9,0,1,0,0,1,0,0,0,0,0,0|0#1|0#2|0#3|2#4|4#5|4#6|3#7|4#8|4#9|3#10|2#11|3#12|0,0|0#1|0#2|0#3|2#4|2#5|2#6|2#7|2#8|2#9|2#10|2#11|2#12|0,0|0#1|0#2|0#3|3#4|4#5|4#6|3#7|3#8|4#9|3#10|3#11|3#12|0,0|0#1|0#2|0#3|2#4|3#5|2#6|2#7|2#8|2#9|2#10|2#11|2#12|0
55|84,0,0,0,0,0,0,0,0,0,0,0,0,0,0,0,0,,,,
109|121,3,0,1,0,0,0,0,0,0,0,1,0,1,0,0,0,,,,
133|45,0,2,0,0,0,0,0,0,0,0,0,0,0,0,0,0,,,,
27|79,0,0,0,0,0,0,0,0,0,0,0,0,0,0,0,0,,,,
145|87,0,0,0,0,0,0,0,0,0,0,0,0,0,0,0,0,,,,
135|146,0,0,0,0,0,0,0,0,0,0,0,0,0,0,0,0,,,,
31|141,0,0,0,0,0,0,0,0,0,0,0,0,0,0,0,0,,,,
45|145,0,0,0,0,0,0,0,0,0,0,0,0,0,0,0,0,,,,
