123|39,0,0,0,0,0,0,0,0,0,0,0,0,0,0,0,0,,,,
120|136,0,0,0,0,0,0,0,0,0,0,0,0,0,0,0,0,,,,
92|94,0,0,0,0,0,0,0,0,0,0,0,0,0,0,0,0,,,,
44|139,0,0,0,0,0,1,0,1,0,0,0,0,5,0,0,0,,,,
4|68,0,0,0,0,0,0,0,0,0,0,0,0,0,0,0,0,,,,
146|110,0,0,0,0,0,0,0,0,0,0,0,0,0,0,0,0,,,,
9|111,0,0,0,0,0,0,0,0,0,0,0,0,0,0,0,0,,,,
104|28,0,0,0,0,0,0,0,0,0,0,0,0,0,0,0,0,,0|0#1|0#2|0#3|0#4|0#5|0#6|0#7|0#8|0#9|0#10|0#11|0#12|0,,0|0#1|0#2|0#3|0#4|0#5|0#6|0#7|0#8|0#9|0#10|0#11|0#12|0
26|67,0,0,0,0,0,0,0,0,0,0,0,0,0,0,0,0,,,,
30|135,0,0,0,0,0,0,0,0,0,0,0,0,0,0,0,0,,,,
118|95,2,1,2,1,1,1,0,1,1,0,0,26,0,1,0,0,0|0#1|0#2|0#3|0#4|0#5|0#6|0#7|0#8|0#9|0#10|0#11|0#12|0,0|0#1|0#2|0#3|0#4|0#5|0#6|0#7|0#8|0#9|0#10|0#11|0#12|0,0|0#1|0#2|0#3|0#4|0#5|0#6|0#7|0#8|0#9|0#10|0#11|0#12|0,0|0#1|0#2|0#3|0#4|0#5|0#6|0#7|0#8|0#9|0#10|0#11|0#12|0
42|30,0,0,0,0,0,0,0,3,0,0,0,0,1,0,0,0,,,,
61|41,0,0,0,0,0,0,0,0,0,0,0,0,0,0,0,0,0|0#1|0#2|0#3|0#4|0#5|0#6|0#7|0#8|0#9|0#10|0#11|0#12|0,,,
6|93,0,0,0,0,0,0,0,0,0,0,0,0,0,0,0,0,,,,
45|78,0,0,0,0,0,0,0,1,0,0,0,0,0,0,0,0,,,,
64|89,0,0,0,0,0,0,0,0,0,0,0,0,1,0,0,0,0|0#1|0#2|0#3|0#4|0#5|0#6|0#7|0#8|0#9|0#10|0#11|0#12|0,0|0#1|0#2|0#3|0#4|0#5|0#6|0#7|0#8|0#9|0#10|0#11|0#12|0,0|0#1|0#2|0#3|0#4|0#5|0#6|0#7|0#8|0#9|0#10|0#11|0#12|0,0|0#1|0#2|0#3|0#4|0#5|0#6|0#7|0#8|0#9|0#10|0#11|0#12|0
132|33,0,0,0,0,0,0,0,0,0,0,0,0,0,0,0,0,,,,
57|126,0,0,0,0,0,0,0,0,0,0,0,0,0,0,0,0,,,,
19|98,0,0,0,0,0,0,0,0,0,0,0,0,0,0,0,0,,,,
1|20,0,0,0,0,0,0,0,0,0,0,0,0,0,0,0,0,,,,
125|64,0,0,1,0,0,0,0,0,0,0,0,2,2,0,0,0,0|0#1|0#2|0#3|0#4|0#5|0#6|0#7|0#8|0#9|0#10|0#11|0#12|0,,0|0#1|0#2|0#3|0#4|0#5|0#6|0#7|0#8|0#9|0#10|0#11|0#12|0,
54|72,0,0,0,0,0,0,0,0,0,0,0,0,0,0,0,0,,,,
16|2,0,0,0,0,0,0,0,0,0,0,0,0,0,0,0,0,,,,
33|36,0,0,0,0,0,0,0,0,0,0,0,0,0,0,0,0,,,,
113|22,0,0,0,0,0,0,0,0,0,0,0,0,0,0,0,0,0|0#1|0#2|0#3|0#4|0#5|0#6|0#7|0#8|0#9|0#10|0#11|0#12|0,,0|0#1|0#2|0#3|0#4|0#5|0#6|0#7|0#8|0#9|0#10|0#11|0#12|0,
146|7,0,0,0,0,0,0,0,0,0,0,0,0,0,0,0,0,,,,
151|44,0,0,0,0,0,0,0,0,0,0,0,0,0,0,0,0,,,,
71|58,0,0,0,0,0,0,0,0,0,0,0,0,0,0,0,0,,,,
52|47,2,0,2,3,0,0,0,0,0,0,2,2,0,0,0,0,,,,
106|53,3,0,0,0,0,4,0,27,0,2,1,4,3,0,0,0,0|0#1|0#2|0#3|2#4|2#5|1#6|2#7|2#8|2#9|2#10|1#11|1#12|0,0|0#1|0#2|0#3|1#4|1#5|0#6|2#7|2#8|2#9|2#10|2#11|1#12|0,0|0#1|0#2|0#3|1#4|1#5|1#6|2#7|2#8|2#9|2#10|0#11|2#12|0,0|0#1|0#2|0#3|1#4|1#5|2#6|2#7|2#8|2#9|2#10|2#11|1#12|0
35|61,0,0,0,0,0,0,0,0,0,0,0,0,0,0,0,0,,,,
147|127,0,0,0,0,0,0,0,0,0,0,0,0,0,0,0,0,,,,
18|114,0,0,0,0,0,0,0,0,0,0,0,0,0,0,0,0,,,,
42|0,0,0,0,0,0,0,0,0,0,0,0,0,0,0,0,0,,,,
80|52,0,0,0,0,0,0,0,0,0,0,0,1,0,0,0,0,0|0#1|0#2|0#3|0#4|0#5|0#6|0#7|0#8|0#9|0#10|0#11|0#12|0,0|0#1|0#2|0#3|0#4|0#5|0#6|0#7|0#8|0#9|0#10|0#11|0#12|0,0|0#1|0#2|0#3|0#4|0#5|0#6|0#7|0#8|0#9|0#10|0#11|0#12|0,
108|115,90,24,441,10,18,25,16,36,53,5,73,24,6,0,0,0,,,,
28|92,0,0,0,0,0,0,0,0,0,0,0,0,0,0,0,0,,,,
96|138,0,0,0,0,0,0,0,0,0,0,0,0,0,0,0,0,,,,
82|134,0,0,0,0,0,0,0,0,0,0,0,0,0,0,0,0,,,,
14|25,0,0,0,0,0,0,0,0,0,0,0,0,0,0,0,0,,,,
144|75,0,0,0,0,0,0,0,0,0,0,0,0,0,0,0,0,,,,
73|83,0,0,0,0,0,0,0,0,0,0,0,0,0,0,0,0,,,,
16|50,0,0,0,0,0,0,0,0,0,0,0,0,0,0,0,0,,,,
43|122,0,0,0,0,0,0,0,0,0,0,0,0,0,0,0,0,,,,
90|69,13,11,38,2,2,4,3,11,1,0,22,1,10,0,0,0,0|0#1|0#2|0#3|4#4|4#5|4#6|4#7|4#8|4#9|4#10|4#11|4#12|0,0|0#1|0#2|0#3|3#4|4#5|3#6|3#7|3#8|3#9|3#10|3#11|3#12|0,0|0#1|0#2|0#3|4#4|4#5|4#6|4#7|4#8|4#9|4#10|4#11|4#12|0,0|0#1|0#2|0#3|3#4|3#5|3#6|3#7|3#8|3#9|3#10|3#11|3#12|0
133|123,0,0,0,0,0,0,0,0,0,0,0,0,0,0,0,0,,,,
95|121,0,0,0,0,0,0,0,0,0,0,0,0,0,0,0,0,,,,
