152|87,0,0,0,0,0,0,0,0,0,0,0,0,1,0,0,0,,,,
62|84,0,1,2,0,2,2,1,4,1,0,1,3,0,0,0,0,,,,
29|108,0,0,0,0,0,0,0,0,0,0,0,0,0,0,0,0,,,,
92|111,2,0,34,1,0,3,0,1,4,0,4,1,2,0,0,0,,,,
126|2,0,0,0,0,0,0,0,0,0,0,0,0,0,0,0,0,,,,
144|117,0,0,0,0,0,0,0,0,0,0,0,0,0,0,0,0,,,,
81|95,0,0,0,0,0,0,0,0,0,0,0,0,0,0,0,0,,,,
34|79,0,0,0,0,0,0,0,0,0,0,0,0,0,0,0,0,,,,
41|48,0,0,0,0,0,0,0,0,0,0,0,0,0,0,0,0,,,,
152|0,0,0,0,3,0,0,0,0,0,0,0,3,1,0,0,0,,,,
142|70,0,0,0,0,0,0,0,0,0,0,0,0,0,0,0,0,0|0#1|0#2|0#3|0#4|0#5|0#6|0#7|0#8|0#9|0#10|0#11|0#12|0,0|0#1|0#2|0#3|0#4|0#5|0#6|0#7|0#8|0#9|0#10|0#11|0#12|0,0|0#1|0#2|0#3|0#4|0#5|0#6|0#7|0#8|0#9|0#10|0#11|0#12|0,0|0#1|0#2|0#3|0#4|0#5|0#6|0#7|0#8|0#9|0#10|0#11|0#12|0
50|42,0,0,0,0,0,0,0,0,0,0,0,0,0,0,0,0,,,,
67|7,0,0,5,0,3,2,2,1,1,0,3,0,0,0,0,0,,,,
2|63,0,0,0,0,0,0,0,0,0,0,0,0,0,0,0,0,,,,
17|93,0,0,0,0,0,0,0,0,0,0,0,0,0,0,0,0,,,,
116|90,0,0,1,0,0,0,0,0,2,0,0,0,0,0,0,0,0|0#1|0#2|0#3|0#4|0#5|0#6|0#7|0#8|0#9|0#10|0#11|0#12|0,0|0#1|0#2|0#3|0#4|0#5|0#6|0#7|0#8|0#9|0#10|0#11|0#12|0,0|0#1|0#2|0#3|0#4|0#5|0#6|0#7|0#8|0#9|0#10|0#11|0#12|0,0|0#1|0#2|0#3|0#4|0#5|0#6|0#7|0#8|0#9|0#10|0#11|0#12|0
12|20,0,0,0,0,0,0,0,1,0,0,0,0,0,0,0,0,,,,
54|116,0,0,0,0,0,0,0,0,0,0,0,0,0,0,0,0,,,,
15|68,0,0,0,0,0,0,0,0,0,0,0,0,0,0,0,0,,,,
107|96,0,0,1,0,0,0,0,0,0,0,0,0,0,0,0,0,,,,
114|65,0,0,4,0,0,1,0,3,1,0,1,3,1,0,0,0,0|0#1|0#2|0#3|2#4|2#5|0#6|1#7|1#8|1#9|2#10|1#11|1#12|0,0|0#1|0#2|0#3|0#4|1#5|0#6|0#7|0#8|0#9|0#10|0#11|0#12|0,0|0#1|0#2|0#3|2#4|2#5|0#6|1#7|1#8|1#9|2#10|1#11|1#12|0,0|0#1|0#2|0#3|1#4|0#5|0#6|0#7|0#8|0#9|0#10|0#11|0#12|0
22|37,0,0,0,0,0,0,0,0,0,0,0,0,0,0,0,0,,,,
31|31,0,0,1,0,1,2,1,0,1,0,1,0,1,0,0,0,,,,
40|112,0,0,0,0,0,0,0,0,0,0,0,0,0,0,0,0,,,,
93|5,0,0,0,0,0,0,0,0,0,0,0,0,0,0,0,0,,,,
105|105,0,0,0,0,0,0,0,0,0,0,0,0,0,0,0,0,,,,
130|113,115,39,179,8,20,7,5,20,1,5,89,31,21,0,0,0,,,,
15|104,0,1,0,0,0,1,0,0,1,0,0,1,0,0,0,0,,,,
133|76,0,0,0,0,0,0,0,0,0,0,0,0,0,0,0,0,,,,
121|34,0,0,0,0,0,0,0,0,0,0,0,0,0,0,0,0,,,,
43|73,0,0,0,0,0,0,0,0,0,0,0,0,0,0,0,0,,,,
6|101,0,0,0,0,0,0,0,0,0,0,0,0,0,0,0,0,,,,
140|45,0,0,0,0,0,1,0,0,0,0,0,3,0,0,0,0,0|0#1|0#2|0#3|0#4|0#5|0#6|0#7|0#8|0#9|0#10|0#11|0#12|0,,0|0#1|0#2|0#3|0#4|0#5|0#6|0#7|0#8|0#9|0#10|0#11|0#12|0,
7|118,0,0,0,0,0,0,0,0,0,0,0,0,0,0,0,0,,,,
24|62,0,0,0,0,0,0,0,0,0,0,0,0,0,0,0,0,,,,
60|59,145,28,66,6,15,8,6,21,1,8,49,28,27,0,0,0,0|0#1|0#2|0#3|0#4|0#5|0#6|0#7|0#8|0#9|0#10|0#11|0#12|0,0|0#1|0#2|0#3|0#4|0#5|0#6|0#7|0#8|0#9|0#10|0#11|0#12|0,0|0#1|0#2|0#3|0#4|0#5|0#6|0#7|0#8|0#9|0#10|0#11|0#12|0,0|0#1|0#2|0#3|0#4|0#5|0#6|0#7|0#8|0#9|0#10|0#11|0#12|0
102|23,0,0,0,0,0,0,0,0,0,0,0,0,0,0,0,0,,,,
93|128,0,0,0,0,0,0,0,0,0,0,0,0,0,0,0,0,,,,
119|109,0,0,0,0,0,0,0,0,0,0,0,0,0,0,0,0,,,,
143|100,0,0,0,0,0,0,0,0,0,0,0,0,0,0,0,0,,,,
41|129,0,0,0,0,0,0,0,0,0,0,0,0,0,0,0,0,,,,
67|103,0,0,7,0,1,0,0,2,1,0,1,3,1,0,0,0,,,,
0|38,0,0,0,0,0,0,0,0,0,0,0,0,0,0,0,0,,,,
