21|69,0,0,0,0,0,0,0,0,0,0,0,0,0,0,0,0,,,,
113|97,0,0,0,0,0,0,0,0,0,0,0,0,0,0,0,0,,,,
141|121,0,0,0,0,0,0,0,0,0,0,0,0,0,0,0,0,,,,
97|20,0,0,0,0,0,0,0,0,1,0,0,0,0,0,0,0,,,,
120|66,9,2,5,4,1,3,0,3,10,1,0,0,1,0,0,0,0|0#1|0#2|0#3|0#4|0#5|0#6|0#7|0#8|0#9|0#10|0#11|0#12|0,0|0#1|0#2|0#3|0#4|0#5|0#6|0#7|0#8|0#9|0#10|0#11|0#12|0,0|0#1|0#2|0#3|0#4|0#5|0#6|0#7|0#8|0#9|0#10|0#11|0#12|0,0|0#1|0#2|0#3|0#4|0#5|0#6|0#7|0#8|0#9|0#10|0#11|0#12|0
5|139,0,0,0,0,0,0,0,0,0,0,0,0,0,0,0,0,,,,
30|63,0,0,0,0,0,0,0,0,0,0,0,0,0,0,0,0,,,,
79|128,0,0,0,0,0,0,0,0,0,0,0,0,0,0,0,0,,,,
88|26,3,0,2,2,0,2,1,7,6,0,0,0,0,0,0,0,0|0#1|0#2|0#3|0#4|0#5|0#6|0#7|0#8|0#9|0#10|0#11|0#12|0,0|0#1|0#2|0#3|0#4|0#5|1#6|1#7|1#8|0#9|0#10|0#11|0#12|0,0|0#1|0#2|0#3|0#4|0#5|0#6|0#7|0#8|0#9|0#10|0#11|0#12|0,0|0#1|0#2|0#3|0#4|1#5|1#6|1#7|1#8|0#9|0#10|0#11|0#12|0
51|120,0,0,0,0,0,0,0,0,0,0,0,0,0,0,0,0,,,,
101|55,15,1,20,8,16,13,0,2,10,28,11,308,32,3,0,0,0|0#1|0#2|0#3|4#4|4#5|4#6|4#7|4#8|4#9|4#10|4#11|4#12|0,0|0#1|0#2|0#3|4#4|4#5|4#6|4#7|4#8|4#9|4#10|4#11|4#12|0,0|0#1|0#2|0#3|4#4|4#5|4#6|4#7|4#8|4#9|4#10|4#11|4#12|0,0|0#1|0#2|0#3|4#4|4#5|4#6|4#7|4#8|4#9|4#10|4#11|4#12|0
116|113,0,0,0,0,0,0,0,0,0,0,0,0,0,0,0,0,,,,
23|94,0,0,0,0,0,0,0,0,0,0,0,0,0,0,0,0,,,,
11|52,0,0,0,0,0,0,0,0,0,0,0,0,0,0,0,0,,,,
78|111,0,0,0,0,0,0,0,1,1,0,0,2,2,0,0,0,,,,
103|80,0,0,2,0,0,0,0,1,1,0,0,1,0,0,0,0,0|0#1|0#2|0#3|2#4|0#5|0#6|0#7|0#8|0#9|1#10|0#11|0#12|0,0|0#1|0#2|0#3|0#4|0#5|0#6|0#7|0#8|0#9|0#10|0#11|0#12|0,0|0#1|0#2|0#3|2#4|0#5|0#6|0#7|0#8|1#9|0#10|0#11|0#12|0,0|0#1|0#2|0#3|0#4|0#5|0#6|0#7|0#8|0#9|0#10|0#11|0#12|0
27|129,0,0,0,0,0,0,0,0,0,0,0,0,0,0,0,0,,,,
4|122,0,0,0,0,0,0,0,0,0,0,0,0,0,0,0,0,,,,
52|137,0,0,0,0,0,0,0,0,0,0,0,0,0,0,0,0,,,,
142|138,0,0,0,0,0,0,0,1,0,0,0,1,1,0,0,0,,,,
26|112,0,0,0,0,0,0,0,0,0,0,0,0,0,0,0,0,,,,
69|15,0,0,0,0,0,0,0,0,0,0,0,0,0,0,0,0,,,,
129|100,0,0,0,0,0,0,0,0,0,0,0,0,0,0,0,0,0|0#1|0#2|0#3|0#4|0#5|0#6|0#7|0#8|0#9|0#10|0#11|0#12|0,,0|0#1|0#2|0#3|0#4|0#5|0#6|0#7|0#8|0#9|0#10|0#11|0#12|0,
65|124,0,0,0,0,0,0,0,0,0,0,0,0,0,0,0,0,,,,
13|125,0,0,0,0,0,0,0,0,0,0,0,0,0,0,0,0,,,,
103|126,0,0,0,0,0,0,0,0,0,0,0,1,0,0,0,0,,,,
90|132,0,0,0,0,0,0,0,0,0,0,0,0,0,0,0,0,,,,
122|91,0,0,0,0,0,0,0,0,0,0,0,0,0,0,0,0,,,,
1|95,0,0,0,0,0,0,0,0,0,0,0,0,0,0,0,0,,,,
122|7,0,0,0,0,0,0,0,0,0,0,0,0,0,0,0,0,,,,
