95|63,158,61,447,5,36,43,26,62,20,33,161,84,29,5,0,0,0|0#1|0#2|0#3|4#4|4#5|4#6|4#7|4#8|4#9|4#10|4#11|4#12|0,0|0#1|0#2|0#3|4#4|4#5|4#6|4#7|4#8|4#9|4#10|4#11|4#12|0,0|0#1|0#2|0#3|4#4|4#5|4#6|4#7|4#8|4#9|4#10|4#11|4#12|0,0|0#1|0#2|0#3|4#4|4#5|4#6|4#7|4#8|4#9|4#10|4#11|4#12|0
7|37,0,0,0,0,0,0,0,0,0,0,0,0,0,0,0,0,,,,
13|7,0,0,0,0,0,0,0,0,0,0,0,0,0,0,0,0,,,,
57|41,0,0,0,0,0,0,0,0,0,0,0,0,0,0,0,0,,,,
64|10,0,0,0,0,0,0,0,0,0,0,0,0,0,0,0,0,,,,
126|138,0,0,0,0,0,0,0,0,0,0,0,0,0,0,0,0,,,,
55|16,0,0,0,0,0,0,0,0,0,0,0,0,0,0,0,0,,,,
112|134,0,0,0,0,0,0,0,0,0,0,0,2,0,0,0,0,,,,
49|124,0,0,0,0,0,0,0,0,0,0,0,0,0,0,0,0,,,,
88|136,0,0,0,0,0,0,0,0,0,0,0,0,0,0,0,0,,,,
93|38,0,1,0,0,0,0,0,1,0,0,0,1,2,0,0,0,,,0|0#1|0#2|0#3|0#4|0#5|0#6|0#7|0#8|0#9|0#10|0#11|0#12|0,0|0#1|0#2|0#3|0#4|0#5|0#6|0#7|0#8|0#9|0#10|0#11|0#12|0
139|125,0,0,0,0,0,0,0,0,0,0,0,0,0,0,0,0,,,,
86|69,0,0,0,0,0,0,0,0,0,0,0,0,0,0,0,0,0|0#1|0#2|0#3|2#4|1#5|0#6|0#7|0#8|0#9|0#10|0#11|0#12|0,0|0#1|0#2|0#3|0#4|0#5|0#6|0#7|0#8|0#9|0#10|0#11|0#12|0,0|0#1|0#2|0#3|2#4|0#5|0#6|0#7|0#8|1#9|0#10|1#11|0#12|0,0|0#1|0#2|0#3|0#4|0#5|0#6|0#7|0#8|0#9|0#10|0#11|0#12|0
83|21,0,0,0,0,0,0,0,0,0,0,0,0,0,0,0,0,,,,
88|94,3,1,4,0,0,0,0,2,4,1,0,4,6,0,0,0,0|0#1|0#2|0#3|2#4|0#5|2#6|2#7|1#8|1#9|1#10|2#11|2#12|0,0|0#1|0#2|0#3|0#4|0#5|0#6|0#7|0#8|0#9|1#10|1#11|0#12|0,0|0#1|0#2|0#3|2#4|0#5|1#6|1#7|1#8|1#9|2#10|2#11|2#12|0,0|0#1|0#2|0#3|1#4|0#5|0#6|0#7|0#8|0#9|0#10|1#11|1#12|0
9|62,0,0,0,0,0,0,0,0,0,0,0,0,0,0,0,0,,,,
147|44,0,0,0,0,0,0,0,0,0,0,0,0,0,0,0,0,,,,
151|146,0,0,0,0,0,0,0,0,0,0,0,0,0,0,0,0,,,,
74|132,0,0,0,0,0,0,0,0,0,0,0,0,0,0,0,0,,,,
76|52,0,0,0,0,0,1,1,0,0,0,0,0,1,0,0,0,0|0#1|0#2|0#3|0#4|0#5|0#6|0#7|0#8|0#9|0#10|0#11|0#12|0,,,
109|22,0,0,0,0,0,0,0,1,0,0,0,0,0,0,0,0,,,,
61|145,0,0,0,0,0,0,0,0,0,0,0,0,0,0,0,0,,,,
38|30,0,0,0,0,0,0,0,1,0,0,0,0,0,0,0,0,,,,
74|27,0,0,0,0,0,0,0,0,0,0,0,0,0,0,0,0,,,,
35|120,0,0,0,0,0,0,0,0,0,0,0,0,0,0,0,0,,,,
69|83,0,0,0,0,0,0,0,0,0,0,0,0,0,0,2,0,0|0#1|0#2|0#3|0#4|0#5|0#6|0#7|0#8|0#9|0#10|0#11|0#12|0,,0|0#1|0#2|0#3|0#4|0#5|0#6|0#7|0#8|0#9|0#10|0#11|0#12|0,
145|19,0,0,0,0,0,0,0,0,0,0,0,0,0,0,0,0,,,,
67|58,0,0,4,1,1,1,3,0,0,0,0,2,0,0,0,0,,0|0#1|0#2|0#3|0#4|0#5|0#6|0#7|0#8|0#9|0#10|0#11|0#12|0,,0|0#1|0#2|0#3|0#4|0#5|0#6|0#7|0#8|0#9|0#10|0#11|0#12|0
22|133,0,0,0,0,0,0,0,0,0,0,0,0,0,0,0,0,,,,
0|143,0,0,0,0,0,0,0,0,0,0,0,0,0,0,0,0,,,,
36|137,0,0,0,0,0,0,0,0,0,0,0,0,0,0,0,0,,,,
125|121,0,0,0,0,0,0,0,0,0,0,0,0,0,0,0,0,,,,
128|33,0,0,0,0,0,0,0,0,0,0,0,0,0,0,0,0,,,,
48|47,0,0,0,0,0,0,0,0,0,0,0,0,0,0,0,0,,,,
29|36,0,0,0,0,0,0,0,0,0,0,0,0,0,0,0,0,,,,
119|39,0,0,0,0,0,0,0,0,0,0,0,0,0,0,0,0,,,,
