44|97,0,0,0,0,0,0,0,0,0,0,0,0,0,0,0,0,,,,
131|131,0,0,0,0,0,1,0,0,0,0,0,0,0,0,0,0,,,,
143|94,0,0,0,0,0,0,0,0,0,0,0,0,0,0,0,0,,,,
55|134,0,0,0,0,0,0,0,0,0,0,0,0,0,0,0,0,,,,
108|3,0,0,0,0,0,0,0,0,0,0,0,0,0,0,0,0,,,,
25|86,0,0,0,0,0,0,0,0,0,0,0,0,0,0,0,0,,,,
150|63,0,0,0,0,0,0,0,0,0,0,0,0,0,0,0,0,,,,
8|136,0,0,0,0,0,0,0,0,0,0,0,0,0,0,0,0,,,,
68|121,0,0,0,0,0,0,0,0,0,0,0,0,0,0,0,0,,,,
34|80,0,0,0,0,0,0,0,0,0,0,0,0,0,0,0,0,,,,
131|52,0,0,0,0,0,0,0,0,0,0,0,0,0,0,0,0,,,,
17|139,0,0,0,0,0,0,0,0,0,0,0,0,0,0,0,0,,,,
105|72,0,0,0,0,0,0,0,0,0,0,1,0,0,0,0,0,0|0#1|0#2|0#3|2#4|0#5|0#6|0#7|0#8|0#9|0#10|1#11|1#12|0,0|0#1|0#2|0#3|0#4|0#5|0#6|0#7|0#8|0#9|0#10|0#11|0#12|0,0|0#1|0#2|0#3|1#4|0#5|0#6|0#7|0#8|0#9|1#10|1#11|0#12|0,0|0#1|0#2|0#3|0#4|0#5|0#6|0#7|0#8|0#9|0#10|0#11|0#12|0
112|41,0,0,0,0,0,0,0,0,0,0,0,0,0,0,0,0,,,,
80|142,0,0,0,0,0,0,0,0,0,0,0,0,0,0,0,0,,,,
3|87,0,0,0,0,0,0,0,0,0,0,0,0,0,0,0,0,,,,
11|19,0,0,0,0,0,0,0,0,0,0,0,0,0,0,0,0,,,,
94|146,0,0,0,0,0,0,0,0,0,0,0,0,0,0,0,0,,,,
49|8,0,0,0,0,0,0,0,0,0,0,0,0,0,0,0,0,,,,
69|138,0,0,0,0,0,0,0,0,0,0,0,0,0,0,0,0,,,,
110|16,0,0,0,0,0,0,0,0,0,0,0,0,0,0,0,0,,,,
99|12,0,0,0,0,0,0,0,0,0,0,0,0,0,0,0,0,,,,
70|77,0,0,0,0,0,0,0,0,0,0,0,0,2,0,1,0,0|0#1|0#2|0#3|0#4|0#5|0#6|0#7|0#8|0#9|0#10|0#11|0#12|0,0|0#1|0#2|0#3|0#4|0#5|0#6|0#7|0#8|0#9|0#10|0#11|0#12|0,0|0#1|0#2|0#3|0#4|0#5|0#6|0#7|0#8|0#9|0#10|0#11|0#12|0,0|0#1|0#2|0#3|0#4|0#5|0#6|0#7|0#8|0#9|0#10|0#11|0#12|0
20|13,0,0,0,0,0,0,0,0,0,0,0,0,0,0,0,0,,,,
51|66,0,0,0,0,0,0,0,0,0,0,0,0,0,0,0,0,,,,
119|110,0,0,0,0,0,0,0,0,0,0,0,0,0,0,0,0,,,,
13|44,0,0,0,0,0,0,0,0,0,0,0,0,0,0,0,0,,,,
103|47,0,0,0,0,0,0,1,0,0,0,0,0,0,0,0,0,0|0#1|0#2|0#3|1#4|1#5|1#6|0#7|1#8|1#9|2#10|1#11|1#12|0,0|0#1|0#2|0#3|0#4|0#5|0#6|0#7|0#8|0#9|0#10|0#11|0#12|0,0|0#1|0#2|0#3|0#4|0#5|1#6|1#7|0#8|1#9|1#10|1#11|1#12|0,0|0#1|0#2|0#3|0#4|0#5|0#6|0#7|0#8|0#9|0#10|0#11|0#12|0
16|122,0,0,0,0,0,0,0,0,0,0,0,0,0,0,0,0,,,,
145|135,0,0,0,0,0,0,0,0,0,0,0,3,0,0,0,0,,,,
124|83,0,0,1,0,0,0,0,0,0,0,0,0,1,0,0,0,0|0#1|0#2|0#3|0#4|0#5|0#6|0#7|0#8|0#9|0#10|0#11|0#12|0,0|0#1|0#2|0#3|0#4|0#5|0#6|0#7|0#8|0#9|0#10|0#11|0#12|0,0|0#1|0#2|0#3|0#4|0#5|0#6|0#7|0#8|0#9|0#10|0#11|0#12|0,0|0#1|0#2|0#3|0#4|0#5|0#6|0#7|0#8|0#9|0#10|0#11|0#12|0
115|89,0,0,0,0,0,0,0,0,0,0,0,0,1,0,0,0,0|0#1|0#2|0#3|0#4|0#5|0#6|0#7|0#8|1#9|1#10|1#11|1#12|0,0|0#1|0#2|0#3|0#4|0#5|0#6|0#7|0#8|0#9|0#10|0#11|0#12|0,0|0#1|0#2|0#3|0#4|0#5|1#6|1#7|1#8|0#9|1#10|1#11|0#12|0,0|0#1|0#2|0#3|0#4|0#5|0#6|0#7|0#8|0#9|0#10|0#11|0#12|0
141|69,0,0,0,0,0,0,0,0,0,0,0,0,0,0,0,0,,,,
60|60,92,48,76,14,9,4,5,12,3,7,42,16,21,0,1,0,0|0#1|0#2|0#3|0#4|0#5|0#6|0#7|0#8|0#9|0#10|0#11|0#12|0,0|0#1|0#2|0#3|0#4|0#5|0#6|0#7|0#8|0#9|0#10|0#11|0#12|0,0|0#1|0#2|0#3|0#4|0#5|0#6|0#7|0#8|0#9|0#10|0#11|0#12|0,0|0#1|0#2|0#3|0#4|0#5|0#6|0#7|0#8|0#9|0#10|0#11|0#12|0
41|130,0,0,0,0,0,0,0,0,0,0,0,0,0,0,0,0,,,,
75|6,0,0,0,0,0,0,0,0,0,0,0,0,0,0,0,0,,,,
8|7,0,0,0,0,0,0,0,1,0,0,0,0,0,0,0,0,,,,
42|147,0,0,0,0,0,0,0,0,0,0,0,0,0,0,0,0,,,,
53|91,0,1,0,0,0,0,0,0,0,0,0,0,0,0,0,0,,,,
134|1,0,0,0,0,0,0,0,0,0,0,0,0,0,0,0,0,,,,
122|58,2,5,0,0,2,9,0,0,1,0,2,1,0,0,0,0,,,,
106|123,0,0,0,0,0,0,0,0,0,0,0,0,0,0,0,0,,,,
32|55,0,0,0,0,0,0,0,0,0,0,0,0,0,0,0,0,,,,
