90|42,0,1,0,0,0,0,0,0,0,0,0,0,0,0,0,0,0|0#1|0#2|0#3|0#4|0#5|0#6|0#7|0#8|0#9|0#10|0#11|0#12|0,,,
97|128,0,0,1,0,0,0,0,0,0,0,0,1,0,0,0,0,,,,
147|96,0,0,0,0,0,0,0,0,0,0,0,0,0,0,0,0,,,,
52|20,0,0,0,0,0,0,0,0,0,0,0,0,0,0,0,0,,,,
135|54,0,0,0,0,0,0,0,0,0,0,0,0,0,0,0,0,,,,
148|117,0,0,0,0,0,0,0,0,0,0,0,0,0,0,0,0,,,,
45|51,1,0,3,3,0,1,0,0,0,0,0,4,1,0,0,0,,,,
31|125,0,0,0,0,0,0,0,0,0,0,0,0,0,0,0,0,,,,
26|40,0,0,1,0,0,4,1,0,0,0,1,0,0,0,0,0,,,,
109|74,0,1,0,0,0,0,0,0,0,0,0,0,0,0,0,0,0|0#1|0#2|0#3|0#4|0#5|1#6|0#7|0#8|0#9|1#10|0#11|0#12|0,0|0#1|0#2|0#3|0#4|0#5|0#6|0#7|0#8|0#9|0#10|0#11|0#12|0,0|0#1|0#2|0#3|0#4|1#5|1#6|0#7|0#8|0#9|0#10|0#11|0#12|0,0|0#1|0#2|0#3|0#4|0#5|0#6|0#7|0#8|0#9|0#10|0#11|0#12|0
55|68,0,0,4,0,1,0,1,0,7,0,3,0,1,0,0,0,,,,
133|29,0,0,0,0,0,0,0,0,0,0,0,0,0,0,0,0,,,,
148|5,0,0,0,0,0,0,0,0,0,0,0,0,0,0,0,0,,,,
43|26,0,0,0,0,0,0,0,0,0,0,0,0,0,0,0,0,,,,
17|46,0,0,0,0,0,0,0,0,0,0,0,0,0,0,0,0,,,,
36|57,0,0,0,0,0,0,0,0,0,0,0,0,0,0,0,0,,,,
58|116,0,0,0,0,0,0,0,0,0,0,0,0,0,0,0,0,,,,
48|99,0,0,0,0,0,0,0,0,0,0,0,0,0,0,0,0,,,,
57|93,0,0,0,2,0,0,0,0,1,1,0,0,0,0,0,0,,,,
128|85,2,0,3,0,0,1,0,2,0,0,0,2,0,0,0,0,,0|0#1|0#2|0#3|0#4|0#5|0#6|0#7|0#8|0#9|0#10|0#11|0#12|0,0|0#1|0#2|0#3|0#4|0#5|0#6|0#7|0#8|0#9|0#10|0#11|0#12|0,0|0#1|0#2|0#3|0#4|0#5|0#6|0#7|0#8|0#9|0#10|0#11|0#12|0
81|48,10,1,12,3,4,4,2,4,14,0,4,1,1,0,0,0,0|0#1|0#2|0#3|0#4|0#5|0#6|0#7|0#8|0#9|0#10|0#11|0#12|0,0|0#1|0#2|0#3|0#4|0#5|0#6|0#7|0#8|0#9|0#10|0#11|0#12|0,0|0#1|0#2|0#3|0#4|0#5|0#6|0#7|0#8|0#9|0#10|0#11|0#12|0,0|0#1|0#2|0#3|0#4|0#5|0#6|0#7|0#8|0#9|0#10|0#11|0#12|0
71|31,2,0,0,0,0,0,0,0,0,0,0,0,0,0,0,0,,,,
19|104,0,0,0,0,0,0,0,0,0,0,0,0,0,0,0,0,,,,
4|41,0,0,0,0,0,0,0,0,0,0,0,0,0,0,0,0,,,,
70|137,0,0,0,0,0,0,0,0,0,0,0,0,0,0,0,0,,,,
147|100,0,0,0,0,0,0,0,0,0,0,0,0,0,0,0,0,,,0|0#1|0#2|0#3|0#4|0#5|0#6|0#7|0#8|0#9|0#10|0#11|0#12|0,
44|112,0,0,0,0,0,0,0,0,0,0,0,0,0,0,0,0,,,,
83|73,0,0,0,0,0,0,0,0,0,0,0,0,0,0,0,0,0|0#1|0#2|0#3|0#4|1#5|1#6|0#7|0#8|1#9|0#10|0#11|0#12|0,0|0#1|0#2|0#3|0#4|0#5|0#6|0#7|0#8|0#9|0#10|0#11|0#12|0,0|0#1|0#2|0#3|1#4|1#5|0#6|0#7|1#8|0#9|0#10|0#11|0#12|0,0|0#1|0#2|0#3|0#4|0#5|0#6|0#7|0#8|0#9|0#10|0#11|0#12|0
142|23,0,0,0,0,0,0,0,0,0,0,0,0,0,0,0,0,,,,
107|49,0,0,0,1,0,0,0,1,1,0,0,0,0,0,0,0,0|0#1|0#2|0#3|0#4|0#5|0#6|0#7|0#8|0#9|0#10|0#11|0#12|0,,0|0#1|0#2|0#3|0#4|0#5|0#6|0#7|0#8|0#9|0#10|0#11|0#12|0,
24|15,0,0,0,0,0,1,0,0,0,0,0,0,0,0,0,0,,,,
74|79,0,0,0,0,0,0,0,2,0,0,0,0,4,0,0,0,0|0#1|0#2|0#3|0#4|0#5|0#6|0#7|0#8|0#9|0#10|0#11|0#12|0,,0|0#1|0#2|0#3|0#4|0#5|0#6|0#7|0#8|0#9|0#10|0#11|0#12|0,0|0#1|0#2|0#3|0#4|0#5|0#6|0#7|0#8|0#9|0#10|0#11|0#12|0
7|89,0,0,0,0,0,0,0,0,0,0,0,0,0,0,0,0,,,,
2|16,0,0,0,0,0,0,0,0,0,0,0,0,0,0,0,0,,,,
134|113,0,0,0,0,0,0,0,0,0,0,0,0,0,0,0,0,,,,
29|88,0,0,0,0,0,0,0,0,0,0,0,0,0,0,0,0,,,,
18|0,0,0,0,0,0,0,0,0,0,0,0,0,0,0,0,0,,,,
45|129,0,0,0,0,0,0,0,0,0,0,0,0,0,0,0,0,,,,
19|71,0,0,0,0,0,0,0,0,0,0,0,0,0,0,0,0,,,,
114|18,0,0,0,0,0,0,0,0,0,0,0,0,0,0,0,0,,,,
62|37,0,0,0,0,0,0,0,0,0,0,0,0,0,0,0,0,,,,
38|82,0,0,0,0,0,0,0,0,0,0,0,0,0,0,0,0,,,,
116|43,0,0,0,0,0,0,0,0,0,0,0,0,0,0,0,0,0|0#1|0#2|0#3|0#4|0#5|0#6|0#7|0#8|0#9|0#10|0#11|0#12|0,,0|0#1|0#2|0#3|0#4|0#5|0#6|0#7|0#8|0#9|0#10|0#11|0#12|0,
96|111,0,0,0,0,0,0,0,0,0,0,0,0,0,0,0,0,,,,
123|12,0,0,0,0,0,0,0,0,0,0,0,0,0,0,0,0,,,,
64|62,2,0,0,5,0,0,1,1,1,0,0,5,9,0,0,0,0|0#1|0#2|0#3|0#4|0#5|0#6|0#7|0#8|0#9|0#10|0#11|0#12|0,0|0#1|0#2|0#3|0#4|0#5|0#6|0#7|0#8|0#9|0#10|0#11|0#12|0,0|0#1|0#2|0#3|0#4|0#5|0#6|0#7|0#8|0#9|0#10|0#11|0#12|0,0|0#1|0#2|0#3|0#4|0#5|0#6|0#7|0#8|0#9|0#10|0#11|0#12|0
121|126,0,0,0,0,0,0,0,0,0,0,0,0,0,0,0,0,,,,
109|105,0,0,0,0,0,0,0,0,0,0,0,0,0,0,0,0,,,,
83|124,0,0,0,0,0,0,0,0,0,0,0,0,0,0,0,0,,,,
