113|120,0,0,0,0,0,0,0,0,1,0,0,0,0,0,0,0,,,,
89|86,0,0,0,0,0,0,0,0,1,0,0,0,0,0,0,0,,,,
119|8,0,0,0,0,0,0,0,0,0,0,0,0,0,0,0,0,,,,
77|44,0,0,0,0,0,0,0,0,0,0,0,0,0,0,0,0,,,,
8|29,0,0,0,0,0,0,0,0,0,0,0,0,0,0,0,0,,,,
75|19,0,0,0,0,0,0,0,0,0,0,0,0,0,0,0,0,,,,
15|1,0,0,0,0,0,0,0,0,0,0,0,0,0,0,0,0,,,,
145|6,0,0,0,0,0,0,0,0,0,0,0,0,0,0,0,0,,,,
58|33,0,0,0,0,0,0,0,0,0,0,0,0,0,0,0,0,,0|0#1|0#2|0#3|0#4|0#5|0#6|0#7|0#8|0#9|0#10|0#11|0#12|0,,0|0#1|0#2|0#3|0#4|0#5|0#6|0#7|0#8|0#9|0#10|0#11|0#12|0
62|131,0,0,0,0,0,0,0,0,0,0,0,0,0,0,0,0,,,,
89|122,0,0,0,0,0,0,0,0,0,0,0,0,0,0,0,0,,,,
98|80,1,3,1,0,0,3,0,0,6,0,0,3,0,0,0,0,0|0#1|0#2|0#3|2#4|0#5|0#6|0#7|0#8|0#9|0#10|0#11|0#12|0,0|0#1|0#2|0#3|1#4|0#5|0#6|0#7|0#8|0#9|0#10|0#11|0#12|0,0|0#1|0#2|0#3|0#4|0#5|0#6|0#7|0#8|0#9|0#10|0#11|0#12|0,0|0#1|0#2|0#3|0#4|0#5|0#6|0#7|0#8|0#9|0#10|0#11|0#12|0
76|135,0,0,0,0,0,0,0,0,0,0,0,0,0,0,0,0,,,,
84|13,2,0,0,0,0,2,0,1,7,0,0,0,0,0,0,0,,,,
10|132,0,0,0,0,0,0,0,0,0,0,0,0,0,0,0,0,,,,
148|36,0,0,0,0,0,0,0,0,0,0,0,0,0,0,0,0,,,,
24|136,0,0,0,0,0,0,0,0,0,0,0,0,0,0,0,0,,,,
100|133,0,0,0,0,0,0,0,0,0,0,0,0,0,0,0,0,,,,
49|39,0,0,0,0,0,0,0,0,0,0,0,0,0,0,0,0,,,,
129|25,0,0,0,0,0,0,0,0,0,0,0,0,0,0,0,0,,,,
37|123,0,0,0,0,0,0,0,0,0,0,0,0,0,0,0,0,,,,
127|124,0,0,0,0,0,0,0,0,0,0,0,0,0,0,0,0,,,,
39|22,0,0,0,0,0,0,0,1,0,0,0,0,2,0,0,0,,,,
2|146,0,0,0,0,0,0,0,0,0,0,0,0,0,0,0,0,,,,
96|55,1,6,3,27,3,3,0,0,2,4,0,17,7,0,0,0,0|0#1|0#2|0#3|4#4|4#5|4#6|4#7|4#8|4#9|4#10|4#11|4#12|0,0|0#1|0#2|0#3|4#4|4#5|4#6|4#7|4#8|4#9|4#10|4#11|4#12|0,0|0#1|0#2|0#3|4#4|4#5|4#6|4#7|4#8|4#9|4#10|4#11|4#12|0,0|0#1|0#2|0#3|4#4|4#5|4#6|4#7|4#8|4#9|4#10|4#11|4#12|0
152|132,0,0,0,0,0,0,0,0,0,0,0,0,0,0,0,0,,,,
10|87,0,0,0,0,0,0,0,0,0,0,0,0,0,0,0,0,,,,
114|137,0,2,0,0,1,1,4,1,1,0,0,0,0,0,0,0,,,,
