134|145,0,0,0,0,0,0,0,0,0,0,0,0,0,0,0,0,,,,
147|132,4,0,2,0,0,0,1,1,6,0,1,1,0,0,0,0,,,,
123|44,0,0,0,0,0,0,0,0,0,0,0,0,0,0,0,0,,,,
2|48,0,0,0,0,0,0,0,0,0,0,0,0,0,0,0,0,,,,
24|47,0,0,0,0,0,0,0,0,0,0,0,0,0,0,0,0,,,,
62|69,0,0,0,0,0,0,0,0,0,0,0,0,0,0,0,0,,,,
14|30,0,0,0,0,0,0,0,0,0,0,0,0,0,0,0,0,,,,
17|78,0,0,0,0,0,0,0,0,0,0,0,0,0,0,0,0,,,,
71|63,0,0,2,1,0,0,0,0,0,0,0,40,6,0,0,0,0|0#1|0#2|0#3|0#4|0#5|0#6|0#7|0#8|0#9|0#10|0#11|0#12|0,0|0#1|0#2|0#3|0#4|0#5|0#6|0#7|0#8|0#9|0#10|0#11|0#12|0,0|0#1|0#2|0#3|0#4|0#5|0#6|0#7|0#8|0#9|0#10|0#11|0#12|0,0|0#1|0#2|0#3|0#4|0#5|0#6|0#7|0#8|0#9|0#10|0#11|0#12|0
130|13,0,0,0,0,0,0,0,0,0,0,0,0,0,0,0,0,,,,
57|131,0,0,0,0,0,0,0,0,0,0,0,0,0,0,0,0,,,,
108|120,4,1,11,0,0,1,0,0,7,0,1,1,0,0,0,0,,,,
40|10,0,0,0,0,0,0,0,0,0,0,0,0,0,0,0,0,,,,
44|144,0,0,0,0,0,0,0,0,0,0,0,0,0,0,0,0,,,,
4|73,0,0,0,0,0,0,0,0,0,0,0,0,0,0,0,0,,,,
30|140,0,0,0,0,0,0,0,0,0,0,0,0,0,0,0,0,,,,
64|94,0,0,0,0,0,0,0,0,0,0,0,0,0,0,0,0,,,,
90|74,29,20,62,5,15,1,4,5,7,3,16,5,15,1,0,0,0|0#1|0#2|0#3|2#4|2#5|2#6|2#7|1#8|2#9|2#10|2#11|2#12|0,0|0#1|0#2|0#3|2#4|1#5|0#6|1#7|0#8|1#9|0#10|0#11|1#12|0,0|0#1|0#2|0#3|2#4|2#5|2#6|2#7|2#8|1#9|2#10|2#11|2#12|0,0|0#1|0#2|0#3|2#4|0#5|0#6|1#7|0#8|1#9|0#10|1#11|1#12|0
135|86,0,0,0,0,0,0,0,0,0,0,0,0,1,0,0,0,,,,
120|141,0,0,0,0,0,0,0,0,0,0,0,0,0,0,0,0,,,,
19|136,0,0,0,0,0,0,0,0,0,0,0,0,0,0,0,0,,,,
24|5,0,0,0,0,0,1,0,0,0,0,0,0,0,0,0,0,,,,
104|33,0,0,0,0,0,0,0,0,0,0,0,0,0,0,0,0,0|0#1|0#2|0#3|0#4|0#5|0#6|0#7|0#8|0#9|0#10|0#11|0#12|0,0|0#1|0#2|0#3|0#4|0#5|0#6|0#7|0#8|0#9|0#10|0#11|0#12|0,0|0#1|0#2|0#3|0#4|0#5|0#6|0#7|0#8|0#9|0#10|0#11|0#12|0,0|0#1|0#2|0#3|0#4|0#5|0#6|0#7|0#8|0#9|0#10|0#11|0#12|0
26|72,0,0,0,0,0,0,0,0,0,0,0,0,0,0,0,0,,,,
33|41,0,0,0,0,0,0,0,0,0,0,0,0,0,0,0,0,,,,
50|3,0,0,0,0,0,0,0,0,0,0,0,0,0,0,0,0,,,,
43|58,0,0,0,0,0,0,0,0,0,0,0,0,0,0,0,0,,,,
50|27,0,0,0,0,0,0,0,0,0,0,0,0,0,0,0,0,,,,
96|143,0,0,0,0,0,0,0,0,0,0,0,0,0,0,0,0,,,,
109|137,0,0,0,0,0,0,0,0,1,0,0,0,0,0,0,0,,,,
36|89,0,0,0,0,0,0,0,0,0,0,0,0,0,0,0,0,,,,
52|52,0,0,0,0,0,0,0,0,0,0,0,0,0,0,0,0,,,,
116|75,0,0,0,0,0,0,0,0,0,0,0,0,0,0,0,0,0|0#1|0#2|0#3|0#4|0#5|0#6|0#7|0#8|0#9|0#10|0#11|0#12|0,,0|0#1|0#2|0#3|0#4|0#5|0#6|0#7|0#8|0#9|0#10|0#11|0#12|0,
121|19,0,0,0,0,0,0,0,0,0,0,0,0,0,0,0,0,,,,
142|55,0,0,0,0,0,0,0,0,0,0,0,0,0,0,0,0,,,,
45|83,0,0,0,0,0,0,0,0,0,0,0,0,0,0,0,0,,,,
31|16,0,0,0,0,0,0,0,0,0,0,0,0,0,0,0,0,,,,
144|80,0,0,0,0,0,0,0,0,0,0,0,0,0,0,0,0,,,,
