20|5,0,0,0,0,0,0,0,0,0,0,0,0,0,0,0,0,,,,
27|109,0,0,0,0,0,0,0,0,0,0,0,0,1,0,0,0,,,,
4|102,0,0,0,0,0,0,0,0,0,0,0,0,0,0,0,0,,,,
5|119,0,0,0,0,0,0,0,0,0,0,0,0,0,0,0,0,,,,
65|104,0,0,0,0,0,0,0,0,0,0,0,7,0,0,0,0,,,,
51|100,0,0,0,0,0,0,0,0,0,0,0,0,0,0,0,0,,,,
23|74,0,0,0,0,0,0,0,0,0,0,0,0,0,0,0,0,,,,
101|35,0,0,0,0,0,0,0,0,0,0,0,0,0,0,0,0,,,,
52|117,0,0,0,0,0,0,0,0,0,0,0,0,0,0,0,0,,,,
79|108,1,0,0,2,0,0,1,1,7,0,0,1,5,0,0,0,,,,
141|82,0,0,0,0,0,0,0,0,0,0,0,0,0,0,0,0,,,,
42|85,0,0,0,0,0,0,0,0,0,0,0,0,0,0,0,0,,,,
91|129,0,0,0,0,0,0,0,0,0,0,0,0,0,0,0,0,,,,
13|105,0,0,0,0,0,0,0,0,0,0,0,0,0,0,0,0,,,,
21|49,0,2,0,0,0,0,0,0,0,0,0,0,0,0,0,0,,,,
61|96,0,0,0,0,0,0,0,1,0,0,0,0,3,0,0,0,0|0#1|0#2|0#3|0#4|0#5|0#6|0#7|0#8|0#9|0#10|0#11|0#12|0,0|0#1|0#2|0#3|0#4|0#5|0#6|0#7|0#8|0#9|0#10|0#11|0#12|0,0|0#1|0#2|0#3|0#4|0#5|0#6|0#7|0#8|0#9|0#10|0#11|0#12|0,0|0#1|0#2|0#3|0#4|0#5|0#6|0#7|0#8|0#9|0#10|0#11|0#12|0
11|32,0,0,0,0,0,0,0,0,0,0,0,0,0,0,0,0,,,,
103|60,20,11,21,2,12,3,2,3,5,5,20,77,17,0,0,0,0|0#1|0#2|0#3|4#4|4#5|4#6|4#7|4#8|4#9|4#10|4#11|4#12|0,0|0#1|0#2|0#3|4#4|4#5|4#6|4#7|4#8|4#9|4#10|4#11|4#12|0,0|0#1|0#2|0#3|4#4|4#5|4#6|4#7|4#8|4#9|4#10|4#11|4#12|0,0|0#1|0#2|0#3|4#4|4#5|4#6|4#7|4#8|4#9|4#10|4#11|4#12|0
1|75,0,0,0,0,0,0,0,0,0,0,0,0,0,0,0,0,,,,
30|43,0,0,0,0,0,0,0,0,0,0,0,0,0,0,0,0,,,,
70|90,0,0,0,0,0,0,0,0,2,0,0,1,0,0,0,0,,,,
90|112,0,1,0,0,0,0,1,0,1,0,0,1,0,0,0,0,,,,
132|88,0,0,1,0,0,1,0,0,0,0,0,0,0,0,0,0,,,,
142|118,0,0,0,0,0,0,0,0,0,0,0,0,0,0,0,0,,,,
122|71,0,1,0,0,0,0,0,0,1,0,0,0,0,0,0,0,,,,
151|99,0,0,0,0,0,0,0,0,0,0,0,0,0,0,0,0,,,,
113|77,0,0,0,0,0,0,0,0,0,0,0,0,0,0,0,0,0|0#1|0#2|0#3|0#4|0#5|0#6|0#7|0#8|0#9|0#10|0#11|0#12|0,0|0#1|0#2|0#3|0#4|0#5|0#6|0#7|0#8|0#9|0#10|0#11|0#12|0,0|0#1|0#2|0#3|0#4|0#5|0#6|0#7|0#8|0#9|0#10|0#11|0#12|0,0|0#1|0#2|0#3|0#4|0#5|0#6|0#7|0#8|0#9|0#10|0#11|0#12|0
141|101,0,0,0,0,0,0,0,0,0,0,0,0,0,0,0,0,,,,
120|46,0,0,0,0,0,0,0,0,0,0,0,0,0,0,0,0,,,,
103|106,0,0,0,0,0,0,0,0,0,0,0,0,0,0,0,0,,,,
