40|146,0,0,0,0,0,0,0,0,0,0,0,0,0,0,0,0,,,,
79|11,6,4,9,0,0,1,1,0,0,0,2,2,0,0,0,0,,,,
50|76,0,1,1,0,0,0,0,1,0,0,0,0,0,0,0,0,,,,
66|120,0,0,0,0,0,0,0,0,0,0,0,0,0,0,0,0,,,,
132|9,0,0,0,0,0,1,0,0,0,0,0,0,0,0,0,0,,,,
130|147,0,0,0,0,0,0,0,0,0,0,0,0,0,0,0,0,,,,
15|138,0,0,0,0,0,0,0,0,0,0,0,0,0,0,0,0,,,,
14|121,0,0,0,0,0,0,0,0,0,0,0,0,0,0,0,0,,,,
140|79,0,0,0,0,0,0,0,0,0,0,0,0,0,0,0,0,,,,
104|82,0,0,0,0,0,0,0,0,0,0,0,0,0,0,0,0,,,,
67|137,0,0,0,0,0,0,0,0,0,0,0,0,0,0,0,0,,,,
98|22,0,0,0,0,0,0,0,0,0,0,0,0,0,0,0,0,0|0#1|0#2|0#3|0#4|0#5|0#6|0#7|0#8|0#9|0#10|0#11|0#12|0,,0|0#1|0#2|0#3|0#4|0#5|0#6|0#7|0#8|0#9|0#10|0#11|0#12|0,
53|133,0,0,0,0,0,0,0,0,0,0,0,0,0,0,0,0,,,,
123|93,0,0,0,0,0,0,0,0,0,0,0,0,0,0,0,0,0|0#1|0#2|0#3|0#4|0#5|0#6|0#7|0#8|0#9|0#10|0#11|0#12|0,,0|0#1|0#2|0#3|0#4|0#5|0#6|0#7|0#8|0#9|0#10|0#11|0#12|0,
143|134,0,0,0,0,0,1,0,0,0,0,0,2,1,0,0,0,,,,
28|125,0,0,0,0,0,0,0,0,0,0,0,0,0,0,0,0,,,,
102|57,95,35,117,20,23,28,12,19,9,4,95,5,25,2,0,0,0|0#1|0#2|0#3|4#4|4#5|4#6|4#7|4#8|4#9|4#10|4#11|4#12|0,0|0#1|0#2|0#3|4#4|4#5|4#6|4#7|4#8|4#9|4#10|4#11|4#12|0,0|0#1|0#2|0#3|4#4|4#5|4#6|4#7|4#8|4#9|4#10|4#11|4#12|0,0|0#1|0#2|0#3|4#4|4#5|4#6|4#7|4#8|4#9|4#10|4#11|4#12|0
105|139,0,0,0,0,0,0,0,0,0,0,0,0,0,0,0,0,,,,
130|62,0,0,0,0,0,0,0,0,0,0,0,0,0,0,0,0,,,,
10|29,0,0,0,0,0,0,0,0,0,0,0,0,0,0,0,0,,,,
31|65,0,0,0,0,0,0,0,0,0,0,0,0,0,0,0,0,,,,
114|99,0,0,0,0,0,0,0,0,0,0,0,0,0,0,0,0,,,,
24|96,0,0,0,0,0,0,0,0,0,0,0,0,0,0,0,0,,,,
118|126,0,0,0,0,0,0,0,0,0,0,0,0,0,0,0,0,,,,
6|135,0,0,0,0,0,0,0,0,0,0,0,0,0,0,0,0,,,,
121|68,0,0,0,0,0,0,0,0,0,0,0,0,0,0,0,0,,,,
92|145,0,0,0,0,0,0,0,0,0,0,0,0,0,0,0,0,,,,
33|90,0,0,0,0,0,0,0,0,0,0,0,0,0,0,0,0,,,,
89|28,0,0,0,0,0,0,0,0,0,0,0,0,0,0,0,0,,,,
12|54,0,0,0,0,0,0,0,0,0,0,0,0,0,0,0,0,,,,
2|97,0,0,0,0,0,0,0,0,0,0,0,0,0,0,0,0,,,,
111|51,0,0,0,1,2,1,0,0,1,0,0,18,1,0,0,0,0|0#1|0#2|0#3|2#4|2#5|2#6|1#7|2#8|1#9|1#10|2#11|1#12|0,0|0#1|0#2|0#3|0#4|0#5|0#6|0#7|0#8|0#9|0#10|0#11|0#12|0,0|0#1|0#2|0#3|2#4|2#5|2#6|1#7|2#8|2#9|1#10|1#11|2#12|0,0|0#1|0#2|0#3|0#4|0#5|0#6|1#7|0#8|0#9|0#10|1#11|0#12|0
104|122,5,6,1,0,0,0,0,2,1,0,1,0,1,0,0,0,,,,
