28|114,0,0,0,0,0,0,0,0,0,0,0,0,0,0,0,0,,,,
6|124,0,0,0,0,0,0,0,0,0,0,0,0,0,0,0,0,,,,
39|7,0,1,0,0,0,0,0,5,0,0,0,1,0,0,0,0,,,,
130|136,0,0,0,0,0,0,0,0,0,0,0,0,0,0,0,0,,,,
102|46,2,0,0,0,0,1,0,0,0,0,0,4,1,1,0,0,,,0|0#1|0#2|0#3|0#4|0#5|0#6|0#7|0#8|0#9|0#10|0#11|0#12|0,
130|51,0,0,0,0,0,0,0,0,0,0,0,0,0,0,0,0,,,,
50|65,0,0,0,0,0,0,0,0,0,0,0,0,0,0,0,0,0|0#1|0#2|0#3|0#4|0#5|0#6|0#7|0#8|0#9|0#10|0#11|0#12|0,,0|0#1|0#2|0#3|0#4|0#5|0#6|0#7|0#8|0#9|0#10|0#11|0#12|0,
12|43,0,0,0,0,0,0,0,0,0,0,0,0,0,0,0,0,,,,
111|40,0,0,0,0,0,0,0,0,0,0,0,0,0,0,0,0,,,,
89|17,0,0,0,0,0,0,0,0,0,0,0,0,0,0,0,0,,,,
24|85,0,0,0,0,0,0,0,0,0,0,0,0,0,0,0,0,,,,
98|11,0,0,0,0,0,0,0,0,0,0,0,0,0,0,0,0,,,,
15|127,0,0,0,0,0,0,0,0,0,0,0,0,0,0,0,0,,,,
52|90,0,0,0,0,0,0,0,0,0,0,0,0,0,0,0,0,,0|0#1|0#2|0#3|0#4|0#5|0#6|0#7|0#8|0#9|0#10|0#11|0#12|0,,0|0#1|0#2|0#3|0#4|0#5|0#6|0#7|0#8|0#9|0#10|0#11|0#12|0
118|115,0,0,0,0,0,0,0,0,0,0,0,0,0,0,0,0,,,,
2|86,0,0,0,0,0,0,0,0,0,0,0,0,0,0,0,0,,,,
104|71,10,2,35,1,0,4,12,5,0,0,6,9,0,0,0,0,0|0#1|0#2|0#3|3#4|2#5|2#6|2#7|1#8|2#9|2#10|2#11|2#12|0,0|0#1|0#2|0#3|2#4|2#5|0#6|1#7|0#8|1#9|1#10|2#11|2#12|0,0|0#1|0#2|0#3|3#4|2#5|2#6|1#7|1#8|2#9|2#10|2#11|2#12|0,0|0#1|0#2|0#3|2#4|1#5|1#6|0#7|0#8|2#9|2#10|2#11|2#12|0
91|3,0,0,0,0,0,0,0,0,0,0,0,0,0,0,0,0,,,,
105|128,0,0,0,0,0,0,0,0,0,0,0,0,0,0,0,0,,,,
31|54,0,0,0,0,0,0,0,0,0,0,0,0,0,0,0,0,,,,
140|68,0,0,0,0,0,0,0,0,0,0,0,0,0,0,0,0,,,,
65|5,0,0,0,0,0,0,0,0,0,0,0,0,0,0,0,0,,,,
143|123,0,0,0,0,0,0,0,0,0,0,0,0,0,0,0,0,,,,
104|111,0,0,0,0,0,0,0,0,0,0,0,0,0,0,0,0,,,,
54|139,0,0,0,0,0,0,0,0,0,0,0,0,0,0,0,0,,,,
123|82,0,0,0,0,0,0,0,0,0,0,0,0,0,0,0,0,,,,
133|99,0,0,0,0,1,0,1,0,0,0,1,0,0,0,0,0,,,,
121|57,1,4,0,1,1,5,0,0,0,0,0,0,0,0,0,0,0|0#1|0#2|0#3|0#4|0#5|0#6|0#7|0#8|0#9|0#10|0#11|0#12|0,0|0#1|0#2|0#3|0#4|0#5|0#6|0#7|0#8|0#9|0#10|0#11|0#12|0,0|0#1|0#2|0#3|0#4|0#5|0#6|0#7|0#8|0#9|0#10|0#11|0#12|0,
142|93,0,0,0,0,0,0,0,0,0,0,0,0,0,0,0,0,,,,
10|18,0,0,0,0,0,0,0,0,0,0,0,0,0,0,0,0,,,,
14|110,0,0,0,0,0,0,0,0,0,0,0,0,0,0,0,0,,,,
92|134,0,0,0,0,0,0,0,0,0,0,0,0,0,0,0,0,,,,
124|0,0,0,0,0,0,0,0,0,0,0,0,0,0,0,0,0,,,,
43|96,0,0,0,0,0,0,0,0,0,0,0,0,0,0,0,0,,,,
114|88,0,0,0,9,0,0,0,0,1,1,1,7,2,0,0,0,0|0#1|0#2|0#3|0#4|0#5|0#6|0#7|0#8|0#9|0#10|0#11|1#12|0,0|0#1|0#2|0#3|0#4|0#5|0#6|0#7|0#8|0#9|0#10|0#11|0#12|0,0|0#1|0#2|0#3|0#4|0#5|0#6|0#7|0#8|1#9|0#10|0#11|0#12|0,0|0#1|0#2|0#3|0#4|0#5|0#6|0#7|0#8|0#9|0#10|0#11|0#12|0
53|122,0,0,0,0,0,0,0,0,0,0,0,0,0,0,0,0,,,,
40|135,0,0,0,0,0,0,0,0,0,0,0,0,0,0,0,0,,,,
67|126,0,0,0,0,0,0,0,0,0,0,0,0,0,0,0,0,,,,
