16|126,0,0,0,0,0,0,0,0,0,0,0,0,0,0,0,0,,,,
41|53,0,0,0,0,0,0,0,0,0,0,0,0,0,0,0,0,,,,
108|7,0,0,0,0,0,0,0,0,0,0,0,0,0,0,0,0,,,,
131|135,0,0,0,0,0,0,0,0,0,0,0,0,0,0,0,0,,,,
140|50,0,0,0,0,0,0,0,0,0,0,0,0,0,0,0,0,0|0#1|0#2|0#3|0#4|0#5|0#6|0#7|0#8|0#9|0#10|0#11|0#12|0,,0|0#1|0#2|0#3|0#4|0#5|0#6|0#7|0#8|0#9|0#10|0#11|0#12|0,
13|48,0,0,0,0,0,0,0,0,0,0,0,0,0,0,0,0,,,,
105|110,0,0,0,0,0,0,0,0,0,0,0,0,0,0,0,0,,,,
32|59,0,0,0,0,0,0,0,0,0,0,0,0,0,0,0,0,,,,
145|139,0,0,0,0,0,0,0,0,0,0,0,0,0,0,0,0,,,,
119|114,0,0,0,0,0,0,0,0,0,0,0,2,0,0,0,0,,,,
53|95,0,0,0,0,0,0,0,0,0,0,0,0,0,0,0,0,,,,
7|123,0,0,0,0,0,0,0,0,0,0,0,0,0,0,0,0,,,,
29|113,0,0,0,0,0,0,0,0,0,0,0,0,0,0,0,0,,,,
80|146,0,0,0,0,0,0,0,0,0,0,0,0,0,0,0,0,,,,
15|73,0,0,0,0,0,0,0,0,0,0,0,0,0,0,0,0,,,,
55|138,0,0,0,0,0,0,0,0,0,0,0,0,0,0,0,0,,,,
68|125,0,0,0,0,0,0,0,0,0,0,0,0,0,0,0,0,,,,
22|42,0,0,0,0,0,0,0,0,0,0,0,0,0,0,0,0,,,,
99|16,0,0,0,0,0,0,0,0,0,0,0,4,0,0,0,0,,,,
93|133,0,0,0,0,0,0,0,0,0,0,0,0,0,0,0,0,,,,
54|121,0,0,0,0,0,0,0,0,0,0,0,0,0,0,0,0,,,,
105|76,36,17,88,2,6,11,1,9,15,1,20,9,16,0,1,0,0|0#1|0#2|0#3|4#4|3#5|2#6|2#7|3#8|2#9|2#10|3#11|3#12|0,0|0#1|0#2|0#3|2#4|2#5|2#6|2#7|2#8|1#9|2#10|2#11|2#12|0,0|0#1|0#2|0#3|3#4|3#5|2#6|2#7|2#8|2#9|3#10|3#11|3#12|0,0|0#1|0#2|0#3|2#4|2#5|2#6|2#7|2#8|2#9|1#10|2#11|2#12|0
143|98,0,0,0,0,0,0,0,0,0,0,0,0,0,0,0,0,,,,
60|64,0,1,1,1,0,2,1,0,7,0,0,0,1,0,0,0,0|0#1|0#2|0#3|0#4|0#5|0#6|0#7|0#8|0#9|0#10|0#11|0#12|0,0|0#1|0#2|0#3|0#4|0#5|0#6|0#7|0#8|0#9|0#10|0#11|0#12|0,0|0#1|0#2|0#3|0#4|0#5|0#6|0#7|0#8|0#9|0#10|0#11|0#12|0,0|0#1|0#2|0#3|0#4|0#5|0#6|0#7|0#8|0#9|0#10|0#11|0#12|0
134|5,0,0,0,0,0,0,0,0,0,0,0,0,0,0,0,0,,,,
124|87,0,0,0,0,0,0,0,0,0,0,0,6,0,0,0,0,,,,0|0#1|0#2|0#3|0#4|0#5|0#6|0#7|0#8|0#9|0#10|0#11|0#12|0
34|84,0,0,0,0,0,0,0,0,0,0,0,0,0,0,0,0,,,,
144|122,0,0,0,0,0,0,0,0,0,0,0,0,0,0,0,0,,,,
112|45,11,1,25,3,5,5,3,7,3,0,6,3,2,0,0,0,0|0#1|0#2|0#3|0#4|0#5|0#6|0#7|0#8|0#9|0#10|0#11|0#12|0,0|0#1|0#2|0#3|0#4|0#5|0#6|0#7|0#8|0#9|0#10|0#11|0#12|0,0|0#1|0#2|0#3|0#4|0#5|0#6|0#7|0#8|0#9|0#10|0#11|0#12|0,0|0#1|0#2|0#3|0#4|0#5|0#6|0#7|0#8|0#9|0#10|0#11|0#12|0
150|67,0,0,0,0,0,0,0,0,0,0,0,1,0,0,0,0,,,,
0|43,0,0,0,0,0,0,0,0,0,0,0,0,0,0,0,0,,,,
20|17,0,0,0,0,0,0,0,0,0,0,0,0,0,0,0,0,,,,
114|70,0,0,2,0,0,0,0,0,0,0,0,4,0,0,0,0,0|0#1|0#2|0#3|0#4|0#5|0#6|0#7|0#8|0#9|0#10|0#11|0#12|0,,0|0#1|0#2|0#3|0#4|0#5|0#6|0#7|0#8|0#9|0#10|0#11|0#12|0,
106|127,0,0,0,0,0,0,0,0,0,0,0,0,0,0,0,0,,,,
131|56,0,0,0,0,0,0,0,0,0,0,0,0,0,0,0,0,0|0#1|0#2|0#3|0#4|0#5|0#6|0#7|0#8|0#9|0#10|0#11|0#12|0,,0|0#1|0#2|0#3|0#4|0#5|0#6|0#7|0#8|0#9|0#10|0#11|0#12|0,
152|92,0,0,0,0,2,1,1,1,9,0,1,2,0,0,0,0,,,,
133|81,0,0,0,0,0,0,0,6,1,0,0,0,0,0,0,0,,,,
41|134,0,0,0,0,0,0,0,0,0,0,0,0,0,0,0,0,,,,
