121|22,52,15,85,1,10,0,1,13,9,0,20,6,2,0,0,0,0|0#1|0#2|0#3|0#4|0#5|0#6|0#7|0#8|0#9|0#10|0#11|0#12|0,0|0#1|0#2|0#3|0#4|0#5|0#6|0#7|0#8|0#9|0#10|0#11|0#12|0,0|0#1|0#2|0#3|0#4|0#5|0#6|0#7|0#8|0#9|0#10|0#11|0#12|0,0|0#1|0#2|0#3|0#4|0#5|0#6|0#7|0#8|0#9|0#10|0#11|0#12|0
114|53,6,2,5,3,0,1,0,3,0,1,1,30,1,1,0,0,0|0#1|0#2|0#3|2#4|0#5|0#6|0#7|0#8|0#9|0#10|0#11|1#12|0,0|0#1|0#2|0#3|1#4|0#5|0#6|0#7|0#8|0#9|0#10|0#11|0#12|0,0|0#1|0#2|0#3|0#4|0#5|0#6|0#7|0#8|0#9|0#10|0#11|1#12|0,0|0#1|0#2|0#3|0#4|0#5|0#6|0#7|0#8|0#9|0#10|0#11|0#12|0
62|72,0,0,0,0,0,0,0,0,0,0,0,0,0,0,0,0,,,,
102|11,0,0,0,0,0,0,0,0,0,0,0,0,0,0,0,0,,,,
0|26,0,0,0,0,0,0,0,0,0,0,0,0,0,0,0,0,,,,
27|98,0,0,0,0,0,0,0,0,0,0,0,0,0,0,0,0,,,,
72|89,0,0,0,0,0,1,0,0,0,0,0,1,1,0,0,0,,,,
60|47,0,0,0,0,0,0,1,0,0,0,0,0,0,0,0,0,,,,
36|92,3,3,0,0,0,0,0,0,0,0,0,0,1,0,0,0,,,,
54|104,0,0,0,0,0,0,0,2,0,0,0,0,1,0,0,0,,,,
140|33,0,0,0,0,0,0,0,0,0,0,0,0,0,0,0,0,,,,
17|81,0,0,0,0,0,0,0,0,0,0,0,0,0,0,0,0,,,,
144|105,0,0,0,0,0,0,0,0,0,0,0,0,0,0,0,0,,,,
16|109,0,0,0,0,0,0,0,0,0,0,0,0,0,0,0,0,,,,
131|39,0,0,0,0,0,0,0,0,0,0,0,0,0,0,0,0,,0|0#1|0#2|0#3|0#4|0#5|0#6|0#7|0#8|0#9|0#10|0#11|0#12|0,,0|0#1|0#2|0#3|0#4|0#5|0#6|0#7|0#8|0#9|0#10|0#11|0#12|0
5|99,0,0,0,0,0,0,0,0,0,0,0,0,0,0,0,0,,,,
43|61,0,0,0,0,0,0,0,0,0,0,0,0,0,0,0,0,,,,
40|100,2,0,3,0,2,1,0,1,3,0,1,1,0,0,0,0,,,,
126|95,0,0,0,0,0,0,0,0,0,0,0,0,0,0,0,0,0|0#1|0#2|0#3|0#4|0#5|0#6|0#7|0#8|0#9|0#10|0#11|0#12|0,,,
107|84,0,0,0,1,0,0,0,0,0,0,0,1,0,0,0,0,0|0#1|0#2|0#3|0#4|0#5|0#6|0#7|0#8|0#9|0#10|0#11|0#12|0,,0|0#1|0#2|0#3|0#4|0#5|0#6|0#7|0#8|0#9|0#10|0#11|0#12|0,0|0#1|0#2|0#3|0#4|0#5|0#6|0#7|0#8|0#9|0#10|0#11|0#12|0
133|64,0,0,0,0,0,0,0,0,1,0,0,0,0,0,0,0,,,,
152|75,0,0,0,0,0,0,0,0,0,0,0,0,0,0,0,0,,,,
7|106,0,0,0,0,0,0,0,0,0,0,0,0,0,0,0,0,,,,
50|30,0,0,0,0,0,0,0,0,0,0,0,0,0,0,0,0,,,,
53|78,0,0,0,0,0,0,0,0,0,0,0,0,0,0,0,0,,,0|0#1|0#2|0#3|0#4|0#5|0#6|0#7|0#8|0#9|0#10|0#11|0#12|0,
112|28,0,0,0,0,0,0,0,0,0,0,0,0,0,0,0,0,,,,
68|108,0,0,0,0,0,0,0,0,0,0,0,0,0,0,0,0,,,,
24|50,0,0,0,0,0,0,0,0,0,0,0,0,0,0,0,0,,,,
80|129,0,0,0,0,0,0,0,0,0,0,0,0,0,0,0,0,,,,
105|59,0,2,1,0,0,0,0,0,0,0,0,0,0,0,0,0,0|0#1|0#2|0#3|4#4|4#5|4#6|4#7|4#8|4#9|4#10|4#11|4#12|0,0|0#1|0#2|0#3|4#4|4#5|4#6|4#7|4#8|4#9|4#10|4#11|4#12|0,0|0#1|0#2|0#3|4#4|4#5|4#6|4#7|4#8|4#9|4#10|4#11|4#12|0,0|0#1|0#2|0#3|4#4|4#5|4#6|4#7|4#8|4#9|4#10|4#11|4#12|0
93|116,0,1,0,1,0,0,0,0,6,0,1,0,0,0,1,0,,,,
41|117,0,0,0,0,0,0,0,0,0,0,0,0,0,0,0,0,,,,
2|51,0,0,0,0,0,0,0,0,0,0,0,0,0,0,0,0,,,,
41|36,12,15,24,5,9,9,0,1,11,5,17,7,4,1,0,0,,,,
109|140,1,0,0,0,0,0,0,0,0,0,0,5,0,0,0,0,,,,
130|101,0,0,0,0,0,0,0,0,0,0,0,0,0,0,0,0,,,,
131|118,7,9,9,1,0,11,0,5,0,0,2,0,0,2,0,0,,,,
15|56,0,0,0,0,0,0,0,0,0,0,0,0,0,0,0,0,,,,
22|25,0,0,0,0,0,0,0,0,1,0,0,0,0,0,0,0,,,,
32|6,0,0,0,0,0,0,0,0,0,0,0,0,0,0,0,0,,,,
81|83,0,0,0,0,0,0,0,0,0,0,0,0,0,0,0,0,,,,
34|67,0,0,0,0,0,0,0,0,0,0,0,0,0,0,0,0,,,,
