101|30,0,0,0,0,0,0,0,0,0,0,0,0,0,0,0,0,,,,
21|44,0,0,0,0,0,0,0,0,0,0,0,0,0,0,0,0,,,,
104|118,0,0,0,0,0,0,0,0,0,0,0,0,0,0,0,0,,,,
113|72,0,0,1,2,0,2,0,1,1,0,0,1,0,0,0,0,0|0#1|0#2|0#3|0#4|0#5|0#6|0#7|0#8|0#9|0#10|0#11|0#12|0,,0|0#1|0#2|0#3|0#4|0#5|0#6|0#7|0#8|0#9|0#10|0#11|0#12|0,0|0#1|0#2|0#3|0#4|0#5|0#6|0#7|0#8|0#9|0#10|0#11|0#12|0
66|116,0,0,0,0,0,0,0,0,0,0,0,0,0,0,0,0,,,,
42|80,0,0,0,0,0,0,0,0,0,0,0,0,0,0,0,0,,,,
124|7,0,0,0,0,0,0,0,0,0,0,0,0,0,0,0,0,,,,
14|117,0,0,0,0,0,0,0,0,0,0,0,0,0,0,0,0,,,,
1|70,0,0,0,0,0,0,0,0,0,0,0,0,0,0,0,0,,,,
151|94,0,0,0,0,0,0,0,0,0,0,0,0,0,0,0,0,,,,
27|104,0,0,0,0,0,0,0,0,0,0,0,0,0,0,0,0,,,,
150|5,0,0,0,0,0,0,0,0,0,0,0,0,1,0,0,0,,,,
53|129,0,0,0,0,0,0,0,0,0,0,0,0,0,0,0,0,,,,
52|112,0,0,0,0,0,0,0,0,0,0,0,0,0,0,0,0,,,,
20|0,0,0,0,0,0,0,0,0,0,0,0,0,0,0,0,0,,,,
117|105,0,0,0,0,0,0,0,0,0,0,0,0,0,0,0,0,,,,
14|75,0,0,0,0,0,0,0,0,0,0,0,0,0,0,0,0,,,,
13|100,0,0,0,0,0,0,0,0,0,0,0,0,0,0,0,0,,,,
123|89,0,0,0,0,0,0,0,0,0,0,0,0,0,0,0,0,,,,
5|114,0,0,0,0,0,0,0,0,0,0,0,0,0,0,0,0,,,,
142|113,0,0,0,0,0,0,0,0,0,0,0,0,0,0,0,0,,,,
40|55,0,0,0,0,0,0,0,0,0,0,0,0,0,0,0,0,,,,
52|97,0,0,0,0,0,0,0,0,0,0,0,0,0,0,0,0,,,,
104|78,20,5,6,38,11,0,0,1,0,2,1,0,19,0,0,0,0|0#1|0#2|0#3|0#4|1#5|1#6|2#7|2#8|1#9|1#10|0#11|0#12|0,0|0#1|0#2|0#3|0#4|1#5|2#6|1#7|0#8|0#9|0#10|0#11|0#12|0,0|0#1|0#2|0#3|0#4|1#5|2#6|2#7|1#8|0#9|0#10|0#11|0#12|0,0|0#1|0#2|0#3|0#4|2#5|2#6|0#7|0#8|0#9|0#10|0#11|0#12|0
91|124,0,0,0,0,0,0,0,0,0,0,0,0,0,0,0,0,,,,
33|86,0,0,0,0,0,0,0,0,0,0,0,0,0,0,0,0,,,,
98|18,5,2,3,4,0,0,1,1,0,0,1,6,2,0,0,0,,,,
103|101,0,0,0,0,0,0,1,0,1,0,0,2,1,0,0,0,,,,
111|47,0,0,0,0,0,0,0,0,0,0,0,2,2,0,0,0,0|0#1|0#2|0#3|0#4|0#5|0#6|0#7|0#8|0#9|0#10|0#11|0#12|0,,0|0#1|0#2|0#3|0#4|0#5|0#6|0#7|0#8|0#9|0#10|0#11|0#12|0,
79|103,0,0,0,0,0,0,0,2,0,0,0,0,0,0,0,0,,,,
120|41,0,0,0,0,0,0,0,0,0,0,0,0,0,0,0,0,,,,
61|91,0,0,0,0,0,0,0,0,0,0,0,2,0,0,0,0,,,,
132|83,11,5,17,13,2,2,2,3,4,0,4,9,1,0,0,0,0|0#1|0#2|0#3|0#4|0#5|0#6|0#7|0#8|0#9|0#10|0#11|0#12|0,0|0#1|0#2|0#3|0#4|0#5|0#6|0#7|0#8|0#9|0#10|0#11|0#12|0,0|0#1|0#2|0#3|0#4|0#5|0#6|0#7|0#8|0#9|0#10|0#11|0#12|0,0|0#1|0#2|0#3|0#4|0#5|0#6|0#7|0#8|0#9|0#10|0#11|0#12|0
130|58,0,0,0,0,0,0,0,0,0,0,0,0,0,0,0,0,,,0|0#1|0#2|0#3|0#4|0#5|0#6|0#7|0#8|0#9|0#10|0#11|0#12|0,
