26|15,0,0,0,0,0,1,0,0,0,0,0,0,0,0,0,0,,,,
11|9,0,0,0,0,0,0,0,0,0,0,0,0,0,0,0,0,,,,
21|143,0,0,0,0,0,0,0,0,0,0,0,0,0,0,0,0,,,,
124|131,0,0,0,0,0,0,0,0,0,0,0,0,0,0,0,0,,,,
47|51,0,0,0,0,0,0,0,0,0,0,0,0,1,0,0,0,0|0#1|0#2|0#3|0#4|0#5|0#6|0#7|0#8|0#9|0#10|0#11|0#12|0,,0|0#1|0#2|0#3|0#4|0#5|0#6|0#7|0#8|0#9|0#10|0#11|0#12|0,
38|0,0,0,0,0,0,0,0,0,0,0,0,0,0,0,0,0,,,,
19|46,0,0,0,0,0,0,0,0,0,0,0,0,0,0,0,0,,,,
73|31,0,1,0,0,0,0,0,31,1,0,1,0,0,0,0,0,,,,
59|93,0,0,1,1,0,1,0,1,0,0,0,2,1,0,0,0,,,,
9|89,0,0,0,0,0,0,0,0,0,0,0,0,0,0,0,0,,,,
28|40,0,0,0,0,0,0,0,0,0,0,0,0,0,0,0,0,,,,
38|57,0,0,0,0,0,0,0,0,0,0,0,0,0,0,0,0,,,,
66|62,0,0,0,0,0,0,1,0,0,0,0,1,2,0,0,0,0|0#1|0#2|0#3|0#4|0#5|0#6|0#7|0#8|0#9|0#10|0#11|0#12|0,0|0#1|0#2|0#3|0#4|0#5|0#6|0#7|0#8|0#9|0#10|0#11|0#12|0,0|0#1|0#2|0#3|0#4|0#5|0#6|0#7|0#8|0#9|0#10|0#11|0#12|0,0|0#1|0#2|0#3|0#4|0#5|0#6|0#7|0#8|0#9|0#10|0#11|0#12|0
111|144,0,0,0,0,0,0,0,0,0,0,0,0,0,0,0,0,,,,
57|68,0,0,0,0,0,0,0,0,0,0,0,0,0,0,0,0,,,,
85|73,44,11,35,1,4,14,1,18,3,0,7,1,4,3,0,0,0|0#1|0#2|0#3|0#4|2#5|1#6|1#7|1#8|1#9|0#10|0#11|0#12|0,0|0#1|0#2|0#3|0#4|0#5|0#6|0#7|0#8|0#9|0#10|0#11|0#12|0,0|0#1|0#2|0#3|0#4|1#5|1#6|0#7|1#8|0#9|0#10|1#11|0#12|0,0|0#1|0#2|0#3|0#4|0#5|0#6|0#7|0#8|0#9|0#10|1#11|0#12|0
83|48,0,1,0,0,0,0,0,2,0,0,0,0,0,0,0,0,0|0#1|0#2|0#3|0#4|1#5|1#6|2#7|0#8|1#9|0#10|2#11|0#12|0,0|0#1|0#2|0#3|0#4|0#5|0#6|0#7|0#8|0#9|0#10|0#11|0#12|0,0|0#1|0#2|0#3|0#4|1#5|2#6|1#7|1#8|0#9|1#10|1#11|0#12|0,0|0#1|0#2|0#3|0#4|0#5|0#6|0#7|0#8|0#9|0#10|0#11|0#12|0
90|17,0,0,0,0,0,0,0,0,0,0,0,0,0,0,0,0,,,,
4|16,0,0,0,0,0,0,0,0,0,0,0,0,0,0,0,0,,,,
137|54,0,0,0,0,0,0,0,0,0,0,0,0,0,0,0,0,,,,
116|18,0,0,0,0,0,0,0,0,0,0,0,0,0,0,0,0,,,,
144|23,0,0,0,0,0,0,0,0,0,0,0,0,0,0,0,0,,,,
35|147,0,0,0,0,0,0,0,0,0,0,0,0,0,0,0,0,,,,
73|142,0,0,0,0,0,0,0,0,0,0,0,0,0,0,0,0,,,,
45|26,0,0,0,0,0,0,0,0,0,0,0,0,0,0,0,0,,,,
54|20,0,0,0,0,0,0,0,0,0,0,0,0,0,0,0,0,,,,
138|135,0,0,0,0,0,0,0,0,0,0,0,0,2,0,0,0,,,,
149|96,0,0,0,0,0,0,0,0,0,0,0,0,0,0,0,0,,,,
87|146,0,0,0,0,0,0,0,0,0,0,0,0,0,0,0,0,,,,
92|42,1,1,0,0,0,1,0,2,1,0,0,0,0,0,0,0,0|0#1|0#2|0#3|0#4|0#5|0#6|0#7|0#8|0#9|0#10|1#11|1#12|0,0|0#1|0#2|0#3|0#4|0#5|0#6|0#7|0#8|0#9|0#10|0#11|0#12|0,0|0#1|0#2|0#3|0#4|0#5|0#6|0#7|0#8|0#9|1#10|1#11|1#12|0,0|0#1|0#2|0#3|0#4|0#5|0#6|0#7|0#8|0#9|0#10|0#11|0#12|0
109|49,0,0,0,0,0,0,0,0,0,0,0,1,0,0,0,0,0|0#1|0#2|0#3|0#4|0#5|1#6|0#7|0#8|1#9|0#10|0#11|0#12|0,0|0#1|0#2|0#3|0#4|0#5|0#6|0#7|0#8|0#9|0#10|0#11|0#12|0,0|0#1|0#2|0#3|0#4|0#5|0#6|0#7|0#8|0#9|0#10|0#11|0#12|0,0|0#1|0#2|0#3|0#4|0#5|0#6|0#7|0#8|0#9|0#10|0#11|0#12|0
135|29,0,0,0,0,0,0,0,0,0,0,0,0,0,0,0,0,,,,
64|37,0,0,0,0,0,0,0,0,0,0,0,0,0,0,0,0,,,,
34|130,0,0,0,0,0,0,0,0,0,0,0,0,0,0,0,0,,,,
118|43,0,0,0,0,0,0,0,0,0,0,0,0,0,0,0,0,,,,
125|12,0,0,0,0,0,0,0,0,0,0,0,0,0,0,0,0,,,,
6|41,0,0,0,0,0,0,0,0,0,0,0,0,0,0,0,0,,,,
76|79,0,0,0,0,0,0,0,0,0,0,0,0,0,0,1,0,0|0#1|0#2|0#3|0#4|0#5|0#6|0#7|0#8|0#9|0#10|0#11|0#12|0,0|0#1|0#2|0#3|0#4|0#5|0#6|0#7|0#8|0#9|0#10|0#11|0#12|0,0|0#1|0#2|0#3|0#4|0#5|0#6|0#7|0#8|0#9|0#10|0#11|0#12|0,0|0#1|0#2|0#3|0#4|0#5|0#6|0#7|0#8|0#9|0#10|0#11|0#12|0
48|134,0,0,0,0,0,0,0,0,0,0,0,0,0,0,0,0,,,,
