87|141,0,0,0,0,0,0,0,0,0,0,0,0,0,0,0,0,,,,
141|9,0,0,0,0,0,0,0,0,0,0,0,0,0,0,0,0,,,,
48|69,0,0,0,0,0,0,0,0,0,0,0,0,0,0,0,0,,,,
139|147,0,0,0,0,0,0,0,0,0,0,0,0,0,0,0,0,,,,
149|91,0,0,0,0,0,0,0,0,0,0,0,0,0,0,0,0,,,,
107|19,0,0,0,0,0,0,0,0,0,0,0,0,0,0,0,0,,,,
76|74,0,0,0,0,0,0,0,0,1,0,0,0,0,0,0,0,,,,
125|143,0,0,0,0,0,0,0,0,0,0,0,0,0,0,0,0,,,,
7|59,0,0,0,0,0,0,0,0,0,0,0,0,0,0,0,0,,,,
81|18,0,0,0,0,0,0,0,0,1,0,0,5,0,0,0,0,,,,
128|55,0,0,0,0,0,0,0,0,0,0,0,0,0,0,0,0,,,,
35|142,0,0,0,0,0,0,0,0,0,0,0,0,0,0,0,0,,,,
109|44,0,0,0,0,0,0,0,0,0,0,0,0,0,0,0,0,,,,
36|27,0,0,0,0,0,0,0,0,0,0,0,0,0,0,0,0,,,,
70|107,0,0,0,0,0,0,0,0,0,0,0,0,0,0,0,0,,,,
90|12,0,0,0,0,0,0,0,0,0,0,0,0,0,0,0,0,,,,
11|4,0,0,0,0,0,0,0,0,0,0,0,0,0,0,0,0,,,,
55|38,0,0,0,0,0,0,0,0,1,0,0,0,0,0,0,0,,,,
64|32,0,0,0,0,0,0,0,0,0,0,0,0,0,0,0,0,,,,
38|52,0,0,0,0,0,0,0,0,0,0,0,0,0,0,0,0,,,,
147|66,2,0,2,2,2,0,0,0,1,0,1,4,3,0,0,0,,0|0#1|0#2|0#3|0#4|0#5|0#6|0#7|0#8|0#9|0#10|0#11|0#12|0,,0|0#1|0#2|0#3|0#4|0#5|0#6|0#7|0#8|0#9|0#10|0#11|0#12|0
9|84,0,0,0,0,0,0,0,0,0,0,0,0,0,0,0,0,,,,
116|13,0,0,0,0,0,0,0,0,0,0,0,0,0,0,0,0,,,,
57|63,0,0,0,0,0,0,0,0,0,0,0,0,0,0,0,0,,,,
49|146,0,0,0,0,0,0,0,0,0,0,0,0,0,0,0,0,,,,
19|41,0,0,0,0,0,0,0,0,0,0,0,0,0,0,0,0,,,,
83|43,0,4,0,0,0,0,0,0,0,0,0,0,0,0,0,0,,,,
4|11,0,0,0,0,0,0,0,0,0,0,0,0,0,0,0,0,,,,
29|58,0,0,1,0,0,0,1,0,5,0,0,0,0,0,0,0,,,,
138|130,1,1,0,0,0,0,0,3,1,0,0,0,0,0,0,0,,,,
135|24,0,0,0,0,0,0,0,0,0,0,0,0,0,0,0,0,,,,
26|10,0,0,0,0,0,0,0,0,0,0,0,0,0,0,0,0,,,,
45|21,0,0,0,0,0,0,0,0,0,0,0,0,0,0,0,0,,,,
95|85,0,0,8,0,1,0,0,0,0,0,0,6,2,0,0,0,0|0#1|0#2|0#3|0#4|0#5|0#6|0#7|0#8|0#9|0#10|0#11|0#12|0,0|0#1|0#2|0#3|0#4|0#5|0#6|0#7|0#8|0#9|0#10|0#11|0#12|0,0|0#1|0#2|0#3|0#4|0#5|0#6|0#7|0#8|0#9|0#10|0#11|0#12|0,0|0#1|0#2|0#3|0#4|0#5|0#6|0#7|0#8|0#9|0#10|0#11|0#12|0
17|16,0,0,0,0,0,0,0,0,0,0,0,0,0,0,0,0,,,,
74|49,0,0,0,0,0,0,0,0,1,0,0,0,0,0,0,0,,,,
