129|80,0,0,0,0,0,0,0,0,0,0,0,0,0,0,0,0,,,,
35|27,0,0,0,0,0,0,0,0,1,0,0,0,0,0,0,0,,,,
123|132,0,0,0,0,0,0,0,0,0,0,0,0,0,0,0,0,,,,
80|18,0,0,1,0,0,1,0,0,1,0,0,2,0,0,0,0,,,,
72|143,0,0,0,0,0,0,0,0,0,0,0,0,0,0,0,0,,,,
16|16,0,0,0,0,0,0,0,0,0,0,0,0,0,0,0,0,,,,
49|94,0,0,0,0,0,0,0,0,0,0,0,0,0,0,0,0,,,,
139|97,0,0,0,0,0,0,0,0,0,0,0,0,0,0,0,0,,,,
37|52,0,0,0,0,0,0,0,0,0,0,0,0,0,0,0,0,,,,
56|63,0,0,0,0,0,0,0,0,0,0,0,0,0,0,0,0,,,,
148|91,0,0,0,0,0,0,0,0,0,0,0,0,0,0,0,0,,,,
99|5,0,0,0,0,0,0,0,0,0,0,0,0,0,0,0,0,,,,
47|135,0,0,0,0,0,0,0,0,0,0,0,0,0,0,0,0,,,,
75|74,0,0,0,0,0,0,0,0,0,0,0,0,0,0,0,0,,,,
33|131,0,0,0,0,0,0,0,0,0,0,0,0,0,0,0,0,,,,
134|24,0,0,0,0,0,0,0,0,0,0,0,0,0,0,0,0,,,,
99|134,0,0,0,0,0,0,0,0,0,0,0,0,0,0,0,0,,,,
115|13,0,0,0,0,0,0,0,0,0,0,0,0,0,0,0,0,,,,
131|9,0,0,0,0,0,0,0,0,0,0,0,0,0,0,0,0,,,,
25|10,0,0,0,0,0,0,0,0,0,0,0,0,0,0,0,0,,,,
86|147,0,0,0,0,0,0,0,0,0,0,0,0,0,0,0,0,,,,
94|85,0,1,4,1,1,0,0,0,0,0,0,8,1,0,0,0,0|0#1|0#2|0#3|0#4|0#5|0#6|0#7|0#8|1#9|0#10|0#11|0#12|0,0|0#1|0#2|0#3|0#4|0#5|0#6|0#7|0#8|0#9|0#10|0#11|0#12|0,0|0#1|0#2|0#3|1#4|0#5|0#6|0#7|0#8|0#9|0#10|0#11|0#12|0,0|0#1|0#2|0#3|0#4|0#5|0#6|0#7|0#8|0#9|0#10|0#11|0#12|0
106|19,0,0,0,0,0,0,0,0,0,0,0,0,0,0,0,0,,,,
54|38,0,0,0,0,0,0,0,0,1,0,0,0,0,0,0,0,,,,
85|130,0,0,0,0,0,0,0,0,0,0,0,0,0,0,0,0,,,,
44|21,0,0,0,0,0,0,0,0,0,0,0,0,0,0,0,0,,,,
146|66,0,0,0,1,0,0,0,0,0,0,1,5,1,0,0,0,0|0#1|0#2|0#3|0#4|0#5|0#6|0#7|0#8|0#9|0#10|0#11|0#12|0,0|0#1|0#2|0#3|0#4|0#5|0#6|0#7|0#8|0#9|0#10|0#11|0#12|0,0|0#1|0#2|0#3|0#4|0#5|0#6|0#7|0#8|0#9|0#10|0#11|0#12|0,
28|58,0,0,0,0,0,0,0,0,0,0,0,0,0,0,0,0,,,,
18|41,0,0,0,0,0,0,0,0,0,0,0,0,0,0,0,0,,,,
73|49,0,0,0,1,0,0,0,0,0,0,0,0,0,0,0,0,,,,
137|136,0,0,0,0,0,0,0,0,0,0,0,0,0,0,0,0,,,,
127|55,0,0,0,0,0,0,0,0,0,0,0,0,0,0,0,0,,,,
47|69,1,0,0,0,0,0,0,0,0,0,0,0,0,0,0,0,0|0#1|0#2|0#3|0#4|0#5|0#6|0#7|0#8|0#9|0#10|0#11|0#12|0,,0|0#1|0#2|0#3|0#4|0#5|0#6|0#7|0#8|0#9|0#10|0#11|0#12|0,
108|44,0,0,0,0,0,0,0,0,0,0,0,0,0,0,0,0,0|0#1|0#2|0#3|0#4|0#5|0#6|0#7|0#8|0#9|0#10|0#11|0#12|0,,0|0#1|0#2|0#3|0#4|0#5|0#6|0#7|0#8|0#9|0#10|0#11|0#12|0,
20|144,0,0,0,0,0,0,0,0,0,0,0,0,0,0,0,0,,,,
3|11,0,0,0,0,0,0,0,0,0,0,0,0,0,0,0,0,,,,
8|84,0,0,0,0,0,0,0,0,0,0,0,0,0,0,0,0,,,,
110|145,0,0,0,0,0,0,0,0,0,0,0,2,0,0,0,0,,,,
6|59,0,0,0,0,0,0,0,0,0,0,0,0,0,0,0,0,,,,
82|43,36,11,47,2,4,3,0,22,1,0,15,1,2,0,0,0,,0|0#1|0#2|0#3|0#4|0#5|0#6|0#7|0#8|0#9|0#10|0#11|0#12|0,,0|0#1|0#2|0#3|0#4|0#5|0#6|0#7|0#8|0#9|0#10|0#11|0#12|0
63|32,0,0,0,0,0,0,0,0,0,0,0,0,0,0,0,0,,,,
