118|114,0,0,0,0,0,0,0,0,0,0,0,0,0,0,0,0,,,,
43|95,0,0,0,0,0,0,0,0,0,0,0,0,0,0,0,0,,,,
2|85,0,0,0,0,0,0,0,0,0,0,0,0,0,0,0,0,,,,
89|16,0,0,0,0,0,0,0,0,0,0,0,0,0,0,0,0,,,,
102|45,0,0,0,0,0,1,0,0,0,0,0,0,0,0,0,0,0|0#1|0#2|0#3|0#4|0#5|0#6|0#7|0#8|0#9|0#10|0#11|0#12|0,,0|0#1|0#2|0#3|0#4|0#5|0#6|0#7|0#8|0#9|0#10|0#11|0#12|0,
121|56,42,3,26,0,1,3,1,5,2,0,4,14,0,0,0,0,0|0#1|0#2|0#3|0#4|0#5|1#6|1#7|1#8|0#9|0#10|0#11|0#12|0,0|0#1|0#2|0#3|0#4|0#5|0#6|0#7|0#8|0#9|0#10|0#11|0#12|0,0|0#1|0#2|0#3|0#4|0#5|1#6|1#7|1#8|0#9|0#10|0#11|0#12|0,0|0#1|0#2|0#3|0#4|0#5|0#6|0#7|0#8|0#9|0#10|0#11|0#12|0
50|64,0,0,0,0,0,0,0,0,0,0,0,0,0,0,0,0,,,,
143|122,0,0,0,0,0,0,0,0,0,0,0,0,0,0,0,0,,,,
24|84,0,0,0,0,0,0,0,0,0,0,0,0,0,0,0,0,,,,
65|4,0,0,0,0,0,0,0,0,0,0,0,0,0,0,0,0,,,,
130|50,0,0,0,0,0,0,0,0,0,0,0,0,0,0,0,0,,,,
6|123,0,0,0,0,0,0,0,0,0,0,0,0,0,0,0,0,,,,
104|110,0,0,0,0,0,0,0,0,0,0,0,0,0,0,0,0,,,,
31|53,0,0,0,0,0,0,0,0,0,0,0,0,0,0,0,0,,,,
54|138,0,0,0,0,0,0,0,0,0,0,0,0,0,0,0,0,,,,
15|126,0,0,0,0,0,0,0,0,0,0,0,0,0,0,0,0,,,,
22|59,0,0,0,0,0,0,0,0,0,0,0,0,0,0,0,0,,,,
105|127,0,0,0,0,0,0,0,0,0,0,0,1,0,0,0,0,,,,
142|92,0,0,0,0,0,0,0,0,0,0,0,0,0,0,0,0,,,,
12|42,0,0,0,0,0,0,0,1,0,0,0,0,0,0,0,0,,,,
104|70,1,0,14,0,0,0,1,0,1,0,0,2,1,0,0,0,0|0#1|0#2|0#3|2#4|1#5|0#6|0#7|0#8|0#9|0#10|0#11|1#12|0,0|0#1|0#2|0#3|2#4|1#5|0#6|0#7|0#8|0#9|0#10|0#11|0#12|0,0|0#1|0#2|0#3|2#4|0#5|0#6|0#7|0#8|0#9|0#10|1#11|1#12|0,0|0#1|0#2|0#3|2#4|0#5|0#6|0#7|0#8|0#9|0#10|0#11|0#12|0
123|81,0,0,0,0,0,0,0,0,0,0,0,0,0,0,0,0,,,,
39|6,0,0,0,0,0,0,0,0,0,0,0,0,0,0,0,0,,,,
53|121,0,0,0,0,0,0,0,0,0,0,0,0,0,0,0,0,,,,
40|134,0,0,0,0,0,0,0,0,0,0,0,0,0,0,0,0,,,,
67|125,0,0,0,0,0,0,0,0,0,0,0,0,0,0,0,0,,,,
98|10,0,0,0,0,0,0,0,0,0,0,0,0,0,0,0,0,,,,
92|133,0,0,0,0,0,0,0,0,0,0,0,0,0,0,0,0,,,,
91|2,0,0,0,0,0,0,0,0,0,0,0,0,0,0,0,0,,,,
114|87,0,0,0,0,0,0,1,0,0,0,0,1,1,0,0,0,0|0#1|0#2|0#3|0#4|0#5|0#6|0#7|0#8|0#9|0#10|0#11|0#12|0,0|0#1|0#2|0#3|0#4|0#5|0#6|0#7|0#8|0#9|0#10|0#11|0#12|0,0|0#1|0#2|0#3|0#4|0#5|0#6|0#7|0#8|0#9|0#10|0#11|0#12|0,0|0#1|0#2|0#3|0#4|0#5|0#6|0#7|0#8|0#9|0#10|0#11|0#12|0
144|139,0,0,0,0,0,0,0,0,0,0,0,0,0,0,0,0,,,,
28|113,0,0,0,0,0,0,0,0,0,0,0,0,0,0,0,0,,,,
133|98,0,0,0,0,0,0,1,0,0,0,0,0,0,0,0,0,0|0#1|0#2|0#3|0#4|0#5|0#6|0#7|0#8|0#9|0#10|0#11|0#12|0,,0|0#1|0#2|0#3|0#4|0#5|0#6|0#7|0#8|0#9|0#10|0#11|0#12|0,
140|67,0,0,0,0,0,0,0,0,0,0,0,0,0,0,0,0,,,,
10|17,0,0,0,0,0,0,0,0,0,0,0,0,0,0,0,0,,,,
130|135,0,0,0,0,0,0,0,0,0,0,0,0,0,0,0,0,,,,
