143|135,0,0,0,0,0,1,0,0,2,0,0,0,0,0,0,0,,,,
31|66,0,0,0,0,0,0,0,0,0,0,0,0,0,0,0,0,,,,
66|121,0,0,0,0,0,0,0,0,0,0,0,0,0,0,0,0,,,,
98|23,0,0,0,0,0,0,0,0,0,0,0,0,0,0,0,0,,,,
89|29,0,0,0,0,0,0,0,1,0,0,0,0,0,0,0,0,,,,
14|122,0,0,0,0,0,0,0,0,0,0,0,0,0,0,0,0,,,,
53|134,0,0,0,0,0,0,0,0,0,0,0,0,0,0,0,0,,,,
130|63,0,0,0,0,0,0,0,0,0,0,0,0,0,0,0,0,,,,
79|12,1,0,0,0,0,0,0,0,0,0,0,3,3,0,0,0,,,,
24|97,0,0,0,0,0,0,0,0,0,0,0,0,0,0,0,0,,,,
14|80,0,0,0,0,0,0,0,0,0,0,0,0,0,0,0,0,,,,
92|146,0,0,0,0,0,0,0,0,0,0,0,0,0,0,0,0,,,,
15|139,0,0,0,0,0,0,0,0,0,0,0,0,0,0,0,0,,,,
111|52,4,3,9,0,4,5,0,3,0,4,7,3,1,0,0,0,0|0#1|0#2|0#3|2#4|1#5|0#6|0#7|0#8|0#9|0#10|1#11|0#12|0,0|0#1|0#2|0#3|0#4|0#5|0#6|0#7|0#8|0#9|0#10|0#11|0#12|0,0|0#1|0#2|0#3|2#4|0#5|0#6|0#7|0#8|0#9|0#10|1#11|1#12|0,0|0#1|0#2|0#3|0#4|0#5|0#6|0#7|0#8|0#9|0#10|0#11|0#12|0
118|127,0,0,0,0,0,0,0,0,0,0,0,0,0,0,0,0,,,,
6|136,0,0,0,0,0,0,0,0,0,0,0,0,0,0,0,0,,,,
123|94,8,0,1,0,1,1,0,4,1,1,0,0,0,0,0,0,,0|0#1|0#2|0#3|0#4|0#5|0#6|0#7|0#8|0#9|0#10|0#11|0#12|0,,0|0#1|0#2|0#3|0#4|0#5|0#6|0#7|0#8|0#9|0#10|0#11|0#12|0
117|110,0,0,0,0,0,0,0,0,0,0,0,0,0,0,0,0,,,,
2|98,0,0,0,0,0,0,0,0,0,0,0,0,0,0,0,0,,,,
12|55,0,0,0,0,0,0,0,0,0,0,0,0,0,0,0,0,,,,
40|147,0,0,0,0,0,0,0,0,0,0,0,0,0,0,0,0,,,,
121|69,0,0,0,0,0,0,0,0,0,0,0,0,0,0,0,0,0|0#1|0#2|0#3|0#4|0#5|0#6|0#7|0#8|0#9|0#10|0#11|0#12|0,,0|0#1|0#2|0#3|0#4|0#5|0#6|0#7|0#8|0#9|0#10|0#11|0#12|0,
102|58,161,58,382,17,30,30,20,28,18,14,104,43,36,0,0,0,0|0#1|0#2|0#3|4#4|4#5|4#6|4#7|4#8|4#9|4#10|4#11|4#12|0,0|0#1|0#2|0#3|4#4|4#5|4#6|4#7|4#8|4#9|4#10|4#11|4#12|0,0|0#1|0#2|0#3|4#4|4#5|4#6|4#7|4#8|4#9|4#10|4#11|4#12|0,0|0#1|0#2|0#3|4#4|4#5|4#6|4#7|4#8|4#9|4#10|4#11|4#12|0
28|126,0,0,0,0,0,0,0,0,0,0,0,0,0,0,0,0,,,,
50|77,0,2,0,0,0,0,0,0,0,0,0,0,0,0,0,0,,,,
67|138,0,0,0,0,0,0,0,0,0,0,0,0,0,0,0,0,,,,
40|60,0,0,0,0,0,0,0,0,1,0,0,0,0,0,0,0,,,,
33|91,0,0,0,0,0,0,0,0,0,0,0,0,0,0,0,0,,,,
104|83,0,0,0,0,0,1,1,0,2,0,0,1,0,0,0,0,,,,
104|123,0,0,0,0,0,0,0,0,0,0,0,1,0,0,0,0,,,,
