26|33,0,0,0,0,0,0,0,0,0,0,0,0,0,0,0,0,,,,
125|30,0,0,0,0,0,0,0,0,0,0,0,0,0,0,0,0,,,,
52|13,0,0,0,0,0,0,0,0,0,0,0,0,0,0,0,0,,,,
82|100,0,0,0,0,0,0,0,0,0,0,0,0,0,0,0,0,,,,
118|61,8,3,8,3,2,4,2,5,3,0,2,3,0,0,0,0,0|0#1|0#2|0#3|2#4|2#5|2#6|1#7|0#8|1#9|0#10|0#11|0#12|0,0|0#1|0#2|0#3|1#4|0#5|0#6|0#7|0#8|0#9|0#10|0#11|0#12|0,0|0#1|0#2|0#3|2#4|1#5|1#6|1#7|1#8|0#9|0#10|0#11|1#12|0,0|0#1|0#2|0#3|0#4|0#5|0#6|0#7|0#8|0#9|0#10|0#11|0#12|0
4|34,0,0,0,0,0,0,0,0,0,0,0,0,0,0,0,0,,,,
57|86,0,1,0,0,0,0,0,0,0,0,0,0,0,0,0,0,,,,
151|10,0,0,0,0,0,0,0,0,0,0,0,0,0,0,0,0,,,,
92|60,91,26,97,32,9,10,9,20,1,10,38,58,18,0,0,0,0|0#1|0#2|0#3|4#4|4#5|4#6|4#7|4#8|4#9|4#10|4#11|4#12|0,0|0#1|0#2|0#3|4#4|4#5|4#6|4#7|4#8|4#9|4#10|4#11|4#12|0,0|0#1|0#2|0#3|4#4|4#5|4#6|4#7|4#8|4#9|4#10|4#11|4#12|0,0|0#1|0#2|0#3|4#4|4#5|3#6|4#7|4#8|4#9|4#10|4#11|4#12|0
85|91,0,0,0,0,0,0,0,0,0,0,0,0,0,0,0,0,,,,
113|9,0,0,0,0,0,0,0,0,0,0,0,0,0,0,0,0,,,,
31|118,0,0,0,0,0,0,0,0,0,0,0,0,0,0,0,0,,,,
120|102,0,0,0,0,0,0,0,1,0,0,0,0,0,0,0,0,,,,
45|44,0,0,0,0,0,0,0,0,0,0,0,0,0,0,0,0,,,,
43|19,0,0,0,0,0,0,0,0,0,0,0,0,0,0,0,0,,,,
134|106,0,0,0,0,0,0,0,0,0,0,0,0,0,0,0,0,,,,
44|105,0,0,0,0,0,0,0,0,0,0,0,0,0,0,0,0,,,,
76|97,0,0,0,0,0,0,0,0,0,0,0,2,0,0,0,0,,,,
147|89,0,0,0,0,0,0,0,1,0,0,0,0,0,0,0,0,,,,
135|47,0,0,0,0,0,0,0,0,0,0,0,0,0,0,0,0,,,,
19|64,0,0,0,0,0,0,0,0,0,0,0,0,0,0,0,0,,,,
116|36,0,0,0,0,0,0,0,0,0,0,0,0,0,0,0,0,,,,
83|117,0,0,0,0,0,0,0,0,0,0,0,0,0,0,0,0,,,,
17|39,0,0,0,0,0,0,0,0,0,0,0,0,0,0,0,0,,,,
38|75,0,0,0,0,0,0,0,0,0,0,0,0,0,0,0,0,,,,
64|55,0,0,0,0,0,0,0,0,0,0,0,9,0,0,0,0,,,,
121|119,0,0,0,0,0,0,0,0,0,0,0,0,0,0,0,0,,,,
71|24,0,0,0,0,0,0,0,0,0,0,0,0,0,0,0,0,,,,
90|35,0,0,0,0,0,0,0,0,0,0,0,0,0,0,0,0,,,,
58|109,0,0,0,0,0,0,0,1,0,0,0,0,0,0,0,0,,,,
137|72,0,0,0,0,0,0,0,0,0,0,0,0,0,0,0,0,,,,
96|104,0,0,0,0,0,0,0,0,0,0,0,0,0,0,0,0,0|0#1|0#2|0#3|1#4|0#5|0#6|0#7|0#8|0#9|0#10|0#11|0#12|0,0|0#1|0#2|0#3|0#4|0#5|0#6|0#7|0#8|0#9|0#10|0#11|0#12|0,0|0#1|0#2|0#3|0#4|0#5|0#6|0#7|0#8|0#9|0#10|0#11|0#12|0,
30|101,0,0,0,0,0,0,0,0,0,0,0,0,0,0,0,0,,,,
83|66,0,3,2,0,0,0,0,0,1,0,0,0,0,0,0,0,0|0#1|0#2|0#3|2#4|0#5|1#6|2#7|2#8|1#9|1#10|1#11|1#12|0,0|0#1|0#2|0#3|1#4|0#5|0#6|1#7|0#8|0#9|0#10|0#11|0#12|0,0|0#1|0#2|0#3|2#4|0#5|2#6|1#7|2#8|2#9|1#10|1#11|1#12|0,0|0#1|0#2|0#3|1#4|0#5|1#6|0#7|0#8|0#9|0#10|0#11|0#12|0
142|16,0,0,0,0,0,0,0,0,0,0,0,0,0,0,0,0,,,,
128|78,0,0,0,0,0,0,0,0,0,0,0,0,0,0,0,0,,,,
109|67,65,23,74,7,4,5,8,8,3,3,19,7,6,0,0,0,0|0#1|0#2|0#3|2#4|2#5|2#6|2#7|2#8|2#9|2#10|2#11|2#12|0,0|0#1|0#2|0#3|2#4|2#5|1#6|2#7|2#8|1#9|2#10|2#11|1#12|0,0|0#1|0#2|0#3|2#4|3#5|2#6|2#7|2#8|2#9|2#10|2#11|2#12|0,0|0#1|0#2|0#3|2#4|1#5|2#6|2#7|2#8|2#9|2#10|1#11|1#12|0
66|80,0,0,0,0,0,0,0,0,0,0,0,0,0,0,0,0,,,,
144|41,0,0,0,0,0,0,0,0,0,0,0,0,0,0,0,0,,,,
