33|59,0,0,0,0,0,0,0,1,0,0,0,0,0,0,0,0,,,,
107|121,0,0,0,0,0,0,0,0,0,0,0,0,0,0,0,0,,,,
30|11,0,0,0,0,0,0,0,0,0,0,0,0,0,0,0,0,,,,
35|84,0,0,0,0,0,0,0,0,0,0,0,0,0,0,0,0,,,,
118|7,0,0,0,0,0,0,0,0,0,0,0,0,0,0,0,0,,,,
9|134,0,0,0,0,0,0,0,0,0,0,0,0,0,0,0,0,,,,
125|87,0,0,0,0,0,1,1,1,0,0,0,1,0,0,0,0,,,,
17|120,0,0,0,0,0,0,0,0,0,0,0,0,0,0,0,0,,,,
16|73,0,0,0,0,0,0,0,0,0,0,0,0,0,0,0,0,,,,
133|146,0,0,0,0,0,0,0,0,0,0,0,0,0,0,0,0,,,,
14|48,0,0,0,0,0,0,0,0,0,0,0,0,0,0,0,0,,,,
146|133,0,0,0,0,0,0,0,0,2,0,0,0,0,0,0,0,,,,
141|50,0,0,0,0,0,0,0,0,0,0,0,0,0,0,0,0,,,,
80|75,0,0,0,0,0,0,0,0,1,0,0,0,0,0,0,0,0|0#1|0#2|0#3|0#4|0#5|0#6|0#7|0#8|0#9|0#10|0#11|0#12|0,,0|0#1|0#2|0#3|0#4|0#5|0#6|0#7|0#8|0#9|0#10|0#11|0#12|0,0|0#1|0#2|0#3|0#4|0#5|0#6|0#7|0#8|0#9|0#10|0#11|0#12|0
115|70,2,0,0,0,0,1,0,3,0,0,0,0,2,0,0,0,,,,
1|43,0,0,0,0,0,0,0,0,0,0,0,0,0,0,0,0,,,,
42|53,0,0,0,0,0,0,0,0,0,0,0,0,0,0,0,0,,,,
40|28,0,0,0,0,0,0,0,0,0,0,0,0,0,0,0,0,,,,
54|95,0,0,0,0,0,0,0,0,0,0,0,0,0,0,0,0,,,,
21|17,0,0,0,0,0,0,0,0,0,0,0,0,0,0,0,0,,,,
56|132,0,0,0,0,0,0,0,0,0,0,0,0,0,0,0,0,,,,
144|5,0,0,0,0,0,0,0,0,0,0,0,0,0,0,0,0,,,,
108|138,0,0,0,0,0,0,0,0,0,0,0,1,0,0,0,0,,,,
106|76,89,36,374,15,4,16,4,16,8,0,47,5,46,0,0,0,0|0#1|0#2|0#3|4#4|3#5|2#6|2#7|2#8|2#9|2#10|2#11|2#12|0,0|0#1|0#2|0#3|2#4|2#5|2#6|1#7|1#8|0#9|1#10|1#11|2#12|0,0|0#1|0#2|0#3|4#4|2#5|2#6|2#7|2#8|2#9|2#10|2#11|3#12|0,0|0#1|0#2|0#3|2#4|2#5|1#6|1#7|1#8|1#9|1#10|1#11|2#12|0
144|98,0,0,0,0,0,0,0,0,0,0,0,0,0,0,0,0,,,,
61|64,0,0,0,0,0,0,0,0,0,0,0,0,0,0,0,0,,,,
18|137,0,0,0,0,0,0,0,0,0,0,0,0,0,0,0,0,,,,
23|42,0,0,0,0,0,0,0,0,0,0,0,0,0,0,0,0,,,,
43|145,0,0,0,0,0,0,0,0,0,0,0,0,0,0,0,0,,,,
81|140,0,0,0,0,0,0,0,0,0,0,0,0,0,0,0,0,,,,
95|144,0,0,0,0,0,0,0,0,0,0,0,0,0,0,0,0,,,,
132|56,0,0,0,0,0,0,0,0,0,0,0,0,0,0,0,0,,,,
113|45,0,0,0,0,0,0,0,1,0,0,0,0,0,0,0,0,,,,
120|14,0,0,0,0,0,0,0,0,0,0,0,0,0,0,0,0,,,,
151|67,0,0,0,0,0,0,0,0,0,0,0,0,0,0,0,0,,,,
134|81,0,0,0,0,0,0,0,0,0,0,0,0,0,0,0,0,,,,0|0#1|0#2|0#3|0#4|0#5|0#6|0#7|0#8|0#9|0#10|0#11|0#12|0
14|0,0,0,0,0,0,0,0,0,0,0,0,0,0,0,0,0,,,,
