143|112,0,0,0,0,0,0,0,0,0,0,0,0,0,0,0,0,,,,
102|35,0,0,0,0,0,0,0,0,0,0,0,0,0,0,0,0,0|0#1|0#2|0#3|0#4|0#5|0#6|0#7|0#8|0#9|0#10|0#11|0#12|0,,0|0#1|0#2|0#3|0#4|0#5|0#6|0#7|0#8|0#9|0#10|0#11|0#12|0,
130|40,0,0,0,0,0,0,0,0,0,0,0,0,0,0,0,0,,,,
12|32,0,0,0,0,0,0,0,0,0,0,0,0,0,0,0,0,,,,
30|5,0,0,0,0,0,0,0,0,0,0,0,0,0,0,0,0,,,,
15|116,0,0,0,0,0,0,0,0,0,0,0,0,0,0,0,0,,,,
43|85,0,0,0,0,0,0,0,0,0,0,0,0,0,0,0,0,,,,
104|60,1,9,0,0,0,3,0,4,0,0,0,1,1,0,0,0,0|0#1|0#2|0#3|4#4|4#5|4#6|4#7|4#8|4#9|4#10|4#11|4#12|0,0|0#1|0#2|0#3|4#4|4#5|4#6|4#7|4#8|4#9|4#10|4#11|4#12|0,0|0#1|0#2|0#3|4#4|4#5|4#6|4#7|4#8|4#9|4#10|4#11|4#12|0,0|0#1|0#2|0#3|4#4|4#5|4#6|4#7|4#8|4#9|4#10|4#11|4#12|0
133|88,0,0,0,0,0,0,0,0,0,0,0,1,0,0,0,0,,,,
54|128,0,0,0,0,0,0,0,0,0,0,0,0,0,0,0,0,,,,
53|111,0,0,0,0,0,0,0,0,0,0,0,0,0,0,0,0,,,,
28|103,0,0,0,0,0,0,0,0,0,0,0,0,0,0,0,0,,,,
130|125,0,0,0,0,0,0,0,0,0,0,0,0,0,0,0,0,,,,
92|123,0,0,0,0,0,0,0,0,0,0,0,0,0,0,0,0,,,,
114|77,13,5,11,2,0,1,2,4,1,0,3,1,4,0,0,0,0|0#1|0#2|0#3|0#4|0#5|0#6|1#7|0#8|0#9|1#10|1#11|1#12|0,0|0#1|0#2|0#3|0#4|0#5|0#6|0#7|0#8|0#9|0#10|0#11|0#12|0,0|0#1|0#2|0#3|0#4|0#5|1#6|1#7|0#8|0#9|1#10|2#11|1#12|0,0|0#1|0#2|0#3|0#4|0#5|1#6|0#7|0#8|0#9|0#10|0#11|0#12|0
31|43,0,0,0,0,0,0,0,0,0,0,0,0,0,0,0,0,,,,
50|54,0,0,0,0,0,0,0,0,0,0,0,3,0,0,0,0,,0|0#1|0#2|0#3|0#4|0#5|0#6|0#7|0#8|0#9|0#10|0#11|0#12|0,0|0#1|0#2|0#3|0#4|0#5|0#6|0#7|0#8|0#9|0#10|0#11|0#12|0,
140|57,0,3,0,0,0,0,0,0,0,0,0,0,1,0,0,0,,,,
62|96,0,0,0,0,0,0,0,0,0,0,0,0,0,0,0,0,,,,
142|82,0,0,0,0,0,0,0,0,0,0,0,0,0,0,0,0,,,,
105|117,0,0,0,0,0,0,0,0,0,0,0,0,0,0,0,0,,,,
6|113,0,0,0,0,0,0,0,0,0,0,0,0,0,0,0,0,,,,
2|75,0,0,0,0,0,0,0,0,0,0,0,0,0,0,0,0,,,,
144|129,0,0,0,0,0,0,0,0,0,0,0,0,0,0,0,0,,,,
121|46,0,0,0,0,0,0,0,0,0,0,0,0,0,0,0,0,,,,
24|74,0,0,0,0,0,0,0,0,0,0,0,0,0,0,0,0,,,,
71|90,0,0,0,0,0,0,0,0,0,0,0,0,0,0,0,0,,,,
123|71,0,0,0,0,0,0,0,1,1,0,0,1,0,0,0,0,,,0|0#1|0#2|0#3|0#4|0#5|0#6|0#7|0#8|0#9|0#10|0#11|0#12|0,
67|115,0,0,0,0,0,0,0,0,0,0,0,0,0,0,0,0,,,,
118|104,0,0,0,0,0,0,0,0,0,0,0,0,0,0,0,0,,,,
22|49,0,0,0,0,0,0,0,0,0,0,0,0,0,0,0,0,,,,
104|100,0,0,0,0,0,0,0,0,0,0,0,0,0,0,0,0,,,,
152|99,0,0,0,0,0,0,0,0,0,0,0,0,0,0,0,0,,,,
40|124,0,0,0,0,0,0,0,0,0,0,0,0,0,0,0,0,,,,
