119|25,0,0,0,0,0,0,0,1,0,0,0,0,1,0,0,0,0|0#1|0#2|0#3|0#4|0#5|0#6|0#7|0#8|0#9|0#10|0#11|0#12|0,,0|0#1|0#2|0#3|0#4|0#5|0#6|0#7|0#8|0#9|0#10|0#11|0#12|0,
151|132,0,0,0,0,0,0,0,0,0,0,0,0,0,0,0,0,,,,
74|13,0,0,0,0,0,0,0,0,0,0,0,0,0,0,0,0,,,,
88|80,0,0,0,0,0,0,0,0,1,0,0,0,0,0,1,0,0|0#1|0#2|0#3|0#4|1#5|0#6|0#7|0#8|0#9|0#10|0#11|0#12|0,0|0#1|0#2|0#3|0#4|0#5|1#6|0#7|0#8|1#9|0#10|0#11|0#12|0,0|0#1|0#2|0#3|0#4|1#5|0#6|0#7|0#8|0#9|1#10|0#11|0#12|0,0|0#1|0#2|0#3|0#4|0#5|1#6|0#7|0#8|0#9|0#10|0#11|0#12|0
39|39,0,0,0,0,0,0,1,0,1,0,0,0,0,0,0,0,,0|0#1|0#2|0#3|0#4|0#5|0#6|0#7|0#8|0#9|0#10|0#11|0#12|0,,0|0#1|0#2|0#3|0#4|0#5|0#6|0#7|0#8|0#9|0#10|0#11|0#12|0
29|22,0,0,0,0,0,0,0,0,0,0,0,0,0,0,0,0,,,,
86|55,1,9,14,3,0,1,0,1,0,0,2,0,0,0,0,0,0|0#1|0#2|0#3|2#4|2#5|2#6|2#7|2#8|2#9|2#10|2#11|2#12|0,0|0#1|0#2|0#3|2#4|1#5|1#6|0#7|1#8|0#9|0#10|0#11|0#12|0,0|0#1|0#2|0#3|2#4|2#5|2#6|2#7|2#8|2#9|2#10|1#11|2#12|0,0|0#1|0#2|0#3|2#4|1#5|1#6|1#7|1#8|0#9|0#10|0#11|0#12|0
9|6,0,0,0,0,0,0,0,0,0,0,0,0,0,0,0,0,,,,
61|131,0,0,0,0,0,0,0,0,0,0,0,0,0,0,0,0,,,,
98|97,0,0,0,0,0,0,0,0,0,0,0,0,0,0,0,0,,,,
49|110,0,0,0,0,0,0,0,0,0,0,0,0,0,0,0,0,,,,
89|139,0,0,0,0,0,0,0,0,0,0,0,0,0,0,0,0,,,,
88|122,0,0,0,0,0,0,0,0,0,0,0,0,0,0,0,0,,,,
36|123,0,0,0,0,0,0,0,0,0,0,0,0,0,0,0,0,,,,
147|30,0,0,0,0,0,2,0,0,0,0,0,0,0,0,0,0,,,0|0#1|0#2|0#3|0#4|0#5|0#6|0#7|0#8|0#9|0#10|0#11|0#12|0,0|0#1|0#2|0#3|0#4|0#5|0#6|0#7|0#8|0#9|0#10|0#11|0#12|0
67|44,0,0,0,0,0,0,0,0,0,0,0,0,0,0,0,0,,,,
48|33,0,0,0,0,0,0,0,0,0,0,0,0,0,0,0,0,0|0#1|0#2|0#3|0#4|0#5|0#6|0#7|0#8|0#9|0#10|0#11|0#12|0,,0|0#1|0#2|0#3|0#4|0#5|0#6|0#7|0#8|0#9|0#10|0#11|0#12|0,
113|137,1,0,0,10,0,1,4,1,1,0,0,6,0,0,0,0,,,,
138|36,0,0,0,0,0,0,0,0,0,0,0,0,0,0,0,0,,,,
23|136,0,0,0,0,0,0,0,0,0,0,0,0,0,0,0,0,,,,
75|135,0,0,0,0,0,0,0,0,0,0,0,0,0,0,0,0,,,,
76|5,0,0,0,0,0,0,0,0,0,0,0,0,0,0,0,0,,,,
135|0,0,0,0,0,0,0,0,0,0,0,0,0,0,0,0,0,,,,
1|146,0,0,0,0,0,0,0,0,0,0,0,0,0,0,0,0,,,,
7|23,0,0,0,0,0,0,0,0,0,0,0,0,0,0,0,0,,,,
112|120,0,0,0,0,0,0,0,0,0,0,0,0,0,0,0,0,,,,
126|124,0,0,0,0,0,0,0,0,0,0,0,0,0,0,0,0,,,,
139|111,0,0,0,0,0,0,0,0,0,0,0,0,0,0,0,0,,,,
79|86,0,0,0,0,0,0,0,0,0,0,0,0,0,0,0,0,0|0#1|0#2|0#3|0#4|0#5|0#6|0#7|0#8|0#9|0#10|0#11|0#12|0,,0|0#1|0#2|0#3|0#4|0#5|0#6|0#7|0#8|0#9|0#10|0#11|0#12|0,0|0#1|0#2|0#3|0#4|0#5|0#6|0#7|0#8|0#9|0#10|0#11|0#12|0
93|24,0,0,0,0,0,0,0,0,0,0,0,0,0,0,0,0,,,,
109|2,0,0,0,0,0,0,0,0,0,0,0,0,0,0,0,0,,,,
65|19,0,0,0,0,0,0,0,0,0,0,0,0,0,0,0,0,,,,
