60|135,0,0,0,0,0,0,0,0,0,0,0,0,0,0,0,0,,,,
73|122,0,0,0,0,0,0,0,0,0,0,0,0,0,0,0,0,,,,
28|20,0,0,0,0,0,0,0,0,1,0,0,0,0,0,0,0,,,,
47|31,0,0,0,0,0,0,0,0,0,0,0,0,0,0,0,0,,,,
74|139,0,0,0,0,0,0,0,0,0,0,0,0,0,0,0,0,,,,
85|53,160,40,771,1,46,61,18,38,84,27,154,35,14,0,0,0,0|0#1|0#2|0#3|4#4|3#5|2#6|2#7|2#8|2#9|3#10|2#11|3#12|0,0|0#1|0#2|0#3|2#4|2#5|2#6|2#7|2#8|1#9|2#10|2#11|2#12|0,0|0#1|0#2|0#3|4#4|2#5|2#6|2#7|2#8|2#9|3#10|2#11|2#12|0,0|0#1|0#2|0#3|2#4|2#5|2#6|2#7|1#8|2#9|2#10|2#11|2#12|0
21|123,0,0,0,0,0,0,0,0,0,0,0,0,0,0,0,0,,,,
149|76,0,0,0,0,0,0,0,0,0,0,0,0,0,0,0,0,,,,
6|21,0,0,0,0,0,0,0,1,0,0,0,0,0,0,0,0,,,,
59|73,0,0,0,0,0,0,0,0,0,0,0,0,0,0,0,0,,,,
9|69,0,0,0,0,0,0,0,0,0,0,0,0,0,0,0,0,,,,
35|127,0,0,0,0,0,0,0,0,0,0,0,0,0,0,0,0,,,,
137|34,0,0,0,0,0,0,0,0,0,0,0,0,0,0,0,0,,,,
124|111,0,0,0,0,0,0,0,0,0,0,0,0,0,0,0,0,,,,
97|95,0,0,0,0,0,0,0,0,1,0,0,2,0,0,0,0,,,,
64|17,0,0,0,0,0,0,0,0,0,0,0,0,0,0,0,0,,,,
111|124,0,0,0,0,0,0,0,0,0,0,0,0,0,0,0,0,,,,
138|115,0,0,0,0,0,0,0,0,0,0,0,0,0,0,0,0,,,,
38|37,0,0,0,0,0,0,0,1,0,0,0,0,0,0,0,0,0|0#1|0#2|0#3|0#4|0#5|0#6|0#7|0#8|0#9|0#10|0#11|0#12|0,,,0|0#1|0#2|0#3|0#4|0#5|0#6|0#7|0#8|0#9|0#10|0#11|0#12|0
66|3,0,0,0,0,0,0,0,0,0,0,0,0,0,0,0,0,,,,
66|42,0,0,0,0,0,0,0,0,0,0,0,0,0,0,0,0,,,,
76|59,0,0,0,0,0,0,0,0,0,0,0,0,0,0,0,0,,,,
83|28,0,0,0,0,0,0,0,0,0,0,0,5,0,0,0,0,,,,
125|128,0,0,0,0,0,0,0,0,0,0,0,1,0,0,0,0,,,,
19|26,0,0,0,0,0,0,0,0,0,0,0,0,0,0,0,0,,,,
73|11,0,0,0,0,0,0,0,0,0,0,0,0,0,0,0,0,,,,
92|1,0,0,0,0,0,0,0,0,0,0,0,0,0,0,0,0,,,,
57|48,0,0,0,0,0,0,0,0,0,0,0,0,0,0,0,0,,0|0#1|0#2|0#3|0#4|0#5|0#6|0#7|0#8|0#9|0#10|0#11|0#12|0,,
87|126,0,0,0,0,0,0,0,0,0,0,0,0,0,0,0,0,,,,
150|136,0,0,0,0,0,0,0,0,0,0,0,0,0,0,0,0,,,,
92|22,0,0,0,0,0,0,0,0,0,0,0,0,0,0,0,0,,,,
34|110,0,0,0,0,0,0,0,0,0,0,0,0,0,0,0,0,,,,
118|23,0,0,0,0,0,0,0,0,0,0,0,0,0,0,0,0,,,,
48|114,0,0,0,0,0,0,0,0,0,0,0,0,0,0,0,0,,,,
109|29,0,0,0,0,0,0,0,0,0,0,0,0,0,0,0,0,,,,
78|84,0,0,0,0,0,0,0,0,0,0,0,0,1,0,0,0,,,,
