27|7,0,0,0,0,0,0,0,0,0,0,0,0,0,0,0,0,,,,
39|115,0,0,0,0,0,0,0,0,0,0,0,0,0,0,0,0,,,,
103|96,32,2,114,10,7,9,5,11,7,0,32,6,12,0,3,0,0|0#1|0#2|0#3|0#4|0#5|0#6|0#7|0#8|0#9|0#10|0#11|0#12|0,0|0#1|0#2|0#3|0#4|0#5|0#6|0#7|0#8|0#9|0#10|0#11|0#12|0,0|0#1|0#2|0#3|0#4|0#5|0#6|0#7|0#8|0#9|0#10|0#11|0#12|0,0|0#1|0#2|0#3|0#4|0#5|0#6|0#7|0#8|0#9|0#10|0#11|0#12|0
97|36,0,0,0,0,0,0,0,0,0,0,0,0,0,0,0,0,0|0#1|0#2|0#3|0#4|0#5|0#6|0#7|0#8|0#9|0#10|0#11|0#12|0,0|0#1|0#2|0#3|0#4|0#5|0#6|0#7|0#8|0#9|0#10|0#11|0#12|0,0|0#1|0#2|0#3|0#4|0#5|0#6|0#7|0#8|0#9|0#10|0#11|0#12|0,0|0#1|0#2|0#3|0#4|0#5|0#6|0#7|0#8|0#9|0#10|0#11|0#12|0
77|110,0,0,0,0,0,0,0,0,0,0,0,0,0,0,0,0,,,,
149|17,0,0,0,0,0,0,0,0,0,0,0,0,0,0,0,0,,,,
12|124,0,0,0,0,0,0,0,0,0,0,0,0,0,0,0,0,,,,
112|90,0,0,0,0,0,0,0,0,0,0,0,0,0,0,0,0,,,,
78|127,0,0,0,0,0,0,0,0,0,0,0,0,0,0,0,0,,,,
110|65,0,0,1,0,0,0,0,0,0,0,0,18,0,0,0,0,0|0#1|0#2|0#3|0#4|1#5|1#6|0#7|1#8|0#9|0#10|0#11|0#12|0,0|0#1|0#2|0#3|0#4|0#5|0#6|0#7|0#8|0#9|0#10|0#11|0#12|0,0|0#1|0#2|0#3|0#4|2#5|0#6|0#7|2#8|0#9|0#10|0#11|0#12|0,0|0#1|0#2|0#3|0#4|0#5|0#6|0#7|0#8|0#9|0#10|0#11|0#12|0
99|61,127,50,158,2,42,68,17,30,14,44,66,125,49,15,0,0,0|0#1|0#2|0#3|4#4|4#5|4#6|4#7|4#8|4#9|4#10|4#11|4#12|0,0|0#1|0#2|0#3|4#4|4#5|4#6|4#7|4#8|4#9|4#10|4#11|4#12|0,0|0#1|0#2|0#3|4#4|4#5|4#6|4#7|4#8|4#9|4#10|4#11|4#12|0,0|0#1|0#2|0#3|4#4|4#5|4#6|4#7|4#8|4#9|4#10|4#11|4#12|0
25|111,0,0,0,0,0,0,0,0,0,0,0,0,0,0,0,0,,,,
64|123,0,0,0,0,0,0,0,0,0,0,0,0,0,0,0,0,,,,
11|68,0,0,0,0,0,0,0,0,0,0,0,0,0,0,0,0,,,,
4|138,0,0,0,0,0,0,0,0,0,0,0,0,0,0,0,0,,,,
26|128,0,0,0,0,0,0,0,0,0,0,0,0,0,0,0,0,,,,
51|136,0,0,0,0,0,0,0,0,0,0,0,0,0,0,0,0,,,,
140|120,0,0,0,0,0,0,0,0,0,0,0,0,0,0,0,0,,,,
78|25,0,0,0,0,0,0,0,0,0,0,0,0,0,0,0,0,,,,
102|125,0,0,0,0,0,0,0,0,0,0,0,0,0,0,0,0,,,,
115|112,0,0,0,0,0,0,0,0,0,0,0,0,0,0,0,0,,,,
129|116,26,22,230,5,4,7,9,10,7,3,39,18,25,0,0,0,,,,
30|79,0,0,0,0,0,0,0,0,0,0,0,0,0,0,0,0,,,,
59|14,0,0,0,0,0,0,0,0,0,0,0,0,0,0,0,0,,,,
116|129,0,0,0,0,0,0,0,0,0,0,0,0,0,0,0,0,,,,
20|62,0,0,0,0,0,0,0,0,0,0,0,0,0,0,0,0,,,,
3|121,0,0,0,0,0,0,0,0,0,0,0,0,0,0,0,0,,,,
13|93,0,0,0,0,0,0,0,0,0,0,0,0,0,0,0,0,,,,
53|5,0,0,0,0,0,0,0,0,0,0,0,0,0,0,0,0,,,,
141|137,0,1,0,0,0,0,1,0,2,0,0,0,3,0,0,0,,,,
112|0,0,0,0,0,0,0,0,0,0,0,0,0,0,0,0,0,,,,
