68|89,0,0,0,0,0,0,0,0,0,0,0,0,0,0,0,0,0|0#1|0#2|0#3|0#4|0#5|0#6|0#7|0#8|0#9|0#10|0#11|0#12|0,0|0#1|0#2|0#3|0#4|0#5|0#6|0#7|0#8|0#9|0#10|0#11|0#12|0,0|0#1|0#2|0#3|0#4|0#5|0#6|0#7|0#8|0#9|0#10|0#11|0#12|0,0|0#1|0#2|0#3|0#4|0#5|0#6|0#7|0#8|0#9|0#10|0#11|0#12|0
98|101,0,0,0,0,0,0,0,0,0,0,0,0,0,0,0,0,,,,
129|64,0,0,0,0,0,1,1,0,0,0,0,0,0,0,0,0,,,,
127|39,0,0,0,0,0,0,0,0,0,0,0,0,0,0,0,0,,,,
136|103,0,0,0,0,0,0,0,0,0,0,0,0,0,0,0,0,,,,
108|28,0,0,0,0,0,0,0,0,0,0,0,0,0,0,0,0,,,,
96|94,5,0,9,0,2,5,3,3,5,0,7,3,6,0,0,0,0|0#1|0#2|0#3|0#4|0#5|0#6|0#7|0#8|0#9|0#10|0#11|0#12|0,,,
71|110,0,0,0,0,0,0,0,0,0,0,0,0,0,0,0,0,,,,
46|30,0,0,0,0,0,0,0,0,0,0,0,0,0,0,0,0,,,,
18|25,0,0,0,0,0,0,0,0,0,0,0,0,0,0,0,0,,,,
39|61,0,0,0,0,0,0,0,0,0,0,0,0,0,0,0,0,,,,
5|20,0,0,0,0,0,0,0,0,0,0,0,0,0,0,0,0,,,,
148|75,0,0,0,0,0,0,0,0,0,0,0,0,0,0,0,0,,,,
58|72,0,0,0,0,0,0,0,0,0,0,0,0,0,0,0,0,,0|0#1|0#2|0#3|0#4|0#5|0#6|0#7|0#8|0#9|0#10|0#11|0#12|0,,0|0#1|0#2|0#3|0#4|0#5|0#6|0#7|0#8|0#9|0#10|0#11|0#12|0
84|52,86,21,57,6,18,6,4,11,5,2,50,14,1,0,0,0,0|0#1|0#2|0#3|3#4|2#5|2#6|2#7|2#8|2#9|2#10|2#11|2#12|0,0|0#1|0#2|0#3|2#4|2#5|2#6|2#7|1#8|1#9|1#10|2#11|2#12|0,0|0#1|0#2|0#3|3#4|2#5|2#6|2#7|2#8|2#9|2#10|2#11|2#12|0,0|0#1|0#2|0#3|2#4|2#5|2#6|1#7|0#8|0#9|1#10|2#11|1#12|0
72|127,0,4,0,0,0,0,1,7,1,0,3,0,2,0,0,0,,,,
47|119,0,0,0,0,0,0,0,0,0,0,0,0,0,0,0,0,,,,
63|16,0,0,0,0,0,0,0,0,0,0,0,0,0,0,0,0,,,,
94|69,4,6,8,2,3,1,1,6,10,3,1,15,5,2,0,0,0|0#1|0#2|0#3|4#4|3#5|2#6|2#7|2#8|2#9|2#10|2#11|2#12|0,0|0#1|0#2|0#3|3#4|2#5|2#6|0#7|0#8|0#9|2#10|1#11|0#12|0,0|0#1|0#2|0#3|4#4|2#5|2#6|2#7|2#8|2#9|2#10|2#11|2#12|0,0|0#1|0#2|0#3|3#4|2#5|0#6|1#7|0#8|0#9|2#10|0#11|0#12|0
82|27,0,0,0,0,0,0,0,0,0,0,0,0,0,0,0,0,,,,
110|129,0,0,0,0,0,0,0,0,0,0,0,0,0,0,0,0,,,,
85|114,0,0,0,0,0,0,0,0,0,0,0,0,0,0,0,0,,,,
123|116,0,0,0,0,0,0,0,0,0,0,0,0,0,0,0,0,,,,
56|47,2,2,6,0,4,1,1,0,3,0,2,0,0,0,1,0,0|0#1|0#2|0#3|0#4|0#5|0#6|0#7|0#8|0#9|0#10|0#11|0#12|0,,0|0#1|0#2|0#3|0#4|0#5|0#6|0#7|0#8|0#9|0#10|0#11|0#12|0,
75|58,0,0,0,0,0,0,0,1,0,0,0,0,0,0,0,0,,,,
99|118,3,0,0,0,0,5,0,0,7,0,0,0,0,0,0,0,,,,
77|83,0,0,0,0,0,0,0,0,1,0,0,0,0,0,0,0,0|0#1|0#2|0#3|0#4|0#5|0#6|0#7|0#8|0#9|0#10|0#11|0#12|0,,0|0#1|0#2|0#3|0#4|0#5|0#6|0#7|0#8|0#9|0#10|0#11|0#12|0,
46|102,0,0,0,0,0,0,0,0,1,0,0,0,0,0,0,0,,,,
117|22,0,0,0,0,0,0,0,0,0,0,0,0,0,0,0,0,,,,
8|68,0,0,0,0,0,0,0,0,0,0,0,0,0,0,0,0,,,,
49|78,0,0,0,0,0,0,0,0,0,0,0,0,0,0,0,0,,,,
91|21,0,0,0,0,0,0,0,0,0,0,0,0,0,0,0,0,,,,
20|128,0,0,0,0,0,0,0,0,0,0,0,0,0,0,0,0,,,,
72|10,0,0,0,0,0,0,0,0,0,0,0,0,0,0,0,0,,,,
37|36,1,0,0,0,0,0,0,0,0,0,0,0,0,0,0,0,,,,
56|2,0,0,0,0,0,0,0,0,0,0,0,1,0,0,0,0,,,,
65|41,0,0,0,0,0,0,0,0,0,0,0,2,0,0,0,0,,,,
33|115,0,0,0,0,0,0,0,0,0,0,0,0,0,0,0,0,,,,
82|0,0,0,0,0,0,0,0,0,0,0,0,0,0,0,0,0,,,,
136|33,0,0,0,0,0,0,0,0,0,0,0,0,0,0,0,0,,,,
