120|80,0,0,0,0,0,0,0,0,1,0,0,2,0,0,0,0,0|0#1|0#2|0#3|0#4|0#5|0#6|0#7|0#8|0#9|0#10|0#11|0#12|0,0|0#1|0#2|0#3|0#4|0#5|0#6|0#7|0#8|0#9|0#10|0#11|0#12|0,0|0#1|0#2|0#3|0#4|0#5|0#6|0#7|0#8|0#9|0#10|0#11|0#12|0,0|0#1|0#2|0#3|0#4|0#5|0#6|0#7|0#8|0#9|0#10|0#11|0#12|0
152|109,0,0,0,0,0,0,0,0,0,0,0,0,1,0,0,0,,,,
35|3,0,0,0,0,0,0,0,0,0,0,0,0,0,0,0,0,,,,
79|142,0,0,0,0,0,0,0,0,0,0,0,0,0,0,0,0,,,,
27|143,0,0,0,0,0,0,0,0,0,0,0,0,0,0,0,0,,,,
103|140,0,0,0,0,0,0,0,0,0,0,0,0,0,0,0,0,,,,
111|86,0,3,5,3,4,0,0,0,0,0,3,5,1,0,0,0,0|0#1|0#2|0#3|0#4|0#5|0#6|0#7|0#8|0#9|0#10|0#11|0#12|0,0|0#1|0#2|0#3|0#4|0#5|0#6|0#7|0#8|0#9|0#10|0#11|0#12|0,0|0#1|0#2|0#3|0#4|0#5|0#6|0#7|0#8|0#9|0#10|0#11|0#12|0,0|0#1|0#2|0#3|0#4|0#5|0#6|0#7|0#8|0#9|0#10|0#11|0#12|0
40|94,0,0,0,0,0,0,0,0,0,0,0,0,0,0,0,0,,,,
21|83,0,0,0,0,0,0,0,0,0,0,0,0,0,0,0,0,,,,
86|15,0,0,0,0,0,0,0,0,0,0,0,0,0,0,0,0,,,,
88|40,0,0,0,0,0,0,0,0,0,0,0,0,0,0,0,0,,,,
1|106,0,0,0,0,0,0,0,0,0,0,0,0,0,0,0,0,,,,
79|46,0,0,0,0,0,0,0,0,0,0,0,0,0,0,0,0,,,,
98|57,82,44,115,38,14,10,5,20,1,10,68,6,16,0,0,0,0|0#1|0#2|0#3|4#4|4#5|4#6|4#7|4#8|4#9|4#10|4#11|4#12|0,0|0#1|0#2|0#3|4#4|4#5|4#6|4#7|4#8|4#9|4#10|4#11|4#12|0,0|0#1|0#2|0#3|4#4|4#5|4#6|4#7|4#8|4#9|4#10|4#11|4#12|0,0|0#1|0#2|0#3|4#4|4#5|4#6|4#7|4#8|4#9|4#10|4#11|4#12|0
10|109,0,0,0,0,0,0,0,0,0,0,0,0,0,0,0,0,,,,
117|144,0,0,0,0,0,0,0,0,0,0,0,0,0,0,0,0,,,,
12|89,0,0,0,0,0,0,0,0,0,0,0,0,0,0,0,0,,,,
61|1,0,0,0,0,0,0,0,0,0,0,0,0,0,0,0,0,,,,
130|97,0,0,0,0,0,0,0,0,0,0,0,0,0,0,0,0,,,,
62|108,0,1,0,0,0,0,0,0,0,0,0,0,0,0,0,0,,,,
