82|33,0,0,0,0,0,0,0,0,0,0,0,0,0,0,0,0,0|0#1|0#2|0#3|0#4|0#5|0#6|0#7|0#8|0#9|1#10|0#11|0#12|0,0|0#1|0#2|0#3|0#4|0#5|0#6|0#7|0#8|0#9|0#10|0#11|0#12|0,0|0#1|0#2|0#3|0#4|0#5|0#6|0#7|0#8|0#9|0#10|0#11|0#12|0,0|0#1|0#2|0#3|0#4|0#5|0#6|0#7|0#8|0#9|0#10|0#11|0#12|0
18|31,0,0,0,0,0,1,0,0,1,0,0,0,0,0,1,0,,,,
54|28,0,0,0,0,0,0,0,0,0,0,0,0,0,0,0,0,,,,
49|84,0,0,0,0,0,0,0,1,1,0,0,0,1,0,0,0,,,,
123|122,0,0,0,0,0,0,0,0,0,0,0,0,0,0,0,0,,,,
99|124,0,0,0,0,0,0,0,0,0,0,0,0,0,0,0,0,,,,
44|11,0,0,0,0,0,0,0,0,0,0,0,0,0,0,0,0,,,,
38|8,0,0,0,0,0,0,0,0,0,0,0,0,0,0,0,0,,,,
148|81,0,0,0,0,0,1,0,0,1,0,0,1,0,0,0,0,,,,
20|134,0,0,0,0,0,0,0,0,0,0,0,0,0,0,0,0,,,,
68|95,0,0,0,0,0,0,0,0,0,0,0,1,0,0,0,0,0|0#1|0#2|0#3|0#4|0#5|0#6|0#7|0#8|0#9|0#10|0#11|0#12|0,,,
86|137,0,0,0,0,0,0,0,0,0,0,0,0,0,0,0,0,,,,
137|126,0,0,0,0,0,0,0,0,0,0,0,0,0,0,0,0,,,,
110|135,0,0,0,0,0,0,0,0,0,0,0,1,0,0,0,0,,,,
47|59,0,0,0,0,0,0,0,0,0,0,0,0,0,0,0,0,,,,
47|125,0,0,0,0,0,0,0,0,0,0,0,0,0,0,0,0,,,,
134|14,0,0,0,0,0,0,0,0,0,0,0,0,0,0,0,0,,,,
127|45,0,0,0,0,0,0,0,0,0,0,0,0,0,0,0,0,0|0#1|0#2|0#3|0#4|0#5|0#6|0#7|0#8|0#9|0#10|0#11|0#12|0,0|0#1|0#2|0#3|0#4|0#5|0#6|0#7|0#8|0#9|0#10|0#11|0#12|0,0|0#1|0#2|0#3|0#4|0#5|0#6|0#7|0#8|0#9|0#10|0#11|0#12|0,0|0#1|0#2|0#3|0#4|0#5|0#6|0#7|0#8|0#9|0#10|0#11|0#12|0
146|56,0,0,0,0,0,0,0,0,0,0,0,0,0,0,0,0,,0|0#1|0#2|0#3|0#4|0#5|0#6|0#7|0#8|0#9|0#10|0#11|0#12|0,0|0#1|0#2|0#3|0#4|0#5|0#6|0#7|0#8|0#9|0#10|0#11|0#12|0,0|0#1|0#2|0#3|0#4|0#5|0#6|0#7|0#8|0#9|0#10|0#11|0#12|0
124|139,0,0,0,0,0,0,0,0,0,0,0,0,4,0,0,0,,,,
28|48,0,0,0,0,0,0,0,0,0,0,0,0,0,0,0,0,,,,
108|34,0,0,0,0,0,0,0,0,0,0,0,0,0,0,0,0,,,,
37|42,0,0,0,0,0,0,0,0,0,0,0,0,0,0,0,0,,,,
33|121,0,0,0,0,0,0,0,0,0,0,0,0,0,0,0,0,,,,
123|1,0,0,0,0,0,0,0,0,0,0,0,0,0,0,0,0,,,,
64|6,0,0,0,0,0,0,0,0,0,0,0,0,0,0,0,0,,,,
34|138,0,0,0,0,0,0,0,0,0,0,0,0,0,0,0,0,,,,
35|17,0,0,0,0,0,0,0,0,0,0,0,0,0,0,0,0,,,,
63|22,0,0,0,2,0,0,0,0,1,0,0,0,1,0,0,0,,,,
6|49,0,0,0,0,0,0,0,0,0,0,0,0,0,0,0,0,,,,
56|53,0,0,0,0,0,0,0,0,0,0,0,0,0,0,0,0,0|0#1|0#2|0#3|0#4|0#5|0#6|0#7|0#8|0#9|0#10|0#11|0#12|0,,0|0#1|0#2|0#3|0#4|0#5|0#6|0#7|0#8|0#9|0#10|0#11|0#12|0,
8|74,0,0,0,0,0,0,0,0,0,0,0,0,0,0,0,0,,,,
73|39,1,0,1,0,0,0,0,1,0,0,0,9,2,0,0,0,,,,0|0#1|0#2|0#3|0#4|0#5|0#6|0#7|0#8|0#9|0#10|0#11|0#12|0
72|133,0,0,0,0,0,0,0,0,0,0,0,0,0,0,0,0,,,,
75|64,0,6,1,1,0,0,0,1,0,0,0,12,0,0,0,0,0|0#1|0#2|0#3|0#4|0#5|0#6|0#7|0#8|0#9|0#10|0#11|0#12|0,0|0#1|0#2|0#3|0#4|0#5|0#6|0#7|0#8|0#9|0#10|0#11|0#12|0,0|0#1|0#2|0#3|0#4|0#5|0#6|0#7|0#8|0#9|0#10|0#11|0#12|0,0|0#1|0#2|0#3|0#4|0#5|0#6|0#7|0#8|0#9|0#10|0#11|0#12|0
94|75,119,29,300,18,8,29,10,43,11,1,87,10,17,0,0,0,0|0#1|0#2|0#3|3#4|2#5|0#6|1#7|0#8|1#9|1#10|2#11|2#12|0,0|0#1|0#2|0#3|2#4|2#5|0#6|2#7|1#8|0#9|1#10|0#11|0#12|0,0|0#1|0#2|0#3|3#4|1#5|0#6|1#7|0#8|0#9|2#10|1#11|2#12|0,0|0#1|0#2|0#3|2#4|0#5|1#6|1#7|0#8|0#9|0#10|0#11|0#12|0
85|120,0,0,0,0,0,0,0,1,0,0,0,0,0,0,0,0,,,,
90|4,0,0,0,0,0,0,0,0,0,0,0,0,0,0,0,0,,,,
129|70,0,0,0,0,0,0,0,0,0,0,0,0,0,0,0,0,,,,
139|87,0,0,0,0,0,0,0,0,0,0,0,0,0,0,0,0,,,,
