114|8,0,0,0,0,0,0,0,0,0,0,0,0,0,0,0,0,,,,
60|92,1,0,0,0,0,0,0,0,0,0,0,3,0,0,0,0,,,,
29|141,0,0,0,0,0,0,0,0,0,0,0,0,0,0,0,0,,,,
12|107,0,0,0,0,0,0,0,0,0,0,0,0,0,0,0,0,,,,
20|45,0,0,0,0,0,0,0,0,0,0,0,0,0,0,0,0,,,,
51|98,0,1,0,0,0,0,0,0,0,0,0,0,0,0,0,0,,,,
140|103,0,0,0,0,0,0,0,0,0,0,0,0,0,0,0,0,,,,
22|70,0,0,0,0,0,0,0,0,0,0,0,0,0,0,0,0,,,,
10|1,0,0,0,0,0,0,0,0,0,0,0,0,0,0,0,0,,,,
103|79,0,0,1,0,0,0,0,0,0,0,0,0,0,0,0,0,0|0#1|0#2|0#3|0#4|0#5|0#6|0#7|0#8|0#9|0#10|0#11|0#12|0,0|0#1|0#2|0#3|0#4|0#5|0#6|0#7|0#8|0#9|0#10|0#11|0#12|0,0|0#1|0#2|0#3|0#4|0#5|0#6|0#7|0#8|0#9|0#10|0#11|0#12|0,0|0#1|0#2|0#3|0#4|0#5|0#6|0#7|0#8|0#9|0#10|0#11|0#12|0
140|6,0,0,0,0,0,0,0,0,0,0,0,0,0,0,0,0,,,,
51|119,0,0,0,0,0,0,0,0,0,0,0,0,0,0,0,0,,,,
3|104,0,0,0,0,0,0,0,0,0,0,0,0,0,0,0,0,,,,
50|102,0,0,0,0,0,0,0,0,0,0,0,0,0,0,0,0,,,,
131|84,30,16,37,3,10,1,5,5,16,1,18,21,4,0,0,0,0|0#1|0#2|0#3|0#4|0#5|0#6|1#7|0#8|0#9|0#10|0#11|0#12|0,0|0#1|0#2|0#3|0#4|0#5|0#6|0#7|0#8|0#9|0#10|0#11|0#12|0,0|0#1|0#2|0#3|0#4|0#5|0#6|1#7|0#8|0#9|0#10|0#11|0#12|0,0|0#1|0#2|0#3|0#4|0#5|0#6|0#7|0#8|0#9|0#10|0#11|0#12|0
110|48,0,0,0,0,0,0,0,0,0,0,0,0,0,0,0,0,0|0#1|0#2|0#3|0#4|0#5|0#6|0#7|0#8|0#9|0#10|0#11|0#12|0,,0|0#1|0#2|0#3|0#4|0#5|0#6|0#7|0#8|0#9|0#10|0#11|0#12|0,0|0#1|0#2|0#3|0#4|0#5|0#6|0#7|0#8|0#9|0#10|0#11|0#12|0
0|71,0,0,0,0,0,0,0,0,0,0,0,0,0,0,0,0,,,,
32|87,0,0,0,0,0,0,0,0,0,0,0,0,0,0,0,0,,,,
119|142,0,0,0,0,0,2,0,0,0,0,0,0,0,0,0,0,,,,
41|81,0,0,0,0,0,0,0,2,0,0,0,0,0,0,0,0,,,,
64|106,0,0,0,0,0,0,0,0,0,0,0,0,0,0,0,0,,,,
150|95,0,0,0,0,1,0,1,0,4,0,0,0,0,0,0,0,,,,
97|19,0,0,0,0,0,0,0,0,0,0,0,0,0,0,0,0,,,,
99|44,12,13,2,8,4,0,2,6,1,3,6,3,8,2,0,0,0|0#1|0#2|0#3|2#4|2#5|4#6|4#7|4#8|3#9|3#10|3#11|2#12|0,0|0#1|0#2|0#3|2#4|2#5|3#6|2#7|2#8|2#9|2#10|0#11|1#12|0,0|0#1|0#2|0#3|2#4|3#5|4#6|4#7|4#8|3#9|3#10|2#11|2#12|0,0|0#1|0#2|0#3|2#4|3#5|3#6|2#7|2#8|2#9|1#10|0#11|1#12|0
102|108,0,0,0,0,0,0,0,0,0,0,0,0,0,0,0,0,,,,
100|31,0,0,0,0,0,0,0,0,0,0,0,0,0,0,0,0,,,,
13|76,0,0,0,0,0,0,0,0,0,0,0,0,0,0,0,0,,,,
112|73,0,1,0,0,0,0,0,0,0,0,0,0,1,0,0,0,0|0#1|0#2|0#3|2#4|1#5|1#6|0#7|1#8|0#9|0#10|1#11|0#12|0,0|0#1|0#2|0#3|1#4|0#5|0#6|0#7|0#8|0#9|0#10|0#11|0#12|0,0|0#1|0#2|0#3|2#4|0#5|0#6|0#7|0#8|0#9|1#10|0#11|0#12|0,0|0#1|0#2|0#3|1#4|0#5|0#6|0#7|0#8|0#9|0#10|0#11|0#12|0
