48|7,0,0,0,0,0,0,0,0,0,0,0,0,0,0,0,0,,,,
48|58,0,0,0,0,0,0,0,0,0,0,0,0,0,0,0,0,,,,
9|73,0,0,0,0,0,0,0,0,0,0,0,0,0,0,0,0,,,,
76|63,36,7,31,8,1,1,2,13,0,0,7,16,2,0,0,0,0|0#1|0#2|0#3|0#4|0#5|0#6|0#7|0#8|0#9|0#10|0#11|0#12|0,0|0#1|0#2|0#3|0#4|0#5|0#6|0#7|0#8|0#9|0#10|0#11|0#12|0,0|0#1|0#2|0#3|0#4|0#5|0#6|0#7|0#8|0#9|0#10|0#11|0#12|0,0|0#1|0#2|0#3|0#4|0#5|0#6|0#7|0#8|0#9|0#10|0#11|0#12|0
49|135,0,0,0,0,0,0,0,0,0,0,0,0,0,0,0,0,,,,
139|136,0,0,0,0,0,0,0,4,0,0,0,0,0,0,0,0,,,,
83|32,0,0,0,0,0,0,1,0,0,0,0,1,0,0,0,0,,0|0#1|0#2|0#3|0#4|0#5|0#6|0#7|0#8|0#9|0#10|0#11|0#12|0,0|0#1|0#2|0#3|0#4|0#5|0#6|0#7|0#8|0#9|0#10|0#11|0#12|0,
74|38,0,0,1,0,0,0,0,0,1,0,0,12,0,0,0,0,,,,
29|47,0,0,0,0,0,0,0,0,0,0,0,0,0,0,0,0,,,,
7|48,0,0,0,0,0,0,0,0,0,0,0,0,0,0,0,0,,,,
87|130,0,0,0,0,0,0,0,0,0,0,0,0,0,0,0,0,,,,
55|27,0,0,0,0,0,0,0,0,0,0,0,0,0,0,0,0,,,0|0#1|0#2|0#3|0#4|0#5|0#6|0#7|0#8|0#9|0#10|0#11|0#12|0,
22|144,0,0,0,0,0,0,0,0,0,0,0,0,0,0,0,0,,,,
64|21,0,0,0,0,0,0,0,0,0,0,0,0,0,0,0,0,,,,
95|74,7,3,15,2,1,1,2,5,2,1,6,3,3,0,0,0,0|0#1|0#2|0#3|2#4|1#5|0#6|0#7|0#8|1#9|1#10|1#11|2#12|0,0|0#1|0#2|0#3|1#4|0#5|0#6|0#7|0#8|0#9|0#10|0#11|0#12|0,0|0#1|0#2|0#3|2#4|0#5|0#6|0#7|0#8|1#9|1#10|1#11|2#12|0,0|0#1|0#2|0#3|1#4|0#5|0#6|0#7|0#8|0#9|0#10|0#11|0#12|0
67|69,0,0,0,0,0,0,0,0,0,0,0,0,0,0,0,0,,,,
57|52,0,0,0,0,0,0,0,0,0,0,0,0,0,0,0,0,,,,
74|5,0,0,0,0,1,2,0,0,0,0,0,1,0,0,0,0,,,,
36|16,0,1,0,0,0,1,0,0,1,0,0,0,0,0,0,0,,,,
7|6,0,0,0,0,0,0,0,0,0,0,0,0,0,0,0,0,,,,
69|94,0,0,0,0,0,0,0,0,0,0,0,0,0,0,0,0,,,,
135|13,0,0,0,0,0,0,0,0,0,0,0,0,0,0,0,0,,,,
38|41,0,0,0,0,0,0,0,0,0,0,0,0,0,0,0,0,0|0#1|0#2|0#3|0#4|0#5|0#6|0#7|0#8|0#9|0#10|0#11|0#12|0,,0|0#1|0#2|0#3|0#4|0#5|0#6|0#7|0#8|0#9|0#10|0#11|0#12|0,
126|19,0,0,0,0,0,0,0,0,0,0,0,0,0,0,0,0,,,,
35|131,0,0,0,0,0,0,0,0,0,0,0,0,0,0,0,0,,,,
125|132,0,0,0,0,0,0,0,0,0,0,0,0,0,0,0,0,,,,
149|80,0,0,0,0,0,0,0,0,0,0,0,0,0,0,0,0,0|0#1|0#2|0#3|0#4|0#5|0#6|0#7|0#8|0#9|0#10|0#11|0#12|0,0|0#1|0#2|0#3|0#4|0#5|0#6|0#7|0#8|0#9|0#10|0#11|0#12|0,0|0#1|0#2|0#3|0#4|0#5|0#6|0#7|0#8|0#9|0#10|0#11|0#12|0,
147|55,0,0,0,0,0,0,0,0,0,0,0,0,0,0,0,0,,,,
112|145,0,0,0,0,0,0,0,0,0,0,0,0,0,0,0,0,,,,
74|143,0,0,0,0,0,0,0,0,0,0,0,0,0,0,0,0,,,,
93|49,0,0,0,1,0,0,0,0,0,0,0,0,1,0,0,0,0|0#1|0#2|0#3|2#4|2#5|2#6|1#7|1#8|1#9|2#10|2#11|2#12|0,0|0#1|0#2|0#3|2#4|2#5|1#6|1#7|1#8|1#9|1#10|0#11|0#12|0,0|0#1|0#2|0#3|2#4|2#5|2#6|1#7|1#8|1#9|2#10|2#11|2#12|0,0|0#1|0#2|0#3|2#4|2#5|1#6|1#7|1#8|1#9|0#10|0#11|0#12|0
109|33,7,2,19,1,2,3,2,3,11,0,10,2,1,0,0,0,,,,
133|0,0,0,0,0,0,0,0,0,0,0,0,0,0,0,0,0,,,,
150|140,0,0,0,0,0,0,0,0,0,0,0,0,0,0,0,0,,,,
128|44,0,0,0,0,0,0,0,0,0,0,0,0,0,0,0,0,0|0#1|0#2|0#3|0#4|0#5|0#6|0#7|0#8|0#9|0#10|0#11|0#12|0,0|0#1|0#2|0#3|0#4|0#5|0#6|0#7|0#8|0#9|0#10|0#11|0#12|0,0|0#1|0#2|0#3|0#4|0#5|0#6|0#7|0#8|0#9|0#10|0#11|0#12|0,0|0#1|0#2|0#3|0#4|0#5|0#6|0#7|0#8|0#9|0#10|0#11|0#12|0
19|30,0,0,0,0,0,0,0,0,0,0,0,0,0,0,0,0,,,,
88|147,0,0,0,0,0,0,0,0,0,0,0,0,0,0,0,0,,,,
107|2,0,0,0,0,0,0,0,0,0,0,0,0,0,0,0,0,,,,
45|10,94,7,26,3,5,10,3,8,7,0,13,9,21,0,1,0,,,,
