27|94,0,0,0,0,0,0,0,0,0,0,0,0,0,0,0,0,,,,
80|125,0,0,0,0,0,0,0,0,0,0,0,0,0,0,0,0,,,,
55|117,0,0,0,0,0,0,0,0,0,0,0,0,0,0,0,0,,,,
16|105,0,1,0,0,0,0,0,1,1,0,0,0,0,0,0,0,,,,
94|129,0,0,0,0,0,0,0,0,0,0,0,0,0,0,0,0,,,,
32|38,0,0,0,0,0,0,0,0,0,0,0,0,0,0,0,0,,,,
0|22,0,0,0,0,0,0,0,0,0,0,0,0,0,0,0,0,,,,
25|69,0,0,0,0,0,0,0,0,0,0,0,0,0,0,0,0,,,,
107|80,114,30,176,51,13,18,7,13,12,4,81,26,11,0,0,0,0|0#1|0#2|0#3|1#4|0#5|0#6|1#7|0#8|0#9|0#10|0#11|1#12|0,0|0#1|0#2|0#3|0#4|0#5|0#6|0#7|0#8|0#9|0#10|0#11|0#12|0,0|0#1|0#2|0#3|1#4|0#5|0#6|1#7|0#8|0#9|0#10|1#11|1#12|0,0|0#1|0#2|0#3|0#4|0#5|0#6|0#7|0#8|0#9|0#10|0#11|0#12|0
53|74,0,0,0,0,0,0,0,0,0,0,0,0,0,0,0,0,,,,
34|63,0,0,0,0,0,0,0,0,0,0,0,0,0,0,0,0,,,,
136|9,0,0,0,0,0,0,0,0,0,0,0,0,0,0,0,0,,,,
131|35,0,0,0,0,0,0,0,0,0,0,0,0,0,0,0,0,,,,
91|96,0,0,0,0,0,0,0,0,0,0,0,0,0,0,0,0,0|0#1|0#2|0#3|0#4|0#5|0#6|0#7|0#8|0#9|0#10|0#11|0#12|0,,0|0#1|0#2|0#3|0#4|0#5|0#6|0#7|0#8|0#9|0#10|0#11|0#12|0,
41|32,1,0,1,0,0,0,0,1,0,0,2,0,1,0,0,0,0|0#1|0#2|0#3|0#4|0#5|0#6|0#7|0#8|0#9|0#10|0#11|0#12|0,,0|0#1|0#2|0#3|0#4|0#5|0#6|0#7|0#8|0#9|0#10|0#11|0#12|0,
117|97,1,0,1,1,0,1,0,1,0,0,0,5,2,0,0,0,0|0#1|0#2|0#3|0#4|0#5|0#6|0#7|0#8|0#9|0#10|0#11|0#12|0,,0|0#1|0#2|0#3|0#4|0#5|0#6|0#7|0#8|0#9|0#10|0#11|0#12|0,
51|49,0,0,0,0,0,0,0,0,0,0,0,0,0,0,0,0,,,,
5|95,0,0,0,0,0,0,0,0,0,0,0,0,0,0,0,0,,,,
126|91,0,0,0,0,0,0,0,0,0,0,0,0,0,0,0,0,0|0#1|0#2|0#3|0#4|0#5|0#6|0#7|0#8|0#9|0#10|0#11|0#12|0,,,
150|46,0,0,0,0,0,0,0,0,0,0,0,0,0,0,0,0,,,,
32|2,0,0,0,0,0,0,0,0,0,0,0,0,0,0,0,0,,,,
22|21,0,0,0,0,0,0,0,0,0,0,0,0,0,0,0,0,0|0#1|0#2|0#3|0#4|0#5|0#6|0#7|0#8|0#9|0#10|0#11|0#12|0,,0|0#1|0#2|0#3|0#4|0#5|0#6|0#7|0#8|0#9|0#10|0#11|0#12|0,
54|100,0,0,1,0,0,0,0,0,0,0,1,1,2,0,0,0,0|0#1|0#2|0#3|0#4|0#5|0#6|0#7|0#8|0#9|0#10|0#11|0#12|0,0|0#1|0#2|0#3|0#4|0#5|0#6|0#7|0#8|0#9|0#10|0#11|0#12|0,0|0#1|0#2|0#3|0#4|0#5|0#6|0#7|0#8|0#9|0#10|0#11|0#12|0,0|0#1|0#2|0#3|0#4|0#5|0#6|0#7|0#8|0#9|0#10|0#11|0#12|0
60|43,0,0,0,0,0,0,0,0,0,0,0,0,0,0,0,0,,,,
93|112,0,0,0,0,0,0,0,0,0,0,0,0,0,0,0,0,,,,
8|119,0,0,0,0,0,0,0,0,0,0,0,0,0,0,0,0,,,,
41|113,0,0,0,0,0,0,0,0,0,0,0,0,0,0,0,0,,,,
131|114,174,49,245,4,19,16,13,39,14,10,152,50,41,2,0,0,,,,
152|71,0,0,0,0,0,0,0,0,0,0,0,0,0,0,0,0,,,,
68|104,0,0,0,0,0,0,0,0,0,0,0,0,0,0,0,0,,,,
133|60,0,0,0,0,0,0,0,0,0,0,0,0,0,0,0,0,,,0|0#1|0#2|0#3|0#4|0#5|0#6|0#7|0#8|0#9|0#10|0#11|0#12|0,0|0#1|0#2|0#3|0#4|0#5|0#6|0#7|0#8|0#9|0#10|0#11|0#12|0
143|77,0,0,0,0,0,0,0,0,0,0,0,0,0,0,0,0,,,,
124|66,0,0,0,0,0,0,0,0,0,0,0,0,0,0,0,0,,,,
15|52,0,0,0,0,0,0,0,0,0,0,0,0,0,0,0,0,,,,
72|85,0,0,0,0,0,0,0,0,0,0,0,1,1,0,0,0,0|0#1|0#2|0#3|0#4|0#5|0#6|0#7|0#8|0#9|0#10|0#11|0#12|0,0|0#1|0#2|0#3|0#4|0#5|0#6|0#7|0#8|0#9|0#10|0#11|0#12|0,0|0#1|0#2|0#3|0#4|0#5|0#6|0#7|0#8|0#9|0#10|0#11|0#12|0,0|0#1|0#2|0#3|0#4|0#5|0#6|0#7|0#8|0#9|0#10|0#11|0#12|0
13|27,0,0,0,0,0,0,0,0,0,0,0,0,0,0,0,0,,,,
144|101,0,0,0,0,0,0,0,0,1,0,0,0,0,0,0,0,0|0#1|0#2|0#3|0#4|0#5|0#6|0#7|0#8|0#9|0#10|0#11|0#12|0,,0|0#1|0#2|0#3|0#4|0#5|0#6|0#7|0#8|0#9|0#10|0#11|0#12|0,
7|102,0,0,0,0,0,0,0,0,0,0,0,0,0,0,0,0,,,,
145|118,0,0,0,0,0,0,0,0,0,0,0,0,0,0,0,0,,,,
106|106,0,0,0,0,0,0,0,0,0,0,0,0,0,0,0,0,,,,
112|24,0,0,0,0,0,0,0,0,0,0,0,0,0,0,0,0,,,,
105|55,7,1,1,1,0,3,0,34,2,0,3,6,6,0,0,0,0|0#1|0#2|0#3|4#4|4#5|4#6|4#7|4#8|4#9|4#10|4#11|4#12|0,0|0#1|0#2|0#3|4#4|4#5|4#6|4#7|4#8|4#9|4#10|4#11|4#12|0,0|0#1|0#2|0#3|4#4|4#5|4#6|4#7|4#8|4#9|4#10|4#11|4#12|0,0|0#1|0#2|0#3|4#4|4#5|4#6|4#7|4#8|4#9|4#10|4#11|4#12|0
