37|107,0,0,0,0,0,0,0,0,0,0,0,0,0,0,0,0,,,,
98|64,409,103,575,4,59,81,65,67,97,114,314,295,83,15,0,0,0|0#1|0#2|0#3|4#4|4#5|4#6|4#7|4#8|4#9|4#10|4#11|4#12|0,0|0#1|0#2|0#3|4#4|4#5|4#6|4#7|4#8|4#9|4#10|4#11|4#12|0,0|0#1|0#2|0#3|4#4|4#5|4#6|4#7|4#8|4#9|4#10|4#11|4#12|0,0|0#1|0#2|0#3|4#4|4#5|4#6|4#7|4#8|4#9|4#10|4#11|4#12|0
102|99,0,0,0,0,0,0,0,0,0,0,0,0,0,0,0,0,,,,
100|117,0,0,0,0,0,0,0,0,0,0,0,0,0,0,0,0,,,,
62|115,1,2,1,0,1,0,0,10,1,1,1,0,1,0,0,0,,,,
102|3,0,0,0,0,0,0,0,0,0,0,0,0,0,0,0,0,,,,
23|103,0,0,0,0,0,0,0,0,0,0,0,0,0,0,0,0,,,,
58|17,2,0,0,0,0,0,0,0,0,0,0,0,6,0,0,0,,,,
127|108,0,0,0,0,0,1,0,0,0,0,0,5,0,0,0,0,,,,
77|28,0,0,0,0,0,2,0,0,0,0,0,1,0,0,0,0,0|0#1|0#2|0#3|0#4|0#5|0#6|0#7|0#8|1#9|1#10|1#11|0#12|0,0|0#1|0#2|0#3|0#4|0#5|0#6|0#7|0#8|0#9|0#10|0#11|0#12|0,0|0#1|0#2|0#3|0#4|0#5|0#6|0#7|0#8|0#9|0#10|0#11|0#12|0,0|0#1|0#2|0#3|0#4|0#5|0#6|0#7|0#8|0#9|0#10|0#11|0#12|0
96|39,0,1,0,0,0,0,0,0,0,0,0,0,0,0,0,0,0|0#1|0#2|0#3|0#4|0#5|1#6|0#7|0#8|0#9|0#10|0#11|0#12|0,0|0#1|0#2|0#3|0#4|0#5|0#6|0#7|0#8|0#9|0#10|0#11|0#12|0,0|0#1|0#2|0#3|0#4|0#5|0#6|0#7|0#8|0#9|0#10|0#11|0#12|0,0|0#1|0#2|0#3|0#4|0#5|0#6|0#7|0#8|0#9|0#10|0#11|0#12|0
1|113,0,0,0,0,0,0,0,0,0,0,0,0,0,0,0,0,,,,
21|90,0,0,0,0,0,0,0,0,0,0,0,0,0,0,0,0,,,,
76|119,7,4,94,0,3,1,6,2,2,0,8,0,14,0,0,0,,,,
67|11,0,0,0,0,0,0,0,0,0,0,0,0,0,0,0,0,,,,
113|104,0,0,0,0,0,0,0,0,0,0,0,0,0,0,0,0,,,,
89|106,0,0,0,0,0,0,0,0,0,0,0,0,0,0,0,0,,,,
2|7,0,0,0,0,0,0,0,0,0,0,0,0,0,0,0,0,,,,
152|116,0,0,0,0,0,0,0,0,0,0,0,0,0,0,0,0,,,,
10|116,0,0,0,0,0,0,0,0,0,0,0,0,0,0,0,0,,,,
86|22,0,0,0,0,0,0,0,0,0,0,0,0,0,0,0,0,,,0|0#1|0#2|0#3|0#4|0#5|0#6|0#7|0#8|0#9|0#10|0#11|0#12|0,
75|102,0,0,0,0,0,0,0,0,0,0,0,0,0,0,0,0,,,,
79|53,1,0,0,0,0,0,1,1,0,0,0,0,0,0,0,0,0|0#1|0#2|0#3|0#4|0#5|0#6|0#7|0#8|0#9|0#10|0#11|0#12|0,,0|0#1|0#2|0#3|0#4|0#5|0#6|0#7|0#8|0#9|0#10|0#11|0#12|0,0|0#1|0#2|0#3|0#4|0#5|0#6|0#7|0#8|0#9|0#10|0#11|0#12|0
12|96,0,0,0,0,0,0,0,0,0,0,0,0,0,0,0,0,,,,
111|93,3,0,3,0,1,0,0,0,1,0,1,6,1,0,0,0,,,,
43|8,0,0,0,0,0,0,0,0,0,0,0,0,0,0,0,0,,,,
