6|13,0,0,0,0,0,0,0,0,0,0,0,0,0,0,0,0,,,,
31|6,0,0,0,0,0,0,0,0,0,0,0,0,0,0,0,0,,,,
139|51,0,0,0,0,0,0,0,0,0,0,0,0,0,0,0,0,,,,
92|14,0,0,0,0,0,0,0,0,0,0,0,0,0,0,0,0,,,,
111|116,1,1,0,0,0,1,2,8,4,0,0,3,1,0,0,0,,,,
47|23,0,2,0,0,0,0,0,0,0,0,0,0,0,0,0,0,,,,
86|101,0,0,1,0,0,0,1,0,1,0,0,0,0,0,0,0,,,,
28|12,0,0,0,0,0,0,0,0,0,0,0,0,0,0,0,0,,,,
118|15,0,0,0,0,0,0,0,0,0,0,0,0,0,0,0,0,,,,
149|68,0,0,0,0,0,0,0,0,0,0,0,3,0,0,0,0,0|0#1|0#2|0#3|0#4|0#5|0#6|0#7|0#8|0#9|0#10|0#11|0#12|0,,0|0#1|0#2|0#3|0#4|0#5|0#6|0#7|0#8|0#9|0#10|0#11|0#12|0,
137|26,0,0,0,0,0,0,0,0,0,0,0,0,0,0,0,0,,,,
87|70,0,0,0,0,0,0,0,1,0,0,0,0,1,0,0,0,0|0#1|0#2|0#3|1#4|2#5|2#6|2#7|2#8|2#9|1#10|2#11|1#12|0,0|0#1|0#2|0#3|0#4|0#5|0#6|1#7|0#8|0#9|0#10|0#11|0#12|0,0|0#1|0#2|0#3|2#4|2#5|2#6|2#7|2#8|2#9|1#10|1#11|2#12|0,0|0#1|0#2|0#3|0#4|0#5|2#6|1#7|1#8|0#9|0#10|0#11|0#12|0
60|127,0,0,0,0,0,0,0,0,0,0,0,0,0,0,0,0,,,,
138|107,0,0,0,0,0,0,0,0,2,0,0,0,0,0,0,0,,,,
48|106,0,0,0,0,0,0,0,0,0,0,0,0,0,0,0,0,,,,
19|18,0,1,0,0,0,0,0,1,0,0,0,1,0,0,0,0,,,,
38|29,0,0,0,0,0,0,0,0,0,0,0,0,0,0,0,0,,,,
85|45,0,0,0,0,0,0,0,0,0,0,0,0,0,0,0,0,0|0#1|0#2|0#3|0#4|0#5|0#6|0#7|0#8|0#9|0#10|0#11|0#12|0,,0|0#1|0#2|0#3|0#4|0#5|0#6|0#7|0#8|0#9|0#10|0#11|0#12|0,0|0#1|0#2|0#3|0#4|0#5|0#6|0#7|0#8|0#9|0#10|0#11|0#12|0
66|34,0,0,0,0,0,0,0,0,0,0,0,0,0,0,0,0,,,,
34|102,0,0,0,0,0,0,0,0,0,0,0,0,0,0,0,0,,,,
146|20,0,0,0,0,0,0,0,0,0,0,0,0,0,0,0,0,,,,
87|118,0,0,0,0,0,0,0,0,0,0,0,0,0,0,0,0,,,,
73|114,0,0,0,0,0,0,0,0,0,0,0,0,0,0,0,0,,,,
21|115,0,0,0,0,0,0,0,0,0,0,0,0,0,0,0,0,,,,
78|76,3,8,8,1,0,4,0,1,1,1,1,1,1,0,0,0,,0|0#1|0#2|0#3|0#4|0#5|0#6|0#7|0#8|0#9|0#10|0#11|0#12|0,,0|0#1|0#2|0#3|0#4|0#5|0#6|0#7|0#8|0#9|0#10|0#11|0#12|0
59|65,0,0,0,0,0,0,0,0,0,0,0,0,0,0,0,0,0|0#1|0#2|0#3|0#4|0#5|0#6|0#7|0#8|0#9|0#10|0#11|0#12|0,0|0#1|0#2|0#3|0#4|0#5|0#6|0#7|0#8|0#9|0#10|0#11|0#12|0,0|0#1|0#2|0#3|0#4|0#5|0#6|0#7|0#8|0#9|0#10|0#11|0#12|0,0|0#1|0#2|0#3|0#4|0#5|0#6|0#7|0#8|0#9|0#10|0#11|0#12|0
35|119,0,0,0,0,0,0,0,0,0,0,0,0,0,0,0,0,,,,
124|103,0,0,0,0,0,1,0,0,1,0,0,2,0,0,0,0,,,,
150|128,0,0,0,0,0,0,0,0,0,0,0,0,0,0,0,0,,,,
97|87,0,1,0,0,0,0,1,0,1,0,0,2,0,0,0,0,,,,
