9|49,0,0,0,0,0,0,0,0,0,0,0,0,0,0,0,0,,,,
21|103,0,0,0,0,0,0,0,0,0,0,0,0,0,0,0,0,,,,
125|108,0,0,0,0,0,0,0,0,0,0,0,9,0,0,0,0,,,,
38|17,0,0,0,0,0,0,0,0,0,0,0,0,0,0,0,0,,,,
60|115,0,0,0,0,0,0,0,0,0,0,0,0,0,0,0,0,,,,
150|116,0,0,0,0,0,0,0,0,0,0,0,0,0,0,0,0,,,,
74|119,0,1,0,0,0,0,0,0,0,0,0,1,1,0,0,0,,,,
76|39,0,0,0,0,0,0,0,0,0,0,0,0,0,0,0,0,,,,
149|56,0,0,1,0,0,2,0,0,0,0,1,0,0,0,0,0,,,,
87|106,0,0,0,0,0,0,0,0,0,0,0,0,0,0,0,0,,,,
68|8,0,0,0,0,0,0,0,0,0,0,0,0,0,0,0,0,,,,
94|6,0,0,0,0,0,0,0,0,0,0,0,0,0,0,0,0,,,,
137|14,0,0,0,0,0,0,0,0,0,0,0,0,0,0,0,0,,,,
66|22,0,0,0,0,0,0,0,0,0,0,0,0,0,0,0,0,,,,
85|33,0,0,0,0,0,0,0,0,0,0,0,1,0,0,0,0,,,,
97|75,5,4,18,3,0,7,3,6,2,0,3,4,2,0,0,0,0|0#1|0#2|0#3|4#4|2#5|2#6|2#7|2#8|2#9|2#10|2#11|2#12|0,0|0#1|0#2|0#3|2#4|2#5|2#6|1#7|2#8|2#9|2#10|2#11|2#12|0,0|0#1|0#2|0#3|3#4|2#5|2#6|2#7|2#8|2#9|2#10|3#11|3#12|0,0|0#1|0#2|0#3|2#4|2#5|2#6|2#7|2#8|1#9|2#10|2#11|2#12|0
47|11,96,48,245,17,14,8,12,17,14,3,44,36,70,0,1,0,,,,
57|28,0,0,0,0,0,0,0,0,0,0,0,0,0,0,0,0,,,,
59|53,0,0,0,0,0,0,0,0,0,0,0,0,0,0,0,0,,,,
73|102,0,0,0,0,0,0,0,0,0,0,0,0,0,0,0,0,,,,
127|3,0,0,0,0,0,0,0,0,0,0,0,0,0,0,0,0,,,,
111|104,0,0,0,0,0,0,0,0,0,0,0,0,0,0,0,0,0|0#1|0#2|0#3|0#4|0#5|0#6|0#7|0#8|0#9|0#10|0#11|0#12|0,,,
35|107,0,0,0,0,0,0,0,0,0,0,0,0,0,0,0,0,,,,
78|64,1,0,0,5,0,0,0,7,4,0,0,14,1,1,0,0,0|0#1|0#2|0#3|0#4|0#5|0#6|0#7|0#8|0#9|0#10|0#11|0#12|0,0|0#1|0#2|0#3|0#4|0#5|0#6|0#7|0#8|0#9|0#10|0#11|0#12|0,0|0#1|0#2|0#3|0#4|0#5|0#6|0#7|0#8|0#9|0#10|0#11|0#12|0,0|0#1|0#2|0#3|0#4|0#5|0#6|0#7|0#8|0#9|0#10|0#11|0#12|0
