50|147,0,0,0,0,0,0,0,0,0,0,0,0,0,0,0,0,,,,
51|8,0,0,0,0,0,0,0,0,0,0,0,0,0,0,0,0,,,,
114|123,0,0,0,0,0,0,0,0,0,0,0,0,0,0,0,0,,,,
128|127,0,0,0,0,0,0,0,0,0,0,0,0,0,0,0,0,,,,
8|15,0,0,0,0,0,0,0,0,0,0,0,0,0,0,0,0,,,,
101|136,0,0,0,0,0,0,0,0,0,0,0,0,0,0,0,0,,,,
139|28,0,0,0,0,0,0,0,0,0,0,0,0,0,0,0,0,,,,
77|30,0,0,0,0,0,0,1,1,3,0,0,1,0,0,0,0,0|0#1|0#2|0#3|0#4|0#5|0#6|0#7|0#8|0#9|0#10|0#11|0#12|0,0|0#1|0#2|0#3|0#4|0#5|0#6|0#7|0#8|0#9|0#10|0#11|0#12|0,0|0#1|0#2|0#3|0#4|0#5|0#6|0#7|0#8|0#9|0#10|0#11|0#12|0,0|0#1|0#2|0#3|0#4|0#5|0#6|0#7|0#8|0#9|0#10|0#11|0#12|0
94|16,0,0,0,0,0,0,0,0,0,0,0,0,0,0,0,0,,,,
110|3,0,0,0,0,0,0,0,0,0,0,0,0,0,0,0,0,,,,
87|47,0,0,0,0,0,0,0,0,0,0,0,0,0,0,0,0,,,,
68|36,0,0,0,0,0,0,0,0,0,0,0,0,0,0,0,0,,,,
99|89,0,0,0,0,0,0,1,0,0,0,0,0,0,0,0,0,,,,
76|121,0,0,0,0,0,0,0,0,0,0,0,0,0,0,0,0,,,,
49|25,0,0,0,0,0,0,0,0,0,0,0,0,0,0,0,0,,,,
148|22,0,0,0,0,0,0,0,1,1,0,0,0,0,0,0,0,0|0#1|0#2|0#3|0#4|0#5|0#6|0#7|0#8|0#9|0#10|0#11|0#12|0,0|0#1|0#2|0#3|0#4|0#5|0#6|0#7|0#8|0#9|0#10|0#11|0#12|0,0|0#1|0#2|0#3|0#4|0#5|0#6|0#7|0#8|0#9|0#10|0#11|0#12|0,0|0#1|0#2|0#3|0#4|0#5|0#6|0#7|0#8|0#9|0#10|0#11|0#12|0
100|76,0,0,4,0,0,0,0,1,1,0,0,4,3,0,0,0,0|0#1|0#2|0#3|2#4|0#5|0#6|0#7|0#8|0#9|1#10|0#11|1#12|0,0|0#1|0#2|0#3|1#4|0#5|0#6|0#7|0#8|0#9|0#10|0#11|0#12|0,0|0#1|0#2|0#3|0#4|0#5|0#6|0#7|0#8|0#9|0#10|1#11|1#12|0,0|0#1|0#2|0#3|0#4|0#5|0#6|0#7|0#8|0#9|0#10|0#11|0#12|0
38|126,0,0,0,0,0,0,0,0,0,0,0,0,0,0,0,0,,,,
96|41,0,0,0,0,0,0,0,1,0,0,0,0,0,0,0,0,,,,
63|134,0,0,0,0,0,0,0,0,0,0,0,0,0,0,0,0,,,,
2|132,0,0,0,0,0,0,0,0,0,0,0,0,0,0,0,0,,,,
127|110,0,0,0,0,0,0,0,0,0,0,0,5,0,0,0,0,,,,
129|11,0,0,0,0,0,0,0,0,0,0,0,0,1,0,0,0,,,,
24|122,0,0,0,0,0,0,0,0,0,0,0,0,0,0,0,0,,,,
89|72,0,5,0,3,0,2,2,0,0,2,0,23,1,3,0,0,0|0#1|0#2|0#3|3#4|2#5|2#6|2#7|2#8|2#9|2#10|2#11|2#12|0,0|0#1|0#2|0#3|2#4|2#5|2#6|1#7|2#8|2#9|2#10|2#11|2#12|0,0|0#1|0#2|0#3|3#4|2#5|2#6|2#7|2#8|2#9|2#10|2#11|3#12|0,0|0#1|0#2|0#3|2#4|1#5|1#6|1#7|2#8|2#9|2#10|2#11|2#12|0
10|73,0,0,0,0,0,0,0,0,0,0,0,0,0,0,0,0,,,,
11|135,0,0,0,0,0,0,0,0,0,0,0,0,0,0,0,0,,,,
25|139,0,0,0,0,0,0,0,0,0,0,0,0,0,0,0,0,,,,
77|138,0,0,0,0,0,0,0,0,0,0,0,0,0,0,0,0,,,,
