14|145,0,0,0,0,0,0,0,0,0,0,0,0,0,0,0,0,,,,
5|142,0,0,0,0,0,0,0,0,0,0,0,0,0,0,0,0,,,,
27|132,0,0,0,0,0,0,0,0,0,0,0,0,0,0,0,0,,,,
40|83,0,0,0,0,0,0,0,1,0,0,0,0,0,0,0,0,,,,
66|144,0,0,0,0,0,0,0,0,0,0,0,0,0,0,0,0,,,,
79|35,0,0,1,0,0,0,0,1,1,0,0,0,1,0,0,0,,,,
98|4,0,0,0,0,0,0,0,0,0,0,0,0,0,0,0,0,,,,
21|72,0,0,0,0,0,0,0,0,0,0,0,0,0,0,0,0,,,,
79|131,0,0,0,0,0,0,0,0,0,0,0,0,0,0,0,0,,,,
117|133,0,0,0,0,0,1,0,0,0,0,0,0,1,0,0,0,,,,
130|86,15,19,15,8,0,3,0,2,0,1,3,11,5,0,0,0,,,,
12|78,0,0,0,0,0,0,0,0,0,0,0,0,0,0,0,0,,,,
142|141,0,0,0,0,0,0,0,1,1,0,1,0,0,0,0,0,,,,
52|140,0,0,0,0,0,0,0,0,0,0,0,0,0,0,0,0,,,,
31|89,0,0,0,0,0,0,0,0,0,0,0,0,0,0,0,0,,,,
130|8,0,0,0,0,0,0,0,0,0,0,0,0,0,0,0,0,,,,
98|46,188,76,776,6,20,47,22,25,31,19,181,24,24,1,1,0,0|0#1|0#2|0#3|3#4|1#5|2#6|2#7|2#8|2#9|2#10|2#11|2#12|0,0|0#1|0#2|0#3|2#4|0#5|0#6|2#7|2#8|1#9|1#10|1#11|1#12|0,0|0#1|0#2|0#3|2#4|2#5|2#6|2#7|1#8|2#9|2#10|2#11|2#12|0,0|0#1|0#2|0#3|1#4|0#5|2#6|1#7|2#8|1#9|1#10|0#11|1#12|0
111|75,0,0,0,0,0,0,0,0,0,0,0,0,0,0,0,0,,,,
104|146,0,0,0,0,0,0,0,0,0,0,0,0,0,0,0,0,,,,
