129|94,0,0,0,0,0,0,0,1,1,0,0,1,0,0,0,0,,,,
3|25,0,0,0,0,0,0,0,0,0,0,0,0,0,0,0,0,,,,
143|32,0,0,0,0,0,0,0,4,1,0,0,0,0,0,0,0,,,,
124|21,0,0,0,0,0,0,0,0,0,0,0,0,0,0,0,0,,,,
39|91,0,0,0,0,0,0,0,0,0,0,0,0,0,0,0,0,,,,
65|71,0,0,0,0,0,0,0,0,0,0,0,0,0,0,0,0,,,,
136|133,0,0,1,0,1,1,2,1,0,0,2,0,1,0,0,0,,,,
98|131,0,0,0,0,0,0,0,0,0,0,0,0,0,0,0,0,,,,
108|58,98,35,198,0,4,21,6,29,1,3,40,1,6,0,0,0,0|0#1|0#2|0#3|4#4|4#5|2#6|3#7|3#8|3#9|4#10|3#11|4#12|0,0|0#1|0#2|0#3|4#4|3#5|3#6|2#7|2#8|2#9|3#10|3#11|3#12|0,0|0#1|0#2|0#3|4#4|3#5|3#6|3#7|3#8|3#9|3#10|4#11|4#12|0,0|0#1|0#2|0#3|4#4|3#5|2#6|2#7|2#8|3#9|3#10|3#11|3#12|0
70|15,0,0,0,0,0,0,0,0,0,0,0,0,0,0,0,0,,,,
44|35,0,0,0,0,0,1,0,0,0,0,0,0,0,0,0,0,,,,
91|51,61,22,53,11,0,9,0,6,3,1,37,13,73,0,0,0,0|0#1|0#2|0#3|3#4|2#5|2#6|2#7|2#8|2#9|3#10|3#11|2#12|0,0|0#1|0#2|0#3|2#4|2#5|1#6|2#7|2#8|2#9|2#10|2#11|2#12|0,0|0#1|0#2|0#3|3#4|2#5|2#6|2#7|2#8|2#9|3#10|2#11|3#12|0,0|0#1|0#2|0#3|2#4|2#5|2#6|2#7|2#8|2#9|2#10|2#11|2#12|0
136|63,0,0,0,0,0,0,0,0,0,0,0,0,0,0,0,0,,,,
46|132,0,0,0,0,0,0,0,0,0,0,0,0,0,0,0,0,,,,
62|5,0,0,0,0,0,0,0,0,0,0,0,0,0,0,0,0,,,,
75|88,0,0,0,0,0,1,1,0,0,0,0,1,0,0,0,0,0|0#1|0#2|0#3|0#4|0#5|0#6|0#7|0#8|0#9|0#10|0#11|0#12|0,,0|0#1|0#2|0#3|0#4|0#5|0#6|0#7|0#8|0#9|0#10|0#11|0#12|0,
36|7,0,0,0,0,0,0,0,0,0,0,0,0,0,0,0,0,,,,
25|24,0,0,0,0,1,1,1,0,4,0,1,2,0,0,0,0,,,,
37|66,0,0,0,0,0,0,0,0,0,0,0,0,0,0,0,0,,,,
94|99,0,0,0,0,0,0,0,1,0,0,0,1,0,0,0,0,0|0#1|0#2|0#3|0#4|0#5|0#6|0#7|0#8|0#9|0#10|0#11|0#12|0,0|0#1|0#2|0#3|0#4|0#5|0#6|0#7|0#8|0#9|0#10|0#11|0#12|0,0|0#1|0#2|0#3|0#4|0#5|0#6|0#7|0#8|0#9|0#10|0#11|0#12|0,0|0#1|0#2|0#3|0#4|0#5|0#6|0#7|0#8|0#9|0#10|0#11|0#12|0
8|98,0,0,0,0,0,0,0,0,0,0,0,0,0,0,0,0,,,,
71|140,0,0,0,0,0,0,0,0,0,0,0,0,0,0,0,0,,,,
82|57,7,1,37,0,1,0,2,3,1,0,2,61,0,1,0,0,0|0#1|0#2|0#3|0#4|0#5|0#6|0#7|0#8|0#9|0#10|0#11|0#12|0,0|0#1|0#2|0#3|0#4|0#5|0#6|0#7|0#8|0#9|0#10|0#11|0#12|0,0|0#1|0#2|0#3|0#4|0#5|0#6|0#7|0#8|0#9|0#10|0#11|0#12|0,0|0#1|0#2|0#3|0#4|0#5|0#6|0#7|0#8|0#9|0#10|0#11|0#12|0
115|27,0,0,0,0,0,0,0,0,0,0,0,0,0,0,0,0,,,,
134|38,0,0,0,0,0,0,0,0,0,0,0,0,0,0,0,0,,,,
117|52,133,52,165,20,28,15,10,22,18,11,77,37,42,1,0,0,0|0#1|0#2|0#3|2#4|2#5|1#6|2#7|2#8|2#9|1#10|2#11|2#12|0,0|0#1|0#2|0#3|2#4|1#5|0#6|0#7|1#8|1#9|1#10|0#11|0#12|0,0|0#1|0#2|0#3|2#4|1#5|1#6|2#7|2#8|1#9|2#10|2#11|2#12|0,0|0#1|0#2|0#3|2#4|0#5|0#6|0#7|1#8|1#9|1#10|0#11|0#12|0
123|146,0,0,0,0,0,0,0,0,0,0,0,0,0,0,0,0,,,,
18|55,0,0,0,0,0,0,0,0,0,0,0,0,0,0,0,0,,,,
46|60,0,0,0,0,0,0,0,0,0,0,0,0,0,0,0,0,,,,
63|46,0,0,0,0,0,0,0,0,0,0,0,0,0,0,0,0,0|0#1|0#2|0#3|0#4|0#5|0#6|0#7|0#8|0#9|0#10|0#11|0#12|0,,,
33|145,0,0,0,0,0,0,0,0,0,0,0,0,0,0,0,0,,,,
85|144,0,0,0,0,0,0,0,0,0,0,0,0,0,0,0,0,,,,
5|50,0,0,0,0,0,0,0,0,0,0,0,0,0,0,0,0,,,,
121|0,0,0,0,0,0,0,0,0,0,0,0,0,0,0,0,0,,,,
84|82,0,0,0,0,0,0,0,0,0,0,0,0,0,0,0,0,,,,
105|10,0,0,0,0,0,0,0,0,0,0,0,0,0,0,0,0,,,,
72|40,1,3,9,1,3,3,1,1,2,0,3,0,0,0,0,0,,,,
56|77,0,2,9,0,2,3,1,1,8,0,5,1,1,0,0,0,,0|0#1|0#2|0#3|0#4|0#5|0#6|0#7|0#8|0#9|0#10|0#11|0#12|0,,
127|69,0,0,0,0,0,0,0,2,0,0,0,0,0,0,0,0,,,,
149|120,0,0,0,0,0,0,0,0,0,0,0,0,0,0,0,0,,,,
