40|133,0,0,0,0,0,0,0,0,0,0,0,0,0,0,0,0,,,,
65|3,0,0,0,0,0,0,0,0,0,0,0,0,0,0,0,0,,,,
15|125,0,0,0,0,0,0,0,0,0,0,0,0,0,0,0,0,,,,
28|112,0,0,0,0,0,0,0,0,0,0,0,0,0,0,0,0,,,,
91|1,0,0,0,0,0,0,0,0,0,0,0,0,0,0,0,0,,,,
31|52,0,0,0,0,0,0,0,0,0,0,0,0,0,0,0,0,,,,
0|59,0,0,0,0,0,0,0,0,0,0,0,0,0,0,0,0,,,,
102|44,0,1,0,0,0,0,0,0,0,0,0,0,0,0,0,0,0|0#1|0#2|0#3|0#4|0#5|0#6|0#7|0#8|0#9|0#10|0#11|0#12|0,,0|0#1|0#2|0#3|0#4|0#5|0#6|0#7|0#8|0#9|0#10|0#11|0#12|0,
67|124,0,0,0,0,0,0,0,0,0,0,0,0,0,0,0,0,,,,
43|94,0,0,0,0,0,0,0,0,0,0,0,0,0,0,0,0,,,,
24|83,0,0,0,0,0,0,0,0,0,0,0,0,0,0,0,0,,,,
105|126,0,0,0,0,0,0,0,0,0,0,0,0,0,0,0,0,,,,
130|134,0,0,0,0,0,0,0,0,0,0,0,0,0,0,0,0,,,,
100|19,0,0,0,0,0,0,0,0,0,0,0,0,0,0,0,0,,,,
114|86,0,0,0,0,0,0,0,0,0,0,0,0,0,0,0,0,,,,
10|16,0,0,0,0,0,0,0,0,0,0,0,0,0,0,0,0,,,,
12|41,0,0,0,0,0,0,0,0,0,0,0,0,0,0,0,0,,,,
89|15,0,0,0,0,0,0,0,0,0,0,0,0,0,0,0,0,,,,
7|139,0,0,0,0,0,0,0,0,0,0,0,0,0,0,0,0,,,,
15|89,0,0,0,0,0,0,0,0,0,0,0,0,0,0,0,0,,,,
22|58,0,0,0,0,0,0,0,0,0,0,0,0,0,0,0,0,,,,
41|69,0,0,0,0,0,0,0,0,0,0,0,0,0,0,0,0,,,,
118|113,0,0,0,0,0,0,0,0,0,0,0,0,0,0,0,0,,,,
143|121,0,0,0,0,0,0,0,0,0,0,0,0,0,0,0,0,,,,
29|129,0,0,0,0,0,0,0,0,0,0,0,0,0,0,0,0,,,,
144|138,0,0,0,0,0,0,0,0,0,0,0,0,0,0,0,0,,,,
39|5,0,0,0,0,0,0,0,0,0,0,0,0,0,0,0,0,,,,
123|80,0,0,0,0,0,0,0,3,0,0,0,0,0,0,0,0,,0|0#1|0#2|0#3|0#4|0#5|0#6|0#7|0#8|0#9|0#10|0#11|0#12|0,,0|0#1|0#2|0#3|0#4|0#5|0#6|0#7|0#8|0#9|0#10|0#11|0#12|0
121|55,3,2,3,1,0,1,1,1,0,0,2,3,4,0,0,0,0|0#1|0#2|0#3|2#4|2#5|1#6|1#7|1#8|1#9|0#10|1#11|1#12|0,0|0#1|0#2|0#3|1#4|1#5|0#6|0#7|1#8|0#9|0#10|0#11|0#12|0,0|0#1|0#2|0#3|2#4|2#5|2#6|1#7|1#8|0#9|0#10|1#11|1#12|0,0|0#1|0#2|0#3|1#4|0#5|1#6|0#7|0#8|0#9|0#10|0#11|1#12|0
140|66,0,0,0,0,0,0,0,0,0,0,0,0,0,0,0,0,,,,
54|137,0,0,0,0,0,0,0,0,0,0,0,0,0,0,0,0,,,,
50|63,0,0,0,0,0,0,0,0,0,0,0,0,0,0,0,0,,,,
6|122,0,0,0,0,0,0,0,0,0,0,0,0,0,0,0,0,,,,
92|132,0,0,1,0,0,0,0,0,0,0,0,0,1,0,0,0,,,,
53|120,0,0,0,0,0,0,0,0,0,0,0,0,0,0,0,0,,,,
133|97,0,0,0,0,0,0,0,0,0,0,0,0,0,0,0,0,0|0#1|0#2|0#3|0#4|0#5|0#6|0#7|0#8|0#9|0#10|0#11|0#12|0,,,
2|84,0,0,0,0,0,0,0,0,0,0,0,0,0,0,0,0,,,,
142|91,0,0,0,0,0,0,0,0,0,0,0,0,0,0,0,0,,,,
