151|137,0,0,0,0,0,0,0,0,1,0,0,1,0,0,0,0,,,,
128|24,0,0,0,0,0,0,0,0,0,0,0,0,0,0,0,0,,,,
7|28,0,0,0,0,0,0,0,0,0,0,0,0,0,0,0,0,,,,
9|53,0,0,0,0,0,0,0,0,0,0,0,0,0,0,0,0,,,,
61|136,0,0,0,0,0,0,0,0,0,0,0,0,0,0,0,0,,,,
88|127,0,0,0,0,0,0,0,0,0,0,0,0,0,0,0,0,,,,
19|10,0,0,0,0,0,0,0,0,0,0,0,0,0,0,0,0,,,,
112|125,0,0,0,0,0,0,0,0,0,0,0,0,0,0,0,0,,,,
109|13,0,0,0,0,0,0,0,0,0,0,0,0,0,0,0,0,,,,
76|43,0,0,0,0,0,0,0,0,0,0,0,0,0,0,0,0,,,,
29|27,87,120,177,4,4,16,6,16,22,3,35,13,15,0,2,0,0|0#1|0#2|0#3|0#4|0#5|1#6|1#7|1#8|0#9|0#10|0#11|0#12|0,0|0#1|0#2|0#3|0#4|0#5|0#6|1#7|0#8|0#9|0#10|0#11|0#12|0,0|0#1|0#2|0#3|0#4|0#5|1#6|1#7|0#8|0#9|0#10|0#11|0#12|0,0|0#1|0#2|0#3|0#4|0#5|1#6|1#7|0#8|0#9|0#10|0#11|0#12|0
109|7,31,10,66,1,7,2,1,4,9,0,22,1,1,0,0,0,,,,
149|60,0,0,0,0,0,0,0,0,0,0,0,0,0,0,0,0,,,,
88|85,0,0,0,0,0,0,0,0,0,0,0,1,0,0,0,0,,0|0#1|0#2|0#3|0#4|0#5|0#6|0#7|0#8|0#9|0#10|0#11|0#12|0,,0|0#1|0#2|0#3|0#4|0#5|0#6|0#7|0#8|0#9|0#10|0#11|0#12|0
36|128,0,0,0,0,0,0,0,0,0,0,0,0,0,0,0,0,,,,
48|38,0,0,0,0,0,0,0,0,0,0,0,1,0,0,0,0,,,,
93|29,0,0,0,0,0,0,0,0,0,0,0,0,0,0,0,0,,,,
135|5,0,0,0,0,0,0,0,0,0,0,0,0,0,0,0,0,,,,
139|116,0,0,0,0,0,0,0,0,0,0,0,0,0,0,0,0,,,,
38|21,0,0,0,0,0,0,0,0,0,0,0,0,0,0,0,0,,,,
57|32,0,0,0,0,0,0,0,0,0,0,0,1,0,0,0,0,,,,
0|134,0,0,0,0,0,0,0,0,0,0,0,0,0,0,0,0,,,,
83|12,3,0,0,0,0,0,0,7,1,0,1,0,1,0,0,0,,,,
67|49,0,0,0,0,0,0,0,0,0,0,0,0,0,0,0,0,,,,
95|54,25,8,35,25,2,1,2,3,3,0,5,4,5,0,0,0,0|0#1|0#2|0#3|4#4|4#5|4#6|4#7|4#8|4#9|4#10|4#11|4#12|0,0|0#1|0#2|0#3|4#4|4#5|4#6|4#7|4#8|4#9|4#10|4#11|4#12|0,0|0#1|0#2|0#3|4#4|4#5|4#6|4#7|4#8|4#9|4#10|4#11|4#12|0,0|0#1|0#2|0#3|4#4|4#5|4#6|4#7|4#8|4#9|4#10|4#11|4#12|0
126|129,0,0,0,0,0,0,0,0,0,0,0,2,0,0,0,0,,,,
22|124,0,0,0,0,0,0,0,0,0,0,0,0,0,0,0,0,,,,
125|112,0,1,1,0,0,0,0,0,0,0,0,0,1,0,0,0,,,,
35|111,0,0,0,0,0,0,0,0,0,0,0,0,0,0,0,0,,,,
69|74,0,0,0,0,0,0,0,3,0,0,0,0,0,0,0,0,,,,
87|110,0,1,0,0,0,0,1,0,1,0,0,0,0,0,0,0,,,,
74|123,0,0,0,0,0,0,0,0,0,0,0,0,0,0,0,0,,,,
147|35,0,0,0,0,0,0,0,0,0,0,0,0,0,0,0,0,,,,
150|120,0,0,0,0,0,0,0,0,0,0,0,0,0,0,0,0,,,,
74|18,0,0,0,0,0,0,0,0,0,0,0,0,0,0,0,0,,,,
49|115,0,0,0,0,0,0,0,0,0,0,0,0,0,0,0,0,,,,
