39|29,0,0,0,0,0,0,0,0,0,0,0,1,0,0,0,0,0|0#1|0#2|0#3|0#4|0#5|0#6|0#7|0#8|0#9|0#10|0#11|0#12|0,,0|0#1|0#2|0#3|0#4|0#5|0#6|0#7|0#8|0#9|0#10|0#11|0#12|0,
62|138,0,0,0,0,0,0,0,0,0,0,0,0,0,0,0,0,,,,
41|6,0,0,0,0,0,0,0,0,0,0,0,0,0,0,0,0,,,,
138|26,0,0,0,0,0,0,0,0,0,0,0,0,0,0,0,0,,,,
147|20,0,0,0,0,0,0,0,0,0,0,0,0,0,0,0,0,,,,
49|100,0,0,0,0,0,0,0,0,0,0,0,0,0,0,0,0,,,,
7|13,0,0,0,0,0,0,0,0,0,0,0,0,0,0,0,0,,,,
48|23,0,0,0,0,0,0,0,0,0,0,0,0,0,0,0,0,,,,
98|87,0,0,0,0,0,0,0,1,1,0,0,5,2,0,0,0,,,0|0#1|0#2|0#3|0#4|0#5|0#6|0#7|0#8|0#9|0#10|0#11|0#12|0,0|0#1|0#2|0#3|0#4|0#5|0#6|0#7|0#8|0#9|0#10|0#11|0#12|0
10|139,0,0,0,0,0,0,0,0,0,0,0,0,0,0,0,0,,,,
152|139,0,0,0,0,0,0,0,0,0,0,0,0,0,0,0,0,,,,
36|113,0,0,0,0,0,0,0,0,0,0,0,0,0,0,0,0,,,,
29|12,0,0,0,0,0,0,0,0,0,0,0,0,0,0,0,0,,,,
61|121,0,0,0,0,0,0,0,0,0,0,0,0,0,0,0,0,,,,
89|129,0,0,0,0,0,0,0,0,0,0,0,0,0,0,0,0,,,,
119|15,0,0,0,0,0,0,0,0,0,0,0,0,0,0,0,0,,,,
79|76,4,24,28,0,3,3,1,4,16,0,8,1,16,0,0,0,0|0#1|0#2|0#3|0#4|0#5|0#6|0#7|0#8|0#9|0#10|0#11|0#12|0,0|0#1|0#2|0#3|0#4|0#5|0#6|0#7|0#8|0#9|0#10|0#11|0#12|0,0|0#1|0#2|0#3|0#4|0#5|0#6|0#7|0#8|0#9|0#10|0#11|0#12|0,0|0#1|0#2|0#3|0#4|0#5|0#6|0#7|0#8|0#9|0#10|0#11|0#12|0
86|45,0,0,0,0,0,0,0,0,0,0,0,0,0,0,0,0,0|0#1|0#2|0#3|0#4|0#5|0#6|0#7|0#8|0#9|0#10|0#11|0#12|0,0|0#1|0#2|0#3|0#4|0#5|0#6|0#7|0#8|0#9|0#10|0#11|0#12|0,0|0#1|0#2|0#3|0#4|0#5|0#6|0#7|0#8|0#9|0#10|0#11|0#12|0,0|0#1|0#2|0#3|0#4|0#5|0#6|0#7|0#8|0#9|0#10|0#11|0#12|0
139|101,0,0,0,0,0,0,0,0,1,0,0,0,0,0,0,0,,,,
126|114,0,0,0,1,0,1,0,0,0,1,0,29,0,0,0,0,,,,
151|122,0,0,0,0,0,0,0,0,0,0,0,0,0,0,0,0,,,,
1|136,0,0,0,0,0,0,0,0,0,0,0,0,0,0,0,0,,,,
67|34,0,0,0,0,0,0,0,0,0,0,0,0,0,0,0,0,,,,
93|14,0,0,0,0,0,0,0,0,0,0,0,0,0,0,0,0,,,,
0|5,0,0,0,0,0,0,0,0,0,0,0,0,0,0,0,0,,,,
75|125,0,0,0,0,0,0,0,0,0,0,0,0,0,0,0,0,,,,
112|110,0,0,0,0,0,0,0,0,0,0,0,0,0,0,0,0,,,,
88|70,4,1,6,0,8,10,1,2,0,0,6,3,2,0,0,0,0|0#1|0#2|0#3|1#4|2#5|2#6|2#7|2#8|2#9|1#10|0#11|0#12|0,0|0#1|0#2|0#3|0#4|2#5|1#6|1#7|0#8|1#9|0#10|0#11|0#12|0,0|0#1|0#2|0#3|2#4|2#5|2#6|2#7|2#8|2#9|1#10|1#11|1#12|0,0|0#1|0#2|0#3|1#4|1#5|0#6|1#7|0#8|0#9|0#10|0#11|0#12|0
23|126,0,0,0,0,0,0,0,0,0,0,0,0,0,0,0,0,,,,
113|127,0,0,0,0,0,0,0,0,0,0,0,0,0,0,0,0,,,,
15|8,0,0,0,0,0,0,0,0,0,0,0,0,0,0,0,0,,,,
100|1,0,0,0,0,0,0,0,0,0,0,0,0,0,0,0,0,,,,
88|112,0,0,0,0,0,0,0,0,0,0,0,0,0,0,0,0,,,,
