64|103,0,0,0,0,0,0,0,0,0,0,0,0,0,0,0,0,,,,
20|42,0,0,0,0,0,0,0,0,1,0,0,0,0,0,0,0,,,,
81|8,0,0,0,0,0,0,0,0,0,0,0,0,0,0,0,0,,,,
103|76,0,0,0,0,0,1,0,0,1,0,1,0,0,0,0,0,0|0#1|0#2|0#3|0#4|0#5|0#6|0#7|0#8|0#9|0#10|0#11|0#12|0,0|0#1|0#2|0#3|0#4|0#5|0#6|0#7|0#8|0#9|0#10|0#11|0#12|0,0|0#1|0#2|0#3|0#4|0#5|0#6|0#7|0#8|0#9|0#10|0#11|0#12|0,0|0#1|0#2|0#3|0#4|0#5|0#6|0#7|0#8|0#9|0#10|0#11|0#12|0
116|109,0,0,0,0,0,0,0,0,0,0,0,0,0,0,0,0,,,,
140|3,0,0,0,0,0,0,0,0,0,0,0,0,0,0,0,0,,,,
131|81,0,0,0,0,0,0,0,0,0,0,0,0,0,0,0,0,,,,
122|87,0,0,0,1,0,1,0,0,0,0,0,0,0,0,0,0,0|0#1|0#2|0#3|0#4|0#5|0#6|0#7|0#8|0#9|0#10|0#11|0#12|0,,0|0#1|0#2|0#3|0#4|0#5|0#6|0#7|0#8|0#9|0#10|0#11|0#12|0,
51|95,0,0,0,0,0,0,0,0,0,0,0,0,0,0,0,0,,,,
3|101,0,0,0,0,0,0,0,0,0,0,0,0,0,0,0,0,,,,
11|48,0,0,0,0,0,0,0,0,0,0,0,0,0,0,0,0,,,,
12|104,0,0,0,0,0,0,0,0,0,0,0,0,0,0,0,0,,,,
141|98,0,0,0,0,0,0,0,0,0,0,0,0,0,0,0,0,,,,
102|105,0,0,0,0,0,0,0,0,0,0,0,0,0,0,0,0,,,,
112|70,0,0,2,2,0,0,0,0,0,0,0,10,2,0,0,0,0|0#1|0#2|0#3|0#4|0#5|0#6|0#7|0#8|0#9|0#10|0#11|0#12|0,0|0#1|0#2|0#3|0#4|0#5|0#6|0#7|0#8|0#9|0#10|0#11|0#12|0,0|0#1|0#2|0#3|0#4|0#5|0#6|0#7|0#8|0#9|0#10|0#11|0#12|0,0|0#1|0#2|0#3|0#4|0#5|0#6|0#7|0#8|0#9|0#10|0#11|0#12|0
32|84,0,0,0,0,0,0,0,0,0,0,0,0,0,0,0,0,,,,
90|128,0,0,0,0,0,0,0,0,0,0,0,0,0,0,0,0,,,,
13|73,0,0,0,0,0,0,0,0,0,0,0,0,0,0,0,0,,,,
150|92,0,0,0,0,0,0,0,0,0,0,0,0,0,0,0,0,,,,
78|107,0,0,0,0,0,0,1,0,1,0,0,0,0,0,0,0,,,,
97|16,0,0,0,0,0,0,0,0,0,0,0,0,0,0,0,0,,,,
26|108,0,0,0,0,0,0,0,0,0,0,0,0,0,0,0,0,,,,
114|5,0,0,0,0,0,0,0,0,0,0,0,0,0,0,0,0,,,,
99|41,0,0,0,0,0,0,0,0,0,0,0,0,0,0,0,0,0|0#1|0#2|0#3|0#4|0#5|0#6|0#7|0#8|0#9|0#10|0#11|0#12|0,,0|0#1|0#2|0#3|0#4|0#5|0#6|0#7|0#8|0#9|0#10|0#11|0#12|0,0|0#1|0#2|0#3|0#4|0#5|0#6|0#7|0#8|0#9|0#10|0#11|0#12|0
30|59,0,0,0,0,0,0,0,0,0,0,0,0,0,0,0,0,,,,
141|117,0,0,0,0,0,0,0,0,0,0,0,0,0,0,0,0,,,,
51|116,0,0,0,0,0,0,0,0,0,0,0,0,0,0,0,0,,,,
110|45,1,0,0,0,0,0,0,0,0,0,0,0,0,0,0,0,,,,
140|100,1,0,2,0,2,1,2,0,0,0,2,0,0,0,0,0,,,,
4|118,0,0,0,0,0,0,0,0,0,0,0,0,0,0,0,0,,,,
