146|136,2,0,4,0,2,1,1,1,0,0,4,0,1,0,0,0,,,,
80|78,4,11,11,0,1,1,4,5,4,0,1,2,4,0,0,0,0|0#1|0#2|0#3|1#4|0#5|0#6|0#7|0#8|0#9|0#10|0#11|0#12|0,0|0#1|0#2|0#3|1#4|0#5|0#6|0#7|0#8|0#9|0#10|0#11|1#12|0,0|0#1|0#2|0#3|0#4|0#5|0#6|0#7|0#8|0#9|0#10|0#11|1#12|0,0|0#1|0#2|0#3|1#4|0#5|0#6|0#7|0#8|0#9|0#10|1#11|1#12|0
120|17,0,0,0,0,0,0,0,0,0,0,0,0,0,0,0,0,,,,
144|8,0,0,0,0,0,0,0,0,0,0,0,0,0,0,0,0,,,,
115|73,0,0,0,0,0,0,0,0,0,0,0,0,0,0,0,0,,,,
132|132,0,0,0,0,0,0,0,0,0,0,0,0,0,0,0,0,,,,
70|61,1,0,3,0,0,1,1,1,0,0,0,1,0,0,0,0,,0|0#1|0#2|0#3|0#4|0#5|0#6|0#7|0#8|0#9|0#10|0#11|0#12|0,,0|0#1|0#2|0#3|0#4|0#5|0#6|0#7|0#8|0#9|0#10|0#11|0#12|0
25|70,0,0,0,0,0,0,0,0,0,0,0,0,0,0,0,0,,,,
23|45,0,0,0,0,0,0,0,0,0,0,0,0,0,0,0,0,,,,
81|143,0,0,0,0,0,0,0,0,0,0,0,0,0,0,0,0,,,,
94|130,0,0,0,0,0,0,0,0,0,0,0,0,0,0,0,0,,,,
42|131,0,0,0,0,0,0,0,0,0,0,0,0,0,0,0,0,,,,
54|98,6,6,0,0,0,1,0,3,0,0,0,1,4,0,0,0,0|0#1|0#2|0#3|0#4|0#5|0#6|0#7|0#8|0#9|0#10|0#11|0#12|0,,0|0#1|0#2|0#3|0#4|0#5|0#6|0#7|0#8|0#9|0#10|0#11|0#12|0,
103|31,0,0,0,0,0,0,0,0,0,0,0,0,0,0,0,0,0|0#1|0#2|0#3|0#4|0#5|0#6|0#7|0#8|0#9|0#10|0#11|0#12|0,0|0#1|0#2|0#3|0#4|0#5|0#6|0#7|0#8|0#9|0#10|0#11|0#12|0,0|0#1|0#2|0#3|0#4|0#5|0#6|0#7|0#8|0#9|0#10|0#11|0#12|0,0|0#1|0#2|0#3|0#4|0#5|0#6|0#7|0#8|0#9|0#10|0#11|0#12|0
106|79,3,3,3,31,2,4,0,4,3,1,1,18,2,0,0,0,0|0#1|0#2|0#3|2#4|2#5|2#6|1#7|2#8|1#9|2#10|2#11|1#12|0,0|0#1|0#2|0#3|2#4|2#5|1#6|0#7|0#8|0#9|0#10|1#11|1#12|0,0|0#1|0#2|0#3|2#4|2#5|2#6|1#7|2#8|1#9|2#10|2#11|2#12|0,0|0#1|0#2|0#3|2#4|1#5|0#6|0#7|0#8|0#9|0#10|1#11|1#12|0
35|87,0,0,0,0,0,0,0,0,0,0,0,0,0,0,0,0,,,,
61|67,0,0,0,0,0,0,0,0,0,0,0,0,0,0,0,0,,,,
42|56,0,0,0,0,0,0,0,0,0,0,0,0,0,0,0,0,,,,
3|71,0,0,0,0,0,0,0,0,0,0,0,0,0,0,0,0,,,,
122|42,0,0,0,0,0,1,0,0,0,0,0,0,0,0,0,0,,,,
69|122,2,0,3,0,0,0,0,2,0,0,1,0,1,0,0,0,,,,
44|81,0,0,0,0,0,0,0,0,0,0,0,0,0,0,0,0,,,,
30|14,2,0,2,0,2,0,1,0,6,0,0,0,1,0,0,0,,,,
14|3,0,0,0,0,0,0,0,0,0,0,0,0,0,0,0,0,,,,
17|123,0,0,0,0,0,0,0,0,0,0,0,0,0,0,0,0,,,,
40|1,0,0,0,0,0,0,0,0,0,0,0,0,0,0,0,0,,,,
51|50,0,0,0,0,0,0,0,1,0,0,0,0,0,0,0,0,,0|0#1|0#2|0#3|0#4|0#5|0#6|0#7|0#8|0#9|0#10|0#11|0#12|0,,
1|46,0,0,0,0,0,0,0,0,0,0,0,0,0,0,0,0,,,,
56|135,0,0,0,0,0,0,0,0,0,0,0,0,0,0,0,0,,,,
134|84,111,49,252,14,9,26,7,25,10,5,57,28,18,1,0,0,0|0#1|0#2|0#3|2#4|0#5|0#6|0#7|0#8|1#9|0#10|0#11|2#12|0,0|0#1|0#2|0#3|1#4|0#5|0#6|0#7|0#8|0#9|1#10|0#11|0#12|0,0|0#1|0#2|0#3|1#4|0#5|0#6|0#7|0#8|0#9|1#10|1#11|1#12|0,0|0#1|0#2|0#3|0#4|0#5|0#6|0#7|0#8|0#9|1#10|0#11|0#12|0
63|92,0,0,1,0,0,0,0,0,0,0,0,0,0,0,0,0,,,,
132|59,0,0,0,0,0,0,0,0,0,0,0,0,0,0,0,0,,,,
8|120,0,0,0,0,0,0,0,0,0,0,0,0,0,0,0,0,,,,
113|48,0,0,0,0,0,0,0,0,0,0,0,17,0,0,0,0,0|0#1|0#2|0#3|0#4|0#5|0#6|0#7|0#8|0#9|0#10|0#11|0#12|0,0|0#1|0#2|0#3|0#4|0#5|0#6|0#7|0#8|0#9|0#10|0#11|0#12|0,0|0#1|0#2|0#3|0#4|0#5|0#6|0#7|0#8|0#9|0#10|0#11|0#12|0,0|0#1|0#2|0#3|0#4|0#5|0#6|0#7|0#8|0#9|0#10|0#11|0#12|0
107|124,0,0,0,0,0,0,0,0,0,0,0,0,0,0,0,0,,,,
9|137,0,0,0,0,0,0,0,0,0,0,0,0,0,0,0,0,,,,
16|76,0,0,0,0,0,0,0,0,0,0,0,0,0,0,0,0,,,,
141|53,0,0,0,0,0,0,0,0,0,0,0,0,0,0,0,0,,,,
95|147,0,0,0,0,0,0,0,0,0,0,0,0,0,0,0,0,,,,
