42|95,0,0,0,0,0,0,0,0,0,0,0,0,0,0,0,0,,,,
26|102,0,0,0,0,0,0,0,0,0,0,0,0,0,0,0,0,,,,
51|110,0,0,0,0,0,0,0,3,0,0,0,0,0,0,0,0,,,,
90|122,0,0,0,0,0,0,0,0,0,0,0,0,0,0,0,0,,,,
103|116,0,0,0,0,0,0,0,0,0,0,0,0,1,0,0,0,,,,
23|84,0,0,0,0,0,0,0,0,0,0,0,0,0,0,0,0,,,,
21|59,0,0,0,0,0,0,0,0,0,0,0,0,0,0,0,0,,,,
4|112,0,0,0,0,0,0,0,0,0,0,0,0,0,0,0,0,,,,
116|103,0,0,0,0,0,1,0,0,1,0,0,3,0,0,0,0,,,,
141|92,0,0,0,0,0,0,0,0,0,0,0,0,0,0,0,0,,,,
101|45,0,0,0,0,0,0,0,0,0,0,0,0,0,0,0,0,0|0#1|0#2|0#3|0#4|0#5|0#6|0#7|0#8|0#9|0#10|0#11|0#12|0,,0|0#1|0#2|0#3|0#4|0#5|0#6|0#7|0#8|0#9|0#10|0#11|0#12|0,
88|16,0,0,0,0,0,0,0,0,1,0,0,0,0,0,0,0,,,,
97|10,0,0,6,0,0,1,0,0,1,0,0,0,0,0,0,0,,,,
52|127,0,0,0,0,0,0,0,0,0,0,0,0,0,0,0,0,,,,
103|70,12,6,479,0,2,3,3,6,1,0,11,6,4,0,0,0,0|0#1|0#2|0#3|4#4|4#5|3#6|3#7|3#8|3#9|3#10|3#11|3#12|0,0|0#1|0#2|0#3|3#4|3#5|2#6|1#7|2#8|2#9|2#10|2#11|2#12|0,0|0#1|0#2|0#3|4#4|4#5|3#6|3#7|3#8|3#9|3#10|4#11|4#12|0,0|0#1|0#2|0#3|3#4|2#5|2#6|1#7|2#8|2#9|2#10|2#11|3#12|0
81|2,0,0,0,0,0,0,0,0,0,0,0,0,0,0,0,0,,,,
141|111,0,0,0,0,0,0,0,0,0,0,0,0,0,0,0,0,,,,
27|119,0,0,0,0,0,0,0,0,0,0,0,0,0,0,0,0,,,,
79|118,0,1,0,0,0,0,0,0,1,0,0,0,0,0,0,0,,,,
30|53,0,0,0,0,0,0,0,0,0,0,0,0,0,0,0,0,,,,
5|129,0,0,0,0,0,0,0,0,0,0,0,0,0,0,0,0,,,,
11|42,0,0,0,0,0,0,0,0,0,0,0,0,0,0,0,0,,,,
113|87,0,0,0,0,0,0,0,0,0,0,0,0,0,0,0,0,0|0#1|0#2|0#3|0#4|0#5|0#6|0#7|0#8|0#9|0#10|0#11|1#12|0,0|0#1|0#2|0#3|0#4|0#5|0#6|0#7|0#8|0#9|0#10|0#11|0#12|0,0|0#1|0#2|0#3|0#4|0#5|0#6|0#7|0#8|0#9|0#10|0#11|0#12|0,0|0#1|0#2|0#3|0#4|0#5|0#6|0#7|0#8|0#9|0#10|0#11|0#12|0
78|101,0,0,0,0,0,0,0,0,0,0,0,0,0,0,0,0,,,,
65|114,0,0,0,0,0,0,0,0,0,0,0,0,0,0,0,0,,,,
120|56,0,0,0,0,0,0,0,0,0,0,0,0,0,0,0,0,,,,
1|85,0,0,0,0,0,0,0,0,0,0,0,0,0,0,0,0,,,,
132|98,0,0,0,0,0,0,0,0,0,0,0,0,0,0,0,0,,,,
122|81,0,0,0,0,0,0,0,0,0,0,0,0,0,0,0,0,,0|0#1|0#2|0#3|0#4|0#5|0#6|0#7|0#8|0#9|0#10|0#11|0#12|0,,0|0#1|0#2|0#3|0#4|0#5|0#6|0#7|0#8|0#9|0#10|0#11|0#12|0
13|115,0,0,0,0,0,0,0,0,0,0,0,0,0,0,0,0,,,,
91|139,0,0,0,0,0,0,0,0,0,0,0,0,0,0,0,0,,,,
29|6,0,0,0,0,0,0,0,0,0,0,0,0,0,0,0,0,,,,
55|4,0,0,0,0,0,0,0,0,0,0,0,0,0,0,0,0,,,,
142|128,3,0,4,0,3,1,2,0,8,0,4,3,1,0,0,0,,,,
