21|3,0,0,0,0,0,0,0,0,0,0,0,0,0,0,0,0,,,,
46|20,0,0,0,0,0,0,0,1,0,0,0,0,0,0,0,0,,,,
77|73,0,0,0,1,0,0,0,1,0,0,0,0,0,0,2,0,,,,
58|62,0,0,0,0,0,0,0,0,0,0,0,0,0,0,0,0,,,,
136|23,0,0,0,0,0,0,0,0,0,0,0,0,0,0,0,0,,,,
47|109,0,0,0,0,0,0,0,0,0,0,0,0,0,0,0,0,,,,
75|48,0,0,0,0,0,0,0,0,0,0,0,1,0,0,0,0,,,,
5|10,0,0,0,0,0,0,0,0,0,0,0,0,0,0,0,0,,,,
85|104,0,0,0,0,0,0,0,1,0,0,0,0,0,0,0,0,0|0#1|0#2|0#3|0#4|0#5|0#6|0#7|0#8|0#9|0#10|0#11|0#12|0,0|0#1|0#2|0#3|0#4|0#5|0#6|0#7|0#8|0#9|0#10|0#11|0#12|0,0|0#1|0#2|0#3|0#4|0#5|0#6|0#7|0#8|0#9|0#10|0#11|0#12|0,0|0#1|0#2|0#3|0#4|0#5|0#6|0#7|0#8|0#9|0#10|0#11|0#12|0
33|105,0,0,0,0,0,0,0,0,0,0,0,0,0,0,0,0,,,,
117|12,0,0,0,0,0,0,0,0,0,0,0,0,0,0,0,0,,,,
65|31,0,0,0,0,0,0,0,0,0,0,0,3,0,0,0,0,0|0#1|0#2|0#3|0#4|0#5|0#6|0#7|0#8|0#9|0#10|0#11|0#12|0,,,
110|119,0,0,0,0,0,0,0,0,0,0,0,0,0,0,0,0,,,,
20|118,0,0,0,0,0,0,0,0,0,0,0,0,0,0,0,0,,,,
99|108,0,0,0,0,0,0,0,0,0,0,0,1,0,0,0,0,,,,
84|42,0,0,0,0,0,0,0,0,0,0,0,0,0,0,0,0,,,,
8|58,0,0,0,0,0,0,0,0,0,0,0,0,0,0,0,0,,,,
18|15,0,0,0,0,0,0,0,0,0,0,0,0,0,0,0,0,,,,
49|68,0,0,0,0,0,0,0,0,0,0,0,0,0,0,0,0,,,,
71|100,0,0,0,0,0,0,0,0,1,0,0,1,0,0,0,0,,,,
148|65,0,0,0,0,0,0,0,0,0,0,0,0,0,0,0,0,0|0#1|0#2|0#3|0#4|0#5|0#6|0#7|0#8|0#9|0#10|0#11|0#12|0,0|0#1|0#2|0#3|0#4|0#5|0#6|0#7|0#8|0#9|0#10|0#11|0#12|0,0|0#1|0#2|0#3|0#4|0#5|0#6|0#7|0#8|0#9|0#10|0#11|0#12|0,0|0#1|0#2|0#3|0#4|0#5|0#6|0#7|0#8|0#9|0#10|0#11|0#12|0
94|59,25,17,18,12,3,3,7,5,2,1,14,3,11,0,0,0,0|0#1|0#2|0#3|4#4|4#5|4#6|4#7|4#8|4#9|4#10|4#11|4#12|0,0|0#1|0#2|0#3|4#4|4#5|4#6|4#7|4#8|4#9|4#10|4#11|4#12|0,0|0#1|0#2|0#3|4#4|4#5|4#6|4#7|4#8|4#9|4#10|4#11|4#12|0,0|0#1|0#2|0#3|4#4|4#5|4#6|4#7|4#8|4#9|4#10|4#11|4#12|0
68|79,0,0,0,0,0,0,0,0,0,0,0,0,0,0,0,0,0|0#1|0#2|0#3|0#4|0#5|0#6|0#7|0#8|0#9|0#10|0#11|0#12|0,,0|0#1|0#2|0#3|0#4|0#5|0#6|0#7|0#8|0#9|0#10|0#11|0#12|0,0|0#1|0#2|0#3|0#4|0#5|0#6|0#7|0#8|0#9|0#10|0#11|0#12|0
129|54,0,0,0,0,0,0,0,0,0,0,0,0,0,0,0,0,,,,
123|106,0,0,0,0,0,0,0,0,1,0,0,0,0,0,0,0,,,,
96|84,0,0,0,0,0,0,0,0,0,0,0,0,0,0,0,0,0|0#1|0#2|0#3|0#4|0#5|0#6|0#7|0#8|0#9|0#10|0#11|0#12|0,0|0#1|0#2|0#3|0#4|0#5|0#6|0#7|0#8|0#9|0#10|0#11|0#12|0,0|0#1|0#2|0#3|0#4|0#5|0#6|0#7|0#8|0#9|0#10|0#11|0#12|0,0|0#1|0#2|0#3|0#4|0#5|0#6|0#7|0#8|0#9|0#10|0#11|0#12|0
151|8,0,0,0,0,0,1,0,0,0,0,0,4,1,0,0,0,,,,
37|26,8,4,20,10,3,4,4,1,6,0,4,5,7,0,0,0,0|0#1|0#2|0#3|0#4|0#5|0#6|0#7|0#8|0#9|0#10|0#11|0#12|0,,0|0#1|0#2|0#3|0#4|0#5|0#6|0#7|0#8|0#9|0#10|0#11|0#12|0,
72|117,0,0,0,0,0,0,0,0,0,0,0,0,0,0,0,0,,,,
56|37,0,0,0,0,0,0,0,0,1,0,0,0,0,0,0,0,,,,
127|29,0,0,0,0,0,0,0,0,0,0,0,0,0,0,0,0,,,,
91|11,0,0,0,0,0,0,0,0,0,0,0,0,0,0,0,0,,,,
39|51,0,0,0,0,0,0,0,0,0,0,0,0,0,0,0,0,,,,
82|17,0,0,0,0,0,0,0,0,0,0,0,1,0,0,0,0,,,,
108|18,0,0,0,0,0,0,0,0,0,0,0,0,0,0,0,0,,,,
