48|98,0,0,0,0,0,0,0,0,0,0,0,0,0,0,0,0,,,,
97|127,0,0,0,0,0,0,0,0,0,0,0,0,0,0,0,0,,,,
4|40,0,0,0,0,0,0,0,0,0,0,0,0,0,0,0,0,,,,
109|73,0,0,0,0,0,0,0,0,0,0,0,0,1,0,0,0,0|0#1|0#2|0#3|1#4|0#5|0#6|0#7|0#8|0#9|0#10|0#11|0#12|0,0|0#1|0#2|0#3|0#4|0#5|0#6|0#7|0#8|0#9|0#10|0#11|0#12|0,0|0#1|0#2|0#3|0#4|0#5|0#6|0#7|0#8|0#9|0#10|0#11|0#12|0,0|0#1|0#2|0#3|0#4|0#5|0#6|0#7|0#8|0#9|0#10|0#11|0#12|0
126|59,0,0,0,0,0,0,0,0,0,0,0,0,0,0,0,0,,,,
70|136,0,0,0,0,0,0,0,0,0,0,0,0,0,0,0,0,,,,
89|9,0,0,0,0,0,0,0,0,0,0,0,0,0,0,0,0,,,,
148|4,0,0,0,0,0,0,0,0,0,0,0,0,0,0,0,0,,,,
7|88,0,0,0,0,0,0,0,0,0,0,0,0,0,0,0,0,,,,
134|112,0,0,0,0,0,0,0,1,1,0,0,0,0,0,0,0,,,,
19|103,0,0,0,0,0,0,0,0,0,0,0,0,0,0,0,0,,,,
43|25,0,0,0,0,0,0,0,0,0,0,0,0,0,0,0,0,,,,
107|48,9,1,30,0,2,3,2,4,9,0,8,0,0,0,0,0,0|0#1|0#2|0#3|0#4|0#5|0#6|0#7|0#8|0#9|0#10|0#11|0#12|0,,0|0#1|0#2|0#3|0#4|0#5|0#6|0#7|0#8|0#9|0#10|0#11|0#12|0,
114|17,0,0,0,0,0,0,0,0,0,0,0,0,0,0,0,0,,,,
90|41,0,0,0,0,0,0,0,0,0,0,0,0,0,0,0,0,,,,
133|28,0,0,0,0,0,0,0,0,0,0,0,0,0,0,0,0,,,,
19|70,0,0,0,0,0,0,0,0,0,0,0,0,0,0,0,0,,,,
38|81,0,0,0,0,0,0,0,0,0,0,0,0,0,0,0,0,,,,
116|42,0,0,0,0,0,0,0,0,0,0,0,0,0,0,0,0,,,,
123|11,0,0,0,0,0,0,0,0,0,0,0,0,0,0,0,0,,,,
135|129,0,0,0,0,0,0,0,0,0,0,0,0,0,0,0,0,,,,
152|39,0,0,0,0,0,0,0,0,0,0,0,0,0,0,0,0,,,,
57|92,30,3,110,6,1,5,6,2,15,0,18,3,1,0,0,0,,,,
71|30,2,0,0,0,0,0,0,0,0,0,0,0,0,0,0,0,0|0#1|0#2|0#3|0#4|0#5|0#6|0#7|0#8|0#9|0#10|0#11|0#12|0,,0|0#1|0#2|0#3|0#4|0#5|0#6|0#7|0#8|0#9|0#10|0#11|0#12|0,
81|47,1,1,5,3,0,0,1,0,0,0,1,1,0,0,0,0,0|0#1|0#2|0#3|0#4|0#5|0#6|0#7|0#8|0#9|0#10|0#11|0#12|0,0|0#1|0#2|0#3|0#4|0#5|0#6|0#7|0#8|0#9|0#10|0#11|0#12|0,0|0#1|0#2|0#3|0#4|0#5|0#6|0#7|0#8|0#9|0#10|0#11|0#12|0,0|0#1|0#2|0#3|0#4|0#5|0#6|0#7|0#8|0#9|0#10|0#11|0#12|0
83|123,0,0,0,0,0,0,0,0,0,0,0,0,0,0,0,0,,,,
44|111,0,0,0,0,0,0,0,0,0,0,0,0,0,0,0,0,,,,
93|89,0,0,0,0,0,2,0,0,0,0,0,1,0,0,0,0,,,0|0#1|0#2|0#3|0#4|0#5|0#6|0#7|0#8|0#9|0#10|0#11|0#12|0,
55|67,0,0,0,0,0,0,0,0,0,0,0,0,0,0,0,0,,0|0#1|0#2|0#3|0#4|0#5|0#6|0#7|0#8|0#9|0#10|0#11|0#12|0,,0|0#1|0#2|0#3|0#4|0#5|0#6|0#7|0#8|0#9|0#10|0#11|0#12|0
36|56,0,0,0,0,0,0,0,0,0,0,0,0,0,0,0,0,,,,
2|15,0,0,0,0,0,0,0,0,0,0,0,0,0,0,0,0,,,,
142|22,0,0,0,0,0,0,0,0,0,0,0,0,0,0,0,0,,,,
62|36,0,0,0,0,0,0,0,0,0,0,0,0,0,0,0,0,,,,
45|128,0,0,0,0,0,0,0,0,0,0,0,0,0,0,0,0,,,,
31|124,0,0,0,0,0,0,0,0,0,0,0,0,0,0,0,0,,,,
17|45,0,0,0,0,0,0,0,0,0,0,0,0,0,0,0,0,,,,
74|78,0,0,0,0,0,0,0,0,1,0,0,0,0,0,0,0,0|0#1|0#2|0#3|0#4|0#5|0#6|0#7|0#8|0#9|0#10|0#11|0#12|0,0|0#1|0#2|0#3|0#4|0#5|0#6|0#7|0#8|0#9|0#10|0#11|0#12|0,0|0#1|0#2|0#3|0#4|0#5|0#6|0#7|0#8|0#9|0#10|0#11|0#12|0,0|0#1|0#2|0#3|0#4|0#5|0#6|0#7|0#8|0#9|0#10|0#11|0#12|0
29|87,0,0,0,0,0,0,0,0,0,0,0,0,0,0,0,0,,,,
24|14,0,0,0,0,0,0,0,0,0,0,0,0,0,0,0,0,,,,
83|72,0,0,0,0,0,0,0,0,0,0,0,0,0,0,0,0,,,,
148|116,0,0,0,0,0,0,0,0,0,0,0,0,0,0,0,0,,,,
45|50,1,0,0,0,0,0,0,0,0,0,0,1,2,0,0,0,0|0#1|0#2|0#3|0#4|0#5|0#6|0#7|0#8|0#9|0#10|0#11|0#12|0,,0|0#1|0#2|0#3|0#4|0#5|0#6|0#7|0#8|0#9|0#10|0#11|0#12|0,0|0#1|0#2|0#3|0#4|0#5|0#6|0#7|0#8|0#9|0#10|0#11|0#12|0
96|110,0,1,0,0,0,0,0,0,1,0,0,0,0,0,0,0,,,,
58|115,0,0,0,0,0,0,0,0,0,0,0,0,0,0,0,0,,,,
109|104,0,0,0,0,0,0,0,0,0,0,0,0,0,0,0,0,,,,
135|53,0,0,0,0,0,0,0,0,0,0,0,0,0,0,0,0,,,,
64|61,0,0,0,2,0,0,0,1,0,0,0,1,0,0,0,0,0|0#1|0#2|0#3|0#4|0#5|0#6|0#7|0#8|0#9|0#10|1#11|0#12|0,0|0#1|0#2|0#3|0#4|0#5|0#6|0#7|0#8|0#9|0#10|0#11|0#12|0,0|0#1|0#2|0#3|0#4|0#5|0#6|1#7|0#8|0#9|0#10|0#11|0#12|0,0|0#1|0#2|0#3|0#4|0#5|0#6|0#7|0#8|0#9|0#10|0#11|0#12|0
128|84,0,0,0,0,0,0,0,0,0,0,0,0,0,0,0,0,,,,
147|95,0,0,0,0,0,0,0,0,0,0,0,0,0,0,0,0,,,,
121|125,0,0,0,0,0,0,0,0,0,0,0,0,0,0,0,0,,,,
