84|43,0,0,0,0,0,0,0,0,0,0,0,0,0,0,0,0,0|0#1|0#2|0#3|0#4|0#5|0#6|0#7|0#8|0#9|0#10|0#11|0#12|0,,0|0#1|0#2|0#3|0#4|0#5|0#6|0#7|0#8|0#9|0#10|0#11|0#12|0,
82|18,0,0,0,0,0,0,0,0,0,0,0,6,0,0,0,0,,,,
108|19,0,0,0,0,0,0,0,0,0,0,0,0,0,0,0,0,,,,
117|13,0,0,0,0,0,0,0,0,0,0,0,0,0,0,0,0,,,,
148|66,0,0,0,0,0,0,0,0,0,0,0,3,0,0,0,0,,0|0#1|0#2|0#3|0#4|0#5|0#6|0#7|0#8|0#9|0#10|0#11|0#12|0,0|0#1|0#2|0#3|0#4|0#5|0#6|0#7|0#8|0#9|0#10|0#11|0#12|0,0|0#1|0#2|0#3|0#4|0#5|0#6|0#7|0#8|0#9|0#10|0#11|0#12|0
75|49,0,0,0,0,0,0,0,0,0,0,0,0,0,0,0,0,,,,
37|27,12,4,8,1,3,2,0,1,3,0,1,4,0,0,0,0,,,,
5|11,0,0,0,0,0,0,0,0,0,0,0,0,0,0,0,0,,,,
58|63,0,0,0,0,0,0,0,0,0,0,0,0,0,0,0,0,,,,
72|118,0,0,0,0,0,0,0,0,0,0,0,0,0,0,0,0,,,,
8|59,0,0,0,0,0,0,0,0,0,0,0,0,0,0,0,0,,,,
18|16,0,0,0,0,0,0,0,0,1,0,0,0,0,0,0,0,,,,
96|85,1,0,0,0,0,0,0,4,0,0,0,5,0,0,0,0,,,,
46|21,0,0,0,0,0,0,0,0,0,0,0,0,0,0,0,0,,,0|0#1|0#2|0#3|0#4|0#5|0#6|0#7|0#8|0#9|0#10|0#11|0#12|0,
136|24,0,0,0,0,0,0,0,0,0,0,0,0,0,0,0,0,,,,
99|109,0,0,0,0,0,0,0,0,1,0,0,0,0,0,0,0,,,,
77|74,1,0,9,2,1,2,3,2,0,0,0,0,1,0,1,0,,,,
71|101,0,0,0,0,0,0,0,0,0,0,0,0,0,0,0,0,,,,
21|4,0,0,0,0,0,0,0,0,0,0,0,0,0,0,0,0,,,,
27|10,0,0,0,0,0,0,0,0,0,0,0,0,0,0,0,0,,,,
151|9,0,1,2,0,1,1,1,2,1,0,0,1,0,0,0,0,,,,
49|69,0,0,0,0,0,0,0,0,0,0,0,0,0,0,0,0,,,,
33|106,0,0,0,0,0,0,0,0,0,0,0,0,0,0,0,0,,,,
39|52,0,0,0,0,0,0,0,0,0,0,0,0,0,0,0,0,,,,
65|32,0,0,0,0,0,0,0,0,0,0,0,3,0,0,0,0,0|0#1|0#2|0#3|0#4|0#5|0#6|0#7|0#8|0#9|0#10|0#11|0#12|0,0|0#1|0#2|0#3|0#4|0#5|0#6|0#7|0#8|0#9|0#10|0#11|0#12|0,0|0#1|0#2|0#3|0#4|0#5|0#6|0#7|0#8|0#9|0#10|0#11|0#12|0,0|0#1|0#2|0#3|0#4|0#5|0#6|0#7|0#8|0#9|0#10|0#11|0#12|0
123|107,0,0,0,0,0,0,0,0,0,0,0,0,0,0,0,0,,,,
91|12,0,0,0,0,0,0,0,0,0,0,0,0,0,0,0,0,,,,
85|105,0,0,0,0,0,1,0,0,0,0,0,0,0,0,0,0,,,,
56|38,0,0,0,0,0,0,0,0,0,0,0,0,0,0,0,0,,,,
129|55,0,0,0,0,0,0,0,0,0,0,0,0,0,0,0,0,,,,
20|119,0,0,0,0,0,0,0,0,0,0,0,0,0,0,0,0,,,,
