41|68,0,0,0,0,0,0,0,0,0,0,0,0,0,0,0,0,,,,
10|15,0,0,0,0,0,0,0,0,0,0,0,0,0,0,0,0,,,,
6|121,0,0,0,0,0,0,0,0,0,0,0,0,0,0,0,0,,,,
15|88,0,0,0,0,0,0,0,0,0,0,0,0,0,0,0,0,,,,
31|51,0,0,0,0,0,0,0,0,0,0,0,0,0,0,0,0,,,,
22|57,0,0,0,0,0,0,0,0,0,0,0,0,0,0,0,0,,,,
65|2,0,0,0,0,0,0,0,0,0,0,0,0,0,0,0,0,,,,
28|111,0,0,0,0,0,0,0,0,0,0,0,0,0,0,0,0,,,,
54|136,0,0,0,0,0,0,0,0,0,0,0,0,0,0,0,0,,,,
12|40,0,0,0,0,0,0,0,0,0,0,0,0,0,0,0,0,,,,
60|79,0,0,0,0,0,0,0,0,0,0,0,0,0,0,0,0,,,,
7|138,0,0,0,0,0,0,0,0,0,0,0,0,0,0,0,0,,,,
50|62,0,0,0,0,0,0,0,0,0,0,0,0,0,0,0,0,,,,
100|18,0,0,0,0,0,0,0,0,0,0,0,0,0,0,0,0,,,,
91|0,0,0,0,0,0,0,0,0,0,0,0,0,0,0,0,0,,,,
15|124,0,0,0,0,0,0,0,0,0,0,0,0,0,0,0,0,,,,
0|58,0,0,0,0,0,0,0,0,0,0,0,0,0,0,0,0,,,,
118|112,0,0,0,0,0,0,0,0,0,0,0,0,0,0,0,0,,,,
92|131,0,0,0,0,0,0,0,0,0,0,0,0,0,0,0,0,,,,
105|125,0,0,0,0,0,0,0,0,0,0,0,2,0,0,0,0,,,,
142|90,0,0,0,0,0,0,0,0,0,0,0,0,0,0,0,0,,,,
114|85,0,0,0,0,0,0,0,0,0,0,0,3,0,0,0,0,0|0#1|0#2|0#3|0#4|0#5|0#6|0#7|0#8|0#9|0#10|0#11|0#12|0,,0|0#1|0#2|0#3|0#4|0#5|0#6|0#7|0#8|0#9|0#10|0#11|0#12|0,
24|82,0,0,0,0,0,0,0,0,0,0,0,0,0,0,0,0,,,,
43|93,0,0,0,0,0,0,0,0,0,0,0,0,0,0,0,0,,,,
29|128,0,0,0,0,0,0,0,0,0,0,0,0,0,0,0,0,,,,
2|83,0,0,0,0,0,0,0,0,0,0,0,0,0,0,0,0,,,,
39|4,0,0,0,0,0,0,0,0,0,0,0,0,0,0,0,0,,,,
67|123,0,0,0,0,0,0,0,0,0,0,0,0,0,0,0,0,,,,
144|137,0,0,0,0,0,0,0,0,0,0,0,4,0,0,0,0,,,,
40|132,0,0,0,0,0,0,0,0,0,0,0,0,0,0,0,0,,,,
102|43,4,6,6,1,0,3,0,1,0,0,6,4,1,0,0,0,0|0#1|0#2|0#3|2#4|0#5|0#6|0#7|1#8|0#9|0#10|0#11|0#12|0,0|0#1|0#2|0#3|0#4|0#5|0#6|0#7|0#8|0#9|0#10|0#11|0#12|0,0|0#1|0#2|0#3|0#4|0#5|0#6|1#7|0#8|0#9|0#10|0#11|0#12|0,0|0#1|0#2|0#3|0#4|0#5|0#6|0#7|0#8|0#9|0#10|0#11|0#12|0
133|96,0,0,0,0,0,0,0,0,0,0,0,0,1,0,0,0,,,,
143|120,0,0,0,0,0,0,0,0,0,0,0,0,0,0,0,0,,,,
121|54,5,7,7,5,0,1,1,14,1,1,1,5,1,0,0,0,0|0#1|0#2|0#3|0#4|0#5|1#6|0#7|0#8|1#9|0#10|0#11|0#12|0,0|0#1|0#2|0#3|0#4|0#5|0#6|0#7|0#8|0#9|0#10|0#11|0#12|0,0|0#1|0#2|0#3|0#4|0#5|0#6|0#7|0#8|0#9|1#10|0#11|0#12|0,0|0#1|0#2|0#3|0#4|0#5|0#6|0#7|0#8|0#9|0#10|0#11|0#12|0
130|133,0,0,0,0,0,0,0,0,0,0,0,0,0,0,0,0,,,,
119|129,3,5,6,1,4,6,2,1,9,0,3,2,1,0,0,0,,,,
34|99,0,0,0,0,0,0,0,0,0,0,0,0,0,0,0,0,,,,
140|65,0,0,0,0,0,0,0,0,0,0,0,0,0,0,0,0,0|0#1|0#2|0#3|0#4|0#5|0#6|0#7|0#8|0#9|0#10|0#11|0#12|0,0|0#1|0#2|0#3|0#4|0#5|0#6|0#7|0#8|0#9|0#10|0#11|0#12|0,0|0#1|0#2|0#3|0#4|0#5|0#6|0#7|0#8|0#9|0#10|0#11|0#12|0,0|0#1|0#2|0#3|0#4|0#5|0#6|0#7|0#8|0#9|0#10|0#11|0#12|0
89|14,0,0,0,0,0,0,0,0,0,0,0,0,0,0,0,0,,,,
