28|128,0,0,0,0,0,0,0,0,0,0,0,0,0,0,0,0,,,,
12|57,0,0,0,0,0,0,0,0,0,0,0,0,0,0,0,0,,,,
50|79,0,3,0,0,0,0,0,3,0,1,0,0,1,0,0,0,0|0#1|0#2|0#3|0#4|0#5|0#6|0#7|0#8|0#9|0#10|0#11|0#12|0,0|0#1|0#2|0#3|0#4|0#5|0#6|0#7|0#8|0#9|0#10|0#11|0#12|0,0|0#1|0#2|0#3|0#4|0#5|0#6|0#7|0#8|0#9|0#10|0#11|0#12|0,0|0#1|0#2|0#3|0#4|0#5|0#6|0#7|0#8|0#9|0#10|0#11|0#12|0
53|136,0,0,0,0,0,0,0,0,0,0,0,0,0,0,0,0,,,,
79|110,0,0,0,0,0,0,0,0,0,0,0,0,0,0,0,0,,,,
31|68,0,0,0,0,0,0,0,0,0,0,0,0,0,0,0,0,,,,
142|120,0,0,0,0,0,0,0,0,0,0,0,0,0,0,0,0,,,,
6|138,0,0,0,0,0,0,0,0,0,0,0,0,0,0,0,0,,,,
104|85,0,0,14,0,1,3,2,1,0,0,5,5,6,0,0,0,0|0#1|0#2|0#3|0#4|0#5|0#6|0#7|0#8|0#9|0#10|0#11|0#12|0,,0|0#1|0#2|0#3|0#4|0#5|0#6|0#7|0#8|0#9|0#10|0#11|0#12|0,
118|129,0,0,0,0,0,2,0,0,1,0,1,0,0,0,0,0,,,,
40|62,0,0,0,0,0,0,0,0,0,0,0,0,0,0,0,0,,,,
111|54,30,13,155,5,4,8,8,13,3,0,35,9,3,0,0,0,0|0#1|0#2|0#3|3#4|2#5|0#6|0#7|0#8|0#9|0#10|0#11|1#12|0,0|0#1|0#2|0#3|2#4|0#5|0#6|0#7|0#8|0#9|0#10|0#11|0#12|0,0|0#1|0#2|0#3|3#4|1#5|0#6|0#7|0#8|0#9|0#10|0#11|2#12|0,0|0#1|0#2|0#3|2#4|0#5|0#6|0#7|0#8|0#9|0#10|0#11|1#12|0
24|99,0,0,0,0,0,0,0,0,0,0,0,0,0,0,0,0,,,,
21|51,0,1,0,0,0,0,0,6,0,0,0,1,0,0,0,0,,,,
130|65,0,0,0,0,0,0,0,0,0,0,0,0,0,0,0,0,,,,
117|112,0,0,0,0,0,0,0,0,0,0,0,0,0,0,0,0,,,,
27|111,0,0,0,0,0,0,0,0,0,0,0,0,0,0,0,0,,,,
132|90,0,0,0,0,0,0,0,1,0,0,1,0,0,0,0,0,,,,
91|131,0,0,0,0,0,0,0,0,0,0,0,0,0,0,0,0,,,,
66|123,0,0,0,0,0,0,0,0,0,0,0,0,0,0,0,0,,,,
14|82,0,0,0,0,0,0,0,0,0,0,0,0,0,0,0,0,,,,
104|125,0,0,0,0,0,0,0,0,0,0,0,10,0,0,0,0,,,,
33|93,0,0,0,0,0,0,0,0,0,0,0,0,0,0,0,0,,,,
123|96,0,0,0,0,0,0,0,0,0,0,0,0,0,0,0,0,,,,
143|137,0,0,0,0,0,0,0,0,0,0,0,1,0,0,0,0,,,,
5|121,0,0,0,0,0,0,0,0,0,0,0,0,0,0,0,0,,,,
14|124,0,0,0,0,0,0,0,0,0,0,0,0,0,0,0,0,,,,
79|14,0,0,0,0,0,0,0,0,0,0,0,0,0,0,0,0,,,,
98|25,0,0,0,0,0,0,0,0,0,0,0,0,0,0,0,0,,,,
