101|65,215,80,564,4,37,31,17,38,13,19,223,105,42,3,0,0,0|0#1|0#2|0#3|4#4|4#5|4#6|4#7|4#8|4#9|4#10|4#11|4#12|0,0|0#1|0#2|0#3|4#4|4#5|4#6|4#7|4#8|4#9|4#10|4#11|4#12|0,0|0#1|0#2|0#3|4#4|4#5|4#6|4#7|4#8|4#9|4#10|4#11|4#12|0,0|0#1|0#2|0#3|4#4|4#5|4#6|4#7|4#8|4#9|4#10|4#11|4#12|0
103|90,0,0,0,0,0,0,0,0,0,0,0,0,0,0,0,0,0|0#1|0#2|0#3|0#4|0#5|0#6|0#7|0#8|0#9|0#10|0#11|0#12|0,,0|0#1|0#2|0#3|0#4|0#5|0#6|0#7|0#8|0#9|0#10|0#11|0#12|0,
120|76,1,0,2,0,0,1,0,0,0,0,0,0,0,0,0,0,,0|0#1|0#2|0#3|0#4|0#5|0#6|0#7|0#8|0#9|0#10|0#11|0#12|0,,0|0#1|0#2|0#3|0#4|0#5|0#6|0#7|0#8|0#9|0#10|0#11|0#12|0
51|130,0,0,0,0,0,0,0,0,0,0,0,0,0,0,0,0,,,,
141|131,0,0,0,0,0,0,0,0,0,0,0,1,0,0,0,0,,,,
116|123,0,0,0,0,0,0,0,0,0,0,0,0,0,0,0,0,,,,
21|79,0,0,0,0,0,0,0,0,0,0,0,0,0,0,0,0,,,,
11|62,0,0,0,0,0,0,0,0,0,0,0,0,0,0,0,0,,,,
30|73,0,0,0,0,0,0,0,0,0,0,0,0,0,0,0,0,,,,
26|122,0,0,0,0,0,0,0,0,0,0,0,0,0,0,0,0,,,,
103|136,0,0,0,0,0,0,0,0,0,0,0,0,0,0,0,0,,,,
4|132,0,0,0,0,0,0,0,0,0,0,0,0,0,0,0,0,,,,
88|36,0,0,0,0,0,0,0,0,0,0,0,0,0,0,0,0,0|0#1|0#2|0#3|0#4|0#5|0#6|0#7|0#8|0#9|0#10|0#11|0#12|0,0|0#1|0#2|0#3|0#4|0#5|0#6|0#7|0#8|0#9|0#10|0#11|0#12|0,,
90|142,0,0,0,0,0,0,0,0,0,0,0,0,0,0,0,0,,,,
52|147,0,0,0,0,0,0,0,0,0,0,0,0,0,0,0,0,,,,
13|135,0,0,0,0,0,0,0,0,0,0,0,0,0,0,0,0,,,,
65|134,0,0,0,0,0,0,0,0,0,0,0,0,0,0,0,0,,,,
78|121,0,0,0,0,0,0,0,0,1,0,0,0,0,0,0,0,,,,
79|138,0,0,0,0,0,0,0,0,0,0,0,0,0,0,0,0,,,,
97|30,0,0,0,0,0,0,0,1,0,0,0,1,1,0,1,0,0|0#1|0#2|0#3|0#4|0#5|0#6|0#7|1#8|1#9|1#10|0#11|0#12|0,0|0#1|0#2|0#3|0#4|0#5|0#6|0#7|0#8|0#9|0#10|0#11|0#12|0,0|0#1|0#2|0#3|0#4|0#5|0#6|1#7|1#8|1#9|0#10|0#11|0#12|0,0|0#1|0#2|0#3|0#4|0#5|0#6|0#7|0#8|0#9|0#10|0#11|0#12|0
27|139,0,0,0,0,0,0,0,0,0,0,0,0,0,0,0,0,,,,
27|1,0,0,0,0,0,0,0,0,0,0,0,0,0,0,0,0,,,,
69|25,0,0,0,0,0,0,0,0,0,0,0,0,0,0,0,0,,,,
129|110,0,1,2,3,2,10,1,4,0,0,2,0,1,1,0,0,,,,
149|11,0,0,0,0,0,0,0,0,0,0,0,0,0,0,0,0,,,,
