20|146,0,0,0,0,0,0,0,0,0,0,0,0,0,0,0,0,,,,
33|133,0,0,0,0,0,0,0,0,0,0,0,0,0,0,0,0,,,,
85|132,0,0,0,0,0,0,0,0,0,0,0,0,0,0,0,0,,,,
75|76,0,0,0,0,0,0,0,0,0,0,0,0,0,0,0,0,,,,
143|20,0,0,0,0,0,0,0,0,0,0,0,0,0,0,0,0,,,,
46|120,0,0,0,0,0,0,0,0,0,0,0,0,0,0,0,0,,,,
115|15,0,0,0,0,0,0,0,0,0,0,0,0,0,0,0,0,,,,
94|87,121,31,358,8,19,29,9,41,5,5,95,10,27,0,0,0,0|0#1|0#2|0#3|0#4|0#5|0#6|0#7|0#8|0#9|0#10|0#11|0#12|0,,0|0#1|0#2|0#3|0#4|0#5|0#6|0#7|0#8|0#9|0#10|0#11|0#12|0,
127|57,0,0,0,0,0,0,0,0,0,0,0,0,0,0,0,0,0|0#1|0#2|0#3|0#4|0#5|0#6|0#7|0#8|0#9|0#10|0#11|0#12|0,,0|0#1|0#2|0#3|0#4|0#5|0#6|0#7|0#8|0#9|0#10|0#11|0#12|0,
25|12,0,0,0,0,0,0,0,0,0,0,0,0,0,0,0,0,,,,
49|96,0,0,0,0,0,0,0,1,2,0,0,0,0,0,0,0,,,,
44|23,0,0,0,0,0,0,0,0,0,0,0,0,0,0,0,0,,,,
72|145,0,0,0,0,0,0,0,0,0,0,0,0,0,0,0,0,,,,
99|136,0,11,0,0,0,0,0,0,0,1,0,0,0,0,0,0,,,,
82|45,0,0,0,0,0,0,0,0,0,0,0,0,0,0,0,0,,0|0#1|0#2|0#3|0#4|0#5|0#6|0#7|0#8|0#9|0#10|0#11|0#12|0,,
8|86,0,0,0,0,0,0,0,0,0,0,0,0,0,0,0,0,,,,
117|40,0,0,0,0,0,0,0,0,0,0,0,0,0,0,0,0,,,,
134|26,0,0,0,0,0,0,0,0,0,0,0,0,0,0,0,0,,,,
47|137,0,0,0,0,0,0,0,0,0,0,0,0,0,0,0,0,,,,
37|54,0,0,0,0,0,0,0,0,0,0,0,0,0,0,0,0,,,,
136|51,0,0,0,0,0,0,0,0,0,0,0,0,0,0,0,0,,,,
84|70,17,4,37,6,4,2,7,10,7,0,14,3,17,0,0,0,0|0#1|0#2|0#3|3#4|1#5|0#6|0#7|0#8|0#9|0#10|0#11|0#12|0,0|0#1|0#2|0#3|2#4|2#5|0#6|0#7|0#8|0#9|0#10|0#11|0#12|0,0|0#1|0#2|0#3|2#4|0#5|0#6|0#7|0#8|0#9|0#10|0#11|0#12|0,0|0#1|0#2|0#3|2#4|0#5|0#6|0#7|0#8|0#9|0#10|0#11|0#12|0
35|29,0,0,0,0,0,0,0,0,0,0,0,0,0,0,0,0,,,,
18|43,0,0,0,0,0,0,0,0,0,0,0,0,0,0,0,0,,,,
16|18,0,0,0,0,0,0,0,0,0,0,0,0,0,0,0,0,,,,
63|34,0,0,0,0,0,0,0,0,0,0,0,2,2,0,0,0,,0|0#1|0#2|0#3|0#4|0#5|0#6|0#7|0#8|0#9|0#10|0#11|0#12|0,,
108|46,0,0,0,0,0,0,0,0,0,0,0,0,0,0,0,0,0|0#1|0#2|0#3|2#4|0#5|0#6|0#7|0#8|0#9|0#10|0#11|0#12|0,0|0#1|0#2|0#3|1#4|0#5|0#6|0#7|0#8|0#9|0#10|0#11|0#12|0,0|0#1|0#2|0#3|1#4|0#5|0#6|0#7|0#8|0#9|0#10|0#11|0#12|0,0|0#1|0#2|0#3|0#4|0#5|0#6|0#7|0#8|0#9|0#10|0#11|0#12|0
56|65,0,0,0,0,0,0,0,0,0,0,0,0,0,0,0,0,0|0#1|0#2|0#3|0#4|0#5|0#6|0#7|0#8|0#9|0#10|0#11|0#12|0,,0|0#1|0#2|0#3|0#4|0#5|0#6|0#7|0#8|0#9|0#10|0#11|0#12|0,
129|82,0,0,0,0,0,0,0,0,0,0,0,0,0,0,0,0,,,,
139|99,0,0,0,0,0,0,0,0,0,0,0,0,0,0,0,0,,,,
137|138,0,0,0,0,0,0,0,0,0,0,0,0,0,0,0,0,,,,
3|13,0,0,0,0,0,0,0,0,0,0,0,0,0,0,0,0,,,,
136|121,0,0,0,0,0,0,0,0,0,0,0,0,0,0,0,0,,,,
99|7,0,0,0,0,0,0,0,0,0,0,0,0,0,0,0,0,,,,
110|147,0,0,0,0,0,0,0,0,0,0,0,1,0,0,0,0,,,,
146|68,28,13,42,1,1,3,5,2,1,0,10,0,7,0,0,0,0|0#1|0#2|0#3|0#4|0#5|0#6|0#7|0#8|0#9|0#10|0#11|0#12|0,,0|0#1|0#2|0#3|0#4|0#5|0#6|0#7|0#8|0#9|0#10|0#11|0#12|0,0|0#1|0#2|0#3|0#4|0#5|0#6|0#7|0#8|0#9|0#10|0#11|0#12|0
58|90,1,0,0,0,0,0,1,1,1,0,0,0,0,0,0,0,,,,
123|134,0,0,1,0,0,0,0,0,0,0,0,0,0,0,0,0,,,,
148|93,0,0,0,0,0,0,0,0,0,0,0,0,0,0,0,0,,,,0|0#1|0#2|0#3|0#4|0#5|0#6|0#7|0#8|0#9|0#10|0#11|0#12|0
