58|34,1,0,1,0,0,0,0,0,1,0,0,3,1,0,0,0,,,,
1|130,0,0,0,0,0,0,0,0,0,0,0,0,0,0,0,0,,,,
39|23,3,0,2,0,2,4,2,0,19,0,6,1,16,0,1,0,,,,
100|134,0,0,0,0,0,0,0,0,0,0,0,0,0,0,0,0,,,,
114|138,7,5,12,0,10,13,1,3,35,4,5,12,2,0,0,0,,,,
76|136,0,0,0,0,0,0,0,0,0,0,0,0,0,0,0,0,,,,
152|133,0,0,0,0,0,0,0,0,0,0,0,0,0,0,0,0,,,,
84|14,1,0,0,0,1,0,0,0,1,0,0,1,0,0,0,0,,,,
119|9,0,0,0,0,0,0,0,0,0,0,0,0,0,0,0,0,,,,
89|123,0,0,0,0,0,0,0,0,0,0,0,0,0,0,0,0,,,,
145|7,0,0,0,0,0,0,0,0,0,0,0,0,0,0,0,0,,,,
62|132,0,0,0,0,0,0,0,0,0,0,0,0,0,0,0,0,,,,
77|45,0,0,0,0,0,0,0,0,0,0,0,0,0,0,0,0,,,,
127|125,1,0,0,0,0,1,0,0,1,0,0,1,0,0,0,0,,,,
113|121,0,0,0,0,0,0,0,0,0,0,0,1,0,0,0,0,,,,
148|37,0,0,0,0,0,0,0,0,0,0,0,0,0,0,0,0,,,,
2|147,0,0,0,0,0,0,0,0,0,0,0,0,0,0,0,0,,,,
15|2,0,0,0,0,0,0,0,0,0,0,0,0,0,0,0,0,,,,
79|70,0,1,0,0,0,0,1,0,0,0,0,0,0,0,0,0,,,,
98|81,0,0,0,0,0,1,0,0,0,0,0,0,0,0,0,0,0|0#1|0#2|0#3|1#4|0#5|0#6|0#7|0#8|0#9|0#10|0#11|0#12|0,0|0#1|0#2|0#3|0#4|0#5|0#6|0#7|0#8|0#9|0#10|0#11|0#12|0,0|0#1|0#2|0#3|0#4|0#5|0#6|0#7|0#8|0#9|0#10|0#11|0#12|0,0|0#1|0#2|0#3|0#4|0#5|0#6|0#7|0#8|0#9|0#10|0#11|0#12|0
10|133,0,0,0,0,0,0,0,0,0,0,0,0,0,0,0,0,,,,
89|87,0,0,0,0,0,0,0,0,0,0,0,0,0,0,0,0,,0|0#1|0#2|0#3|0#4|0#5|0#6|0#7|0#8|0#9|0#10|0#11|0#12|0,,0|0#1|0#2|0#3|0#4|0#5|0#6|0#7|0#8|0#9|0#10|0#11|0#12|0
129|26,0,0,0,0,0,0,0,0,0,0,0,0,0,0,0,0,,,,
41|0,0,0,0,0,0,0,0,0,0,0,0,0,0,0,0,0,,,,
23|120,0,0,0,0,0,0,0,0,0,0,0,0,0,0,0,0,,,,
24|137,0,0,0,0,0,0,0,0,0,0,0,0,0,0,0,0,,,,
96|56,23,13,32,45,6,7,2,7,0,1,14,8,10,1,0,0,0|0#1|0#2|0#3|4#4|4#5|4#6|4#7|4#8|4#9|4#10|4#11|4#12|0,0|0#1|0#2|0#3|4#4|4#5|4#6|4#7|4#8|4#9|4#10|4#11|4#12|0,0|0#1|0#2|0#3|4#4|4#5|4#6|4#7|4#8|4#9|4#10|4#11|4#12|0,0|0#1|0#2|0#3|4#4|4#5|4#6|4#7|4#8|4#9|4#10|4#11|4#12|0
37|124,0,0,0,0,0,0,0,0,0,0,0,0,0,0,0,0,,,,
138|20,0,0,0,0,0,0,0,0,0,0,0,0,0,0,0,0,,,,
10|88,0,0,0,0,0,0,0,0,0,0,0,0,0,0,0,0,,,,
