25|92,0,0,0,0,0,0,0,0,0,0,0,0,0,0,0,0,,,,
61|89,0,3,0,0,0,0,0,1,0,0,0,1,0,0,0,0,,,,
42|78,0,0,0,0,0,0,0,0,0,0,0,0,0,0,0,0,,,,
110|22,0,0,0,0,0,0,0,0,0,0,0,0,0,0,0,0,,,,
101|28,0,0,1,0,0,2,1,0,1,0,0,0,0,0,0,0,,,,
69|144,0,0,0,0,0,0,0,0,0,0,0,0,0,0,0,0,,,,
16|98,0,0,0,0,0,0,0,0,0,0,0,0,0,0,0,0,,,,
13|50,0,0,0,0,0,0,0,0,0,0,0,0,0,0,0,0,,,,
141|75,0,0,0,0,0,0,0,0,0,0,0,0,0,0,0,0,,0|0#1|0#2|0#3|0#4|0#5|0#6|0#7|0#8|0#9|0#10|0#11|0#12|0,,0|0#1|0#2|0#3|0#4|0#5|0#6|0#7|0#8|0#9|0#10|0#11|0#12|0
142|5,0,0,0,0,0,0,0,0,0,0,0,0,0,0,0,0,,,,
55|140,0,0,0,0,0,0,0,0,0,0,0,0,0,0,0,0,,,,
30|36,0,0,0,0,0,0,0,0,0,0,0,0,1,0,0,0,,,,
116|7,0,0,0,0,0,0,0,0,0,0,0,0,0,0,0,0,,,,
3|93,0,0,0,0,0,0,0,0,0,0,0,0,0,0,0,0,,,,
90|105,3,1,1,4,0,3,0,1,2,0,2,1,1,0,0,0,,,,
107|146,0,0,0,0,0,0,0,0,0,0,0,1,0,0,0,0,,,,
8|142,0,0,0,0,0,0,0,0,0,0,0,0,0,0,0,0,,,,
120|39,0,0,0,0,0,0,0,0,0,0,0,0,0,0,0,0,,,,
1|68,0,0,0,0,0,0,0,0,0,0,0,0,0,0,0,0,,,,
115|95,0,0,0,0,0,0,0,0,0,0,0,0,0,0,0,0,,,,
32|61,0,0,0,0,0,0,0,0,0,0,0,0,0,0,0,0,,,,
17|145,0,0,0,0,0,0,0,0,0,0,0,0,0,0,0,0,,,,
23|67,0,0,0,0,0,0,0,0,0,0,0,0,0,0,0,0,,,,
103|53,0,0,0,0,0,1,0,1,0,0,1,0,5,0,0,0,0|0#1|0#2|0#3|0#4|1#5|1#6|0#7|1#8|2#9|1#10|0#11|1#12|0,0|0#1|0#2|0#3|0#4|0#5|0#6|0#7|0#8|0#9|0#10|0#11|0#12|0,0|0#1|0#2|0#3|1#4|2#5|1#6|1#7|1#8|1#9|1#10|0#11|1#12|0,0|0#1|0#2|0#3|0#4|0#5|0#6|0#7|0#8|0#9|0#10|0#11|0#12|0
70|83,1,0,0,0,0,0,0,0,0,0,0,0,0,0,12,0,,,0|0#1|0#2|0#3|0#4|0#5|0#6|0#7|0#8|0#9|0#10|0#11|0#12|0,
145|141,0,0,0,0,0,0,0,0,0,0,0,0,0,0,0,0,,,,
11|25,0,0,0,0,0,0,0,0,1,0,0,0,0,0,0,0,,,,
51|72,0,0,0,0,0,1,0,0,0,0,0,0,0,0,0,0,0|0#1|0#2|0#3|0#4|0#5|0#6|0#7|0#8|0#9|0#10|0#11|0#12|0,,0|0#1|0#2|0#3|0#4|0#5|0#6|0#7|0#8|0#9|0#10|0#11|0#12|0,
122|64,0,0,0,0,0,0,0,0,0,0,0,0,0,0,0,0,,,0|0#1|0#2|0#3|0#4|0#5|0#6|0#7|0#8|0#9|0#10|0#11|0#12|0,
12|0,0,0,0,0,0,0,0,0,0,0,0,0,0,0,0,0,,,,
