58|19,4,2,4,0,0,0,1,3,1,0,1,10,1,0,0,0,,,,
62|117,0,0,0,0,0,0,0,0,0,0,0,0,0,0,0,0,,,,
111|95,0,0,0,0,0,0,0,0,0,0,0,2,0,0,0,0,,0|0#1|0#2|0#3|0#4|0#5|0#6|0#7|0#8|0#9|0#10|0#11|0#12|0,,0|0#1|0#2|0#3|0#4|0#5|0#6|0#7|0#8|0#9|0#10|0#11|0#12|0
152|118,0,0,0,0,0,0,0,0,0,0,0,0,0,0,0,0,,,,
1|115,0,0,0,0,0,0,0,0,0,0,0,0,0,0,0,0,,,,
79|55,1,0,0,0,0,0,0,1,0,0,0,0,0,0,0,0,0|0#1|0#2|0#3|2#4|1#5|0#6|0#7|0#8|0#9|0#10|0#11|0#12|0,0|0#1|0#2|0#3|1#4|0#5|0#6|0#7|0#8|0#9|0#10|0#11|0#12|0,0|0#1|0#2|0#3|2#4|0#5|0#6|0#7|0#8|0#9|0#10|0#11|0#12|0,0|0#1|0#2|0#3|0#4|0#5|0#6|0#7|0#8|0#9|0#10|0#11|0#12|0
100|119,2,0,0,0,0,0,0,3,0,0,0,2,1,0,0,0,,,,
67|13,0,0,0,0,0,0,0,0,0,0,0,0,0,0,0,0,,,,
12|98,0,0,0,0,0,0,0,0,0,0,0,0,0,0,0,0,,,,
89|108,0,0,0,0,0,0,0,0,0,0,0,1,0,0,0,0,,,,
61|100,0,0,0,0,0,0,0,0,0,0,0,0,0,0,0,0,,0|0#1|0#2|0#3|0#4|0#5|0#6|0#7|0#8|0#9|0#10|0#11|0#12|0,,0|0#1|0#2|0#3|0#4|0#5|0#6|0#7|0#8|0#9|0#10|0#11|0#12|0
102|5,0,0,0,0,0,0,0,0,0,0,0,0,0,0,0,0,,,,
98|66,159,56,308,12,19,28,30,33,63,17,177,65,31,5,0,0,0|0#1|0#2|0#3|4#4|4#5|4#6|4#7|4#8|4#9|4#10|4#11|4#12|0,0|0#1|0#2|0#3|4#4|4#5|4#6|4#7|4#8|4#9|4#10|4#11|4#12|0,0|0#1|0#2|0#3|4#4|4#5|4#6|4#7|4#8|4#9|4#10|4#11|4#12|0,0|0#1|0#2|0#3|4#4|4#5|4#6|4#7|4#8|4#9|4#10|4#11|4#12|0
2|9,0,0,0,0,0,0,0,0,0,0,0,0,0,0,0,0,,,,
23|105,0,0,0,0,0,0,0,0,0,0,0,0,0,0,0,0,,,,
37|109,0,0,0,0,0,0,0,0,0,0,0,0,0,0,0,0,,,,
75|104,0,0,0,0,0,0,0,0,0,0,0,0,0,0,0,0,,,,
86|24,0,0,0,0,0,0,0,0,0,0,0,0,0,0,0,0,,,,
10|118,0,0,0,0,0,0,0,0,0,0,0,0,0,0,0,0,,,,
113|106,1,0,9,0,0,4,2,2,8,0,1,5,0,0,0,0,,,,
151|101,0,0,0,0,0,0,0,0,0,0,0,0,0,0,0,0,,,,
21|92,0,0,0,0,0,0,0,0,0,0,0,0,0,0,0,0,,,,
