113|129,0,0,0,0,0,0,0,0,0,0,0,0,0,0,0,0,,,,
49|102,0,0,0,0,0,0,0,0,0,0,0,0,4,0,0,0,0|0#1|0#2|0#3|0#4|0#5|0#6|0#7|0#8|0#9|0#10|0#11|0#12|0,0|0#1|0#2|0#3|0#4|0#5|0#6|0#7|0#8|0#9|0#10|0#11|0#12|0,0|0#1|0#2|0#3|0#4|0#5|0#6|0#7|0#8|0#9|0#10|0#11|0#12|0,0|0#1|0#2|0#3|0#4|0#5|0#6|0#7|0#8|0#9|0#10|0#11|0#12|0
61|123,0,0,0,0,0,0,0,0,0,0,0,0,0,0,0,0,,,,
100|3,0,0,0,0,0,0,0,0,0,0,0,0,0,0,0,0,,,,
93|16,0,0,0,0,0,0,0,0,0,0,0,0,0,0,0,0,,,,
119|17,0,0,0,0,0,0,0,0,0,0,0,0,0,0,0,0,,,,
75|127,0,0,0,0,0,0,0,0,0,0,0,0,0,0,0,0,,,,
76|30,0,0,0,0,0,0,0,2,0,0,0,0,0,0,0,0,0|0#1|0#2|0#3|0#4|0#5|0#6|0#7|0#8|0#9|0#10|0#11|0#12|0,,,
138|28,0,0,0,0,0,0,0,0,1,0,0,0,0,0,0,0,,0|0#1|0#2|0#3|0#4|0#5|0#6|0#7|0#8|0#9|0#10|0#11|0#12|0,,0|0#1|0#2|0#3|0#4|0#5|0#6|0#7|0#8|0#9|0#10|0#11|0#12|0
67|36,0,0,7,0,0,0,1,1,7,0,2,1,0,0,0,0,,,,
112|112,0,0,0,2,0,0,0,0,0,0,0,0,0,0,0,0,,,,
7|15,0,0,0,0,0,0,0,0,0,0,0,0,0,0,0,0,,,,
23|128,0,0,0,0,0,0,0,0,0,0,0,0,0,0,0,0,,,,
88|72,0,0,0,0,1,1,0,1,1,2,0,23,2,1,0,0,0|0#1|0#2|0#3|2#4|2#5|2#6|2#7|2#8|2#9|2#10|2#11|2#12|0,0|0#1|0#2|0#3|1#4|1#5|1#6|1#7|0#8|0#9|1#10|1#11|2#12|0,0|0#1|0#2|0#3|2#4|2#5|2#6|2#7|2#8|2#9|2#10|2#11|2#12|0,0|0#1|0#2|0#3|1#4|1#5|1#6|0#7|1#8|1#9|2#10|2#11|2#12|0
0|7,0,0,0,0,0,0,0,0,0,0,0,0,0,0,0,0,,,,
95|41,0,0,0,0,0,0,0,0,1,0,0,0,0,0,0,0,0|0#1|0#2|0#3|0#4|0#5|0#6|0#7|0#8|0#9|0#10|0#11|0#12|0,,0|0#1|0#2|0#3|0#4|0#5|0#6|0#7|0#8|0#9|0#10|0#11|0#12|0,0|0#1|0#2|0#3|0#4|0#5|0#6|0#7|0#8|0#9|0#10|0#11|0#12|0
98|89,0,0,0,0,0,0,0,0,0,0,0,0,0,0,0,0,,,,
88|114,0,1,0,0,0,0,1,0,1,0,0,0,0,0,0,0,,,,
22|111,0,0,0,0,0,0,0,0,0,0,0,0,0,0,0,0,,,,
29|14,0,0,0,0,0,0,0,1,0,0,0,0,0,0,0,0,,,,
1|138,0,0,0,0,0,0,0,0,0,0,0,0,0,0,0,0,,,,
0|121,0,0,0,0,0,0,0,0,0,0,0,0,0,0,0,0,,,,
9|40,0,0,0,0,0,0,0,0,0,0,0,0,0,0,0,0,,,,
69|61,0,0,0,0,0,0,0,0,0,0,0,1,0,0,0,0,,,,
147|22,0,0,0,0,0,0,0,0,0,0,0,0,0,0,0,0,0|0#1|0#2|0#3|0#4|0#5|0#6|0#7|0#8|0#9|0#10|0#11|0#12|0,0|0#1|0#2|0#3|0#4|0#5|0#6|0#7|0#8|0#9|0#10|0#11|0#12|0,0|0#1|0#2|0#3|0#4|0#5|0#6|0#7|0#8|0#9|0#10|0#11|0#12|0,0|0#1|0#2|0#3|0#4|0#5|0#6|0#7|0#8|0#9|0#10|0#11|0#12|0
86|47,0,0,0,0,0,0,0,4,0,0,0,0,0,0,1,0,0|0#1|0#2|0#3|0#4|0#5|0#6|0#7|0#8|0#9|0#10|0#11|0#12|0,,,
74|110,0,0,0,0,0,0,0,0,0,0,0,0,1,0,0,0,,,,
151|124,0,0,0,0,1,1,1,0,0,0,1,0,0,0,0,0,,,,
48|25,0,0,0,0,0,0,0,0,0,0,0,0,0,0,0,0,,,,
128|11,0,0,0,0,1,2,0,0,1,0,3,0,1,0,0,0,,,,
139|103,0,0,0,0,1,0,0,0,0,0,0,0,1,0,0,0,,,,
36|115,0,0,0,0,0,0,0,0,0,0,0,0,0,0,0,0,,,,
41|8,0,0,0,0,0,0,0,0,0,0,0,0,0,0,0,0,,,,
79|78,0,0,1,0,0,0,1,1,0,0,2,0,1,0,0,0,0|0#1|0#2|0#3|2#4|0#5|0#6|0#7|0#8|0#9|0#10|0#11|0#12|0,0|0#1|0#2|0#3|2#4|0#5|0#6|1#7|0#8|0#9|0#10|0#11|0#12|0,0|0#1|0#2|0#3|2#4|0#5|0#6|0#7|0#8|0#9|0#10|0#11|0#12|0,0|0#1|0#2|0#3|0#4|0#5|0#6|0#7|0#8|0#9|0#10|0#11|0#12|0
126|116,0,0,2,1,0,0,0,0,0,0,0,33,0,1,0,0,,,,
