16|40,0,0,0,0,0,0,0,0,0,0,0,0,0,0,0,0,,,,
28|82,0,0,0,0,0,0,0,0,0,0,0,0,0,0,0,0,,,,
9|101,0,0,0,0,0,0,0,0,0,0,0,0,0,0,0,0,,,,
71|48,0,0,0,0,0,0,0,0,0,0,0,0,0,0,0,0,0|0#1|0#2|0#3|0#4|0#5|0#6|0#7|0#8|0#9|0#10|0#11|0#12|0,,0|0#1|0#2|0#3|0#4|0#5|0#6|0#7|0#8|0#9|0#10|0#11|0#12|0,
47|93,0,0,0,0,0,0,0,0,0,0,0,0,0,0,0,0,,,,
80|42,2,0,1,1,0,0,0,0,2,0,0,1,0,0,0,0,0|0#1|0#2|0#3|0#4|0#5|0#6|0#7|0#8|0#9|0#10|0#11|0#12|0,0|0#1|0#2|0#3|0#4|0#5|0#6|0#7|0#8|0#9|0#10|0#11|0#12|0,0|0#1|0#2|0#3|0#4|0#5|0#6|0#7|0#8|0#9|0#10|0#11|0#12|0,0|0#1|0#2|0#3|0#4|0#5|0#6|0#7|0#8|0#9|0#10|0#11|0#12|0
64|79,0,0,0,0,0,0,0,0,0,0,0,0,0,0,0,0,,,,
111|8,0,0,0,0,0,0,0,0,0,0,0,0,1,0,0,0,,,,
90|59,48,7,91,8,10,4,6,9,10,28,20,176,10,3,0,0,0|0#1|0#2|0#3|4#4|4#5|4#6|4#7|4#8|4#9|4#10|4#11|4#12|0,0|0#1|0#2|0#3|3#4|3#5|3#6|3#7|3#8|3#9|2#10|2#11|3#12|0,0|0#1|0#2|0#3|4#4|4#5|4#6|4#7|4#8|4#9|4#10|4#11|4#12|0,0|0#1|0#2|0#3|3#4|3#5|2#6|3#7|3#8|3#9|2#10|2#11|3#12|0
104|18,0,0,0,0,0,0,0,0,0,0,0,0,0,0,0,0,,,,
125|54,0,0,0,0,0,0,0,0,0,0,0,0,0,0,0,0,,,,
45|68,0,0,0,0,0,0,0,0,0,0,0,0,0,0,0,0,,,,
38|99,0,0,0,0,0,0,0,0,0,0,0,0,0,0,0,0,,,,
79|4,1,0,0,0,0,1,0,1,1,0,0,4,0,0,0,0,,,,
144|65,0,0,0,0,0,0,0,0,0,0,0,0,0,0,0,0,0|0#1|0#2|0#3|0#4|0#5|0#6|0#7|0#8|0#9|0#10|0#11|0#12|0,0|0#1|0#2|0#3|0#4|0#5|0#6|0#7|0#8|0#9|0#10|0#11|0#12|0,0|0#1|0#2|0#3|0#4|0#5|0#6|0#7|0#8|0#9|0#10|0#11|0#12|0,
120|126,0,0,0,0,0,0,0,0,0,0,0,0,0,0,0,0,,,,
146|100,0,0,0,0,0,0,0,0,0,0,0,0,0,0,0,0,,,,
61|31,0,0,0,0,0,0,0,0,0,0,0,0,0,0,0,0,,,,
42|20,0,0,0,0,0,0,0,0,0,0,0,0,0,0,0,0,,,,
92|84,0,0,7,0,2,2,2,0,0,0,0,6,3,0,0,0,0|0#1|0#2|0#3|2#4|1#5|0#6|0#7|0#8|0#9|0#10|1#11|0#12|0,0|0#1|0#2|0#3|1#4|0#5|0#6|0#7|0#8|0#9|0#10|0#11|0#12|0,0|0#1|0#2|0#3|2#4|0#5|0#6|0#7|1#8|0#9|0#10|0#11|0#12|0,0|0#1|0#2|0#3|1#4|0#5|0#6|0#7|0#8|0#9|0#10|0#11|0#12|0
137|96,0,0,0,0,0,0,0,0,0,0,0,0,0,0,0,0,,,,
54|62,1,0,0,0,0,0,0,3,1,0,0,0,0,0,0,0,0|0#1|0#2|0#3|0#4|0#5|0#6|0#7|0#8|0#9|0#10|0#11|0#12|0,,0|0#1|0#2|0#3|0#4|0#5|0#6|0#7|0#8|0#9|0#10|0#11|0#12|0,
1|10,0,0,0,0,0,0,0,0,0,0,0,0,0,0,0,0,,,,
4|58,0,0,0,0,0,0,0,0,0,0,0,0,0,0,0,0,,,,
95|111,0,1,0,0,0,0,0,0,0,0,0,0,0,0,0,0,,,,
26|57,0,0,0,0,0,0,0,0,0,0,0,0,0,0,0,0,,,,
118|85,0,0,0,0,0,0,0,0,0,0,0,20,4,0,0,0,0|0#1|0#2|0#3|0#4|0#5|0#6|0#7|0#8|0#9|0#10|0#11|0#12|0,0|0#1|0#2|0#3|0#4|0#5|0#6|0#7|0#8|0#9|0#10|0#11|0#12|0,0|0#1|0#2|0#3|0#4|0#5|0#6|0#7|0#8|0#9|0#10|0#11|0#12|0,0|0#1|0#2|0#3|0#4|0#5|0#6|0#7|0#8|0#9|0#10|0#11|0#12|0
35|51,0,0,0,0,0,0,0,0,0,0,0,0,0,0,0,0,,,,
44|129,0,0,0,0,0,0,0,0,0,0,0,0,0,0,0,0,,,,
33|26,0,0,0,0,0,0,0,0,0,0,0,0,0,0,1,0,,0|0#1|0#2|0#3|0#4|0#5|0#6|0#7|0#8|0#9|0#10|0#11|0#12|0,0|0#1|0#2|0#3|0#4|0#5|0#6|0#7|0#8|0#9|0#10|0#11|0#12|0,
133|113,0,0,0,0,0,0,0,0,0,0,1,0,0,0,0,0,,,,
73|73,0,0,0,0,0,0,0,0,1,0,0,2,0,0,0,0,0|0#1|0#2|0#3|0#4|0#5|0#6|0#7|0#8|0#9|0#10|0#11|0#12|0,0|0#1|0#2|0#3|0#4|0#5|0#6|0#7|0#8|0#9|0#10|0#11|0#12|0,0|0#1|0#2|0#3|0#4|0#5|0#6|0#7|0#8|0#9|0#10|0#11|0#12|0,0|0#1|0#2|0#3|0#4|0#5|0#6|0#7|0#8|0#9|0#10|0#11|0#12|0
96|128,0,0,0,0,0,0,0,0,0,0,0,0,0,0,0,0,,,,
82|124,0,0,0,0,0,0,0,0,0,0,0,0,0,0,0,0,,,,
108|105,0,0,0,0,0,0,0,0,0,0,0,0,0,0,0,0,,,,
30|125,0,0,0,0,0,0,0,0,0,0,0,0,0,0,0,0,,,,
52|37,0,0,0,0,0,0,0,0,0,0,0,0,0,0,0,0,,,,
18|104,0,0,0,0,0,0,0,0,0,0,0,0,0,0,0,0,,,,
151|34,0,0,0,0,0,0,0,0,0,0,0,0,0,0,0,0,,,,
123|29,0,0,0,0,0,0,0,0,0,0,0,0,0,0,0,0,,0|0#1|0#2|0#3|0#4|0#5|0#6|0#7|0#8|0#9|0#10|0#11|0#12|0,,
19|88,0,0,0,0,0,0,0,0,0,0,0,0,0,0,0,0,,,,
146|90,0,0,0,0,0,0,0,0,0,0,0,0,0,0,0,0,,,,
57|116,0,0,0,0,0,0,0,0,0,0,0,0,0,0,0,0,,,,
113|12,0,0,0,0,0,1,0,0,0,0,0,0,0,0,0,0,,,,
6|83,0,0,0,0,0,0,0,0,0,0,0,0,0,0,0,0,,,,
43|112,0,0,0,0,0,0,0,0,0,0,0,0,0,0,0,0,,,,
106|43,2,2,0,0,0,0,0,2,0,1,1,0,0,0,0,0,,,,
14|15,0,0,0,0,0,0,0,0,0,0,0,0,0,0,0,0,,,,
132|23,0,0,0,0,0,0,0,0,0,0,0,0,0,0,0,0,,,,
147|117,0,0,0,0,0,0,0,0,0,0,0,0,0,0,0,0,,,,
