46|114,0,0,0,0,0,0,0,0,0,0,0,0,0,0,0,0,,,,
138|70,0,0,0,0,0,0,0,0,0,0,0,0,0,0,0,0,,,,
71|122,0,0,0,0,0,0,0,0,0,0,0,0,0,0,0,0,,,,
37|48,0,0,1,0,1,1,0,0,0,0,1,0,0,0,0,0,,0|0#1|0#2|0#3|0#4|0#5|0#6|0#7|0#8|0#9|0#10|0#11|0#12|0,,0|0#1|0#2|0#3|0#4|0#5|0#6|0#7|0#8|0#9|0#10|0#11|0#12|0
122|111,0,0,0,0,0,0,0,0,0,0,0,0,0,0,0,0,,,,
136|115,1,0,0,0,0,0,0,1,1,0,0,0,0,0,0,0,,,,
18|37,0,0,0,0,0,0,0,0,0,0,0,0,0,0,0,0,,,,
129|76,0,0,0,0,0,0,0,0,0,0,0,0,3,0,0,0,0|0#1|0#2|0#3|0#4|0#5|0#6|0#7|0#8|0#9|0#10|0#11|0#12|0,0|0#1|0#2|0#3|0#4|0#5|0#6|0#7|0#8|0#9|0#10|0#11|0#12|0,0|0#1|0#2|0#3|0#4|0#5|0#6|0#7|0#8|0#9|0#10|0#11|0#12|0,0|0#1|0#2|0#3|0#4|0#5|0#6|0#7|0#8|0#9|0#10|0#11|0#12|0
53|11,0,0,0,0,0,0,0,0,0,0,0,0,0,0,0,0,,,,
149|102,0,0,0,0,0,0,0,0,0,0,0,0,0,0,0,0,,,,
58|84,0,0,0,1,0,0,1,0,0,0,0,0,0,0,0,0,,,0|0#1|0#2|0#3|0#4|0#5|0#6|0#7|0#8|0#9|0#10|0#11|0#12|0,
143|14,0,0,0,0,0,0,0,0,0,0,0,0,0,0,0,0,,,,
123|7,0,0,0,0,0,0,0,0,0,0,0,0,0,0,0,0,,,,
72|22,0,0,0,0,0,0,0,0,0,0,0,0,0,0,0,0,,,,
32|110,0,0,0,0,0,0,0,0,0,0,0,0,0,0,0,0,,,,
33|127,0,0,0,0,0,0,0,0,0,0,0,0,0,0,0,0,,,,
44|17,0,0,0,0,0,0,0,0,0,0,0,0,0,0,0,0,,,,
39|73,0,0,0,0,0,0,0,1,1,0,0,0,1,0,0,0,,,,
46|42,0,0,0,0,0,0,0,0,0,0,0,0,0,0,0,0,,,,
117|34,0,0,0,0,0,0,0,0,0,0,0,0,0,0,0,0,,,,
56|59,0,0,0,0,0,0,0,0,0,0,0,0,0,0,0,0,,,,
5|32,0,0,0,0,0,0,0,0,0,0,0,0,0,0,0,0,,,,
65|53,0,0,0,0,0,0,0,0,0,0,0,0,0,0,0,0,0|0#1|0#2|0#3|0#4|0#5|0#6|0#7|0#8|0#9|0#10|0#11|0#12|0,,0|0#1|0#2|0#3|0#4|0#5|0#6|0#7|0#8|0#9|0#10|0#11|0#12|0,
72|139,0,0,0,0,0,0,0,0,0,0,0,0,0,0,0,0,,,,
98|113,0,0,0,0,0,1,0,0,1,0,0,0,0,0,0,0,,,,
59|101,14,10,12,4,0,2,2,4,5,0,7,6,1,3,0,0,0|0#1|0#2|0#3|0#4|0#5|0#6|0#7|0#8|0#9|0#10|0#11|0#12|0,,0|0#1|0#2|0#3|0#4|0#5|0#6|0#7|0#8|0#9|0#10|0#11|0#12|0,
136|45,0,0,0,0,0,0,0,0,0,0,0,0,0,0,0,0,,,,
123|128,0,0,0,0,0,0,0,0,0,0,0,0,0,0,0,0,,,,
85|126,0,0,0,0,0,0,0,0,2,0,0,0,0,0,0,0,,,,
27|31,0,0,0,0,0,0,0,0,0,0,0,0,0,0,0,0,,,,
84|64,0,0,0,0,0,2,7,1,0,0,0,0,0,0,0,0,0|0#1|0#2|0#3|4#4|2#5|3#6|2#7|2#8|2#9|2#10|2#11|3#12|0,0|0#1|0#2|0#3|2#4|2#5|2#6|2#7|2#8|1#9|2#10|2#11|2#12|0,0|0#1|0#2|0#3|3#4|2#5|3#6|2#7|2#8|2#9|2#10|3#11|3#12|0,0|0#1|0#2|0#3|2#4|2#5|2#6|2#7|1#8|2#9|2#10|2#11|2#12|0
82|39,1,0,4,0,0,1,2,0,1,0,0,0,1,0,0,0,,,,
63|28,0,0,0,0,0,0,0,0,0,0,0,0,0,0,0,0,0|0#1|0#2|0#3|0#4|0#5|0#6|0#7|0#8|0#9|0#10|0#11|0#12|0,,0|0#1|0#2|0#3|0#4|0#5|0#6|0#7|0#8|0#9|0#10|0#11|0#12|0,
91|33,0,0,0,0,0,0,0,0,0,0,0,0,0,0,0,0,,,,
77|95,0,0,4,1,1,1,2,1,2,0,3,3,2,0,0,0,,,0|0#1|0#2|0#3|0#4|0#5|0#6|0#7|0#8|0#9|0#10|0#11|0#12|0,
148|87,0,0,0,0,0,0,0,0,0,0,0,0,0,0,0,0,,,,
