151|57,0,0,0,0,0,0,0,0,0,0,0,0,0,0,0,0,,,,
61|54,0,0,0,0,0,0,0,0,0,0,0,0,0,0,0,0,0|0#1|0#2|0#3|0#4|0#5|0#6|0#7|0#8|0#9|0#10|0#11|0#12|0,,0|0#1|0#2|0#3|0#4|0#5|0#6|0#7|0#8|0#9|0#10|0#11|0#12|0,
82|147,0,0,0,0,0,0,0,0,0,0,0,0,0,0,0,0,,,,
43|135,0,0,0,0,0,0,0,0,0,0,0,0,0,0,0,0,,,,
57|139,0,0,0,0,0,0,0,0,0,0,0,0,0,0,0,0,,,,
16|63,0,0,0,0,0,0,0,0,0,0,0,0,0,0,0,0,,,,
14|38,0,0,0,0,0,0,0,0,0,0,0,0,0,0,0,0,,,,
9|124,0,0,0,0,0,0,0,0,0,0,0,0,0,0,0,0,,,,
18|127,0,0,0,0,0,0,0,0,0,0,0,0,0,0,0,0,,,,
82|90,0,3,0,0,0,0,0,0,0,0,0,1,0,0,1,0,,,,
33|49,0,0,0,0,0,0,0,0,0,0,0,0,0,0,0,0,,,,
17|110,0,0,0,0,0,0,0,0,0,0,0,0,0,0,0,0,,,,
40|18,0,0,0,0,0,0,0,0,0,0,0,0,0,0,0,0,,,,
56|122,0,0,0,0,0,0,0,0,0,0,0,0,0,0,0,0,,,,
106|66,0,1,2,0,0,0,0,1,0,0,0,1,0,0,0,0,0|0#1|0#2|0#3|2#4|2#5|1#6|1#7|1#8|1#9|1#10|1#11|1#12|0,0|0#1|0#2|0#3|2#4|1#5|1#6|0#7|0#8|0#9|0#10|0#11|0#12|0,0|0#1|0#2|0#3|2#4|2#5|1#6|1#7|1#8|1#9|1#10|1#11|1#12|0,0|0#1|0#2|0#3|2#4|1#5|0#6|0#7|0#8|0#9|0#10|0#11|0#12|0
77|2,0,0,0,0,0,0,0,0,0,0,0,0,0,0,0,0,,,,
144|88,0,0,0,0,0,0,0,0,0,0,0,0,0,0,0,0,,,,
1|33,0,0,0,0,0,0,0,0,0,0,0,0,0,0,0,0,,,,
23|32,0,0,0,0,0,0,0,0,0,0,0,0,0,0,0,0,,,,
108|91,0,0,0,0,0,0,0,0,0,0,0,0,0,0,0,0,,,,
42|43,0,0,0,0,0,0,0,0,0,0,0,0,0,0,0,0,,,,
113|35,0,0,0,0,0,0,0,0,0,0,0,0,0,0,0,0,,,,
132|46,0,0,0,0,0,0,0,0,0,0,0,0,0,0,0,0,,0|0#1|0#2|0#3|0#4|0#5|0#6|0#7|0#8|0#9|0#10|0#11|0#12|0,,0|0#1|0#2|0#3|0#4|0#5|0#6|0#7|0#8|0#9|0#10|0#11|0#12|0
35|74,0,0,0,0,0,0,0,0,0,0,0,0,0,0,0,0,,,,
54|85,0,0,0,0,0,0,0,0,0,0,0,0,0,0,0,0,,0|0#1|0#2|0#3|0#4|0#5|0#6|0#7|0#8|0#9|0#10|0#11|0#12|0,,0|0#1|0#2|0#3|0#4|0#5|0#6|0#7|0#8|0#9|0#10|0#11|0#12|0
81|130,0,0,0,0,0,0,0,0,0,0,0,0,0,0,0,0,,,,
133|136,0,0,0,0,0,0,0,0,0,0,0,0,0,0,0,0,,,,
141|40,0,0,0,0,0,0,0,0,0,0,0,0,0,0,0,0,,,,
73|96,0,0,0,0,0,0,0,0,1,0,0,1,0,0,0,0,,,,
108|128,0,0,0,0,0,0,0,0,0,0,0,0,0,0,0,0,,,,
115|60,1,0,3,0,0,0,0,0,1,0,0,7,0,0,0,0,0|0#1|0#2|0#3|0#4|0#5|0#6|0#7|0#8|0#9|0#10|0#11|0#12|0,0|0#1|0#2|0#3|0#4|0#5|0#6|0#7|0#8|0#9|0#10|0#11|0#12|0,0|0#1|0#2|0#3|0#4|0#5|0#6|0#7|0#8|0#9|0#10|0#11|0#12|0,0|0#1|0#2|0#3|0#4|0#5|0#6|0#7|0#8|0#9|0#10|0#11|0#12|0
134|71,0,0,0,0,0,0,0,0,1,0,0,0,0,0,0,0,,,,
80|65,21,17,38,1,7,1,3,7,0,1,23,4,10,0,0,0,0|0#1|0#2|0#3|0#4|0#5|0#6|0#7|0#8|0#9|0#10|0#11|0#12|0,0|0#1|0#2|0#3|0#4|0#5|0#6|0#7|0#8|0#9|0#10|0#11|0#12|0,0|0#1|0#2|0#3|0#4|0#5|0#6|0#7|0#8|0#9|0#10|1#11|0#12|0,0|0#1|0#2|0#3|0#4|0#5|0#6|0#7|0#8|0#9|0#10|0#11|0#12|0
146|123,0,0,0,0,0,0,0,0,0,0,0,0,0,0,0,0,,,,
95|134,0,0,0,0,0,0,0,0,0,0,0,0,0,0,0,0,,,,
107|111,0,0,0,0,0,0,0,0,0,0,0,0,0,0,0,0,,,,
125|77,1,0,0,0,0,0,0,0,0,0,0,0,0,0,0,0,0|0#1|0#2|0#3|0#4|0#5|0#6|0#7|0#8|0#9|0#10|0#11|0#12|0,,,
