10|74,0,0,0,0,0,0,0,0,0,0,0,0,0,0,0,0,,,,
94|17,0,0,0,0,0,0,0,0,0,0,0,0,0,0,0,0,,,,
58|20,0,0,0,0,0,0,0,0,0,0,0,1,0,0,0,0,,,,
128|128,0,0,0,0,0,0,0,0,0,0,0,0,0,0,0,0,,,,
100|77,2,0,2,0,1,0,0,1,0,0,0,2,8,0,0,0,0|0#1|0#2|0#3|2#4|2#5|3#6|3#7|2#8|2#9|1#10|0#11|0#12|0,0|0#1|0#2|0#3|0#4|2#5|2#6|2#7|1#8|1#9|0#10|0#11|0#12|0,0|0#1|0#2|0#3|2#4|2#5|3#6|2#7|2#8|2#9|1#10|0#11|0#12|0,0|0#1|0#2|0#3|1#4|2#5|2#6|2#7|1#8|0#9|0#10|0#11|0#12|0
89|73,246,118,444,19,7,32,23,45,11,9,167,32,26,2,0,0,0|0#1|0#2|0#3|4#4|3#5|2#6|2#7|2#8|2#9|2#10|2#11|3#12|0,0|0#1|0#2|0#3|3#4|2#5|2#6|2#7|2#8|2#9|2#10|2#11|2#12|0,0|0#1|0#2|0#3|4#4|2#5|2#6|2#7|2#8|2#9|2#10|3#11|3#12|0,0|0#1|0#2|0#3|3#4|2#5|2#6|2#7|2#8|2#9|2#10|2#11|2#12|0
139|29,0,0,0,0,0,0,0,0,0,0,0,0,0,0,0,0,,,,
24|123,0,0,0,0,0,0,0,0,0,0,0,0,0,0,0,0,,,,
63|135,0,0,0,0,0,0,0,0,0,0,0,0,0,0,0,0,,,,
2|133,0,0,0,0,0,0,0,0,0,0,0,0,0,0,0,0,,,,
77|31,1,3,0,0,1,1,0,3,0,1,1,0,1,0,0,0,0|0#1|0#2|0#3|0#4|0#5|0#6|0#7|0#8|0#9|0#10|0#11|0#12|0,0|0#1|0#2|0#3|0#4|0#5|0#6|0#7|0#8|0#9|0#10|0#11|0#12|0,0|0#1|0#2|0#3|0#4|0#5|0#6|0#7|0#8|0#9|0#10|0#11|0#12|0,0|0#1|0#2|0#3|0#4|0#5|0#6|0#7|0#8|0#9|0#10|0#11|0#12|0
100|120,0,0,0,0,0,0,0,0,0,0,0,0,0,0,0,0,,,,
148|23,0,0,0,0,0,0,0,0,0,0,0,1,0,0,0,0,,,,
129|12,0,0,0,0,0,0,0,0,0,0,0,0,0,0,0,0,,,,
8|16,0,0,0,0,0,0,0,0,0,0,0,0,0,0,0,0,,,,
96|42,0,0,0,0,0,0,0,0,0,0,0,0,0,0,0,0,0|0#1|0#2|0#3|0#4|0#5|0#6|0#7|0#8|0#9|0#10|0#11|0#12|0,,0|0#1|0#2|0#3|0#4|0#5|0#6|0#7|0#8|0#9|0#10|0#11|0#12|0,
114|124,0,0,0,0,0,0,0,0,0,0,0,0,0,0,0,0,,,,
68|37,0,0,0,0,0,0,0,0,0,0,0,0,0,0,0,0,,,,
51|9,0,0,0,0,0,0,0,0,0,0,0,0,0,0,0,0,,,,
38|127,0,0,0,0,0,0,0,0,0,0,0,0,0,0,0,0,,,,
78|0,0,0,0,0,0,0,0,0,0,0,0,0,0,0,0,0,,,,
11|136,0,0,0,0,0,0,0,0,0,0,0,0,0,0,0,0,,,,
101|137,0,0,0,0,0,0,0,0,1,0,0,0,0,0,0,0,,,,
127|111,0,2,4,2,0,3,0,0,0,0,0,5,0,0,0,0,,,,
37|110,0,0,0,0,0,0,0,0,0,0,0,0,0,0,0,0,,,,
76|122,0,0,0,0,0,0,0,0,0,0,0,0,0,0,0,0,,,,
77|139,0,0,0,0,0,0,0,0,0,0,0,0,0,0,0,0,,,,
49|26,0,0,0,0,0,0,0,0,0,0,0,0,0,0,0,0,,,,
110|4,0,0,0,0,0,0,0,0,1,0,0,0,0,0,0,0,,,,
87|48,0,0,0,0,0,0,0,0,0,0,0,0,0,0,0,0,,,,
