79|36,0,0,0,0,0,0,0,0,1,0,0,0,0,0,0,0,,,,
104|147,0,0,0,0,0,0,0,0,0,0,0,0,0,0,0,0,,,,
79|132,0,0,0,0,0,0,0,0,0,0,0,0,0,0,0,0,,,,
40|84,0,0,0,0,0,0,0,0,0,0,0,0,0,0,0,0,,,,
52|141,0,0,0,0,0,0,0,0,0,0,0,0,0,0,0,0,,,,
142|142,0,0,0,0,0,0,0,0,0,0,0,0,0,0,0,0,,,,
111|76,0,0,0,0,0,0,1,2,1,0,1,0,0,0,0,0,,,,
21|73,0,0,0,0,0,0,0,0,0,0,0,0,0,0,0,0,,,,
130|9,0,0,0,0,0,0,0,0,0,0,0,0,0,0,0,0,,,,
12|79,0,0,0,0,0,0,0,0,0,0,0,0,0,0,0,0,,,,
27|133,0,0,0,0,0,0,0,0,0,0,0,0,0,0,0,0,,,,
5|143,0,0,0,0,0,0,0,0,0,0,0,0,0,0,0,0,,,,
103|130,0,0,0,0,0,0,0,0,0,0,0,0,0,0,0,0,,,,
117|134,0,0,0,0,0,0,0,0,0,0,0,0,0,0,0,0,,,,
88|30,0,0,0,0,0,0,0,0,0,0,0,0,0,0,0,0,0|0#1|0#2|0#3|0#4|0#5|0#6|0#7|0#8|0#9|0#10|0#11|0#12|0,0|0#1|0#2|0#3|0#4|0#5|0#6|0#7|0#8|0#9|0#10|0#11|0#12|0,0|0#1|0#2|0#3|0#4|0#5|0#6|0#7|0#8|0#9|0#10|0#11|0#12|0,0|0#1|0#2|0#3|0#4|0#5|0#6|0#7|0#8|0#9|0#10|0#11|0#12|0
66|145,0,0,0,0,0,0,0,0,0,0,0,0,0,0,0,0,,,,
98|5,0,0,0,0,0,0,0,0,0,0,0,0,0,0,0,0,,,,
98|47,159,44,175,3,10,7,10,22,6,4,78,16,29,0,0,0,0|0#1|0#2|0#3|2#4|2#5|2#6|2#7|2#8|2#9|2#10|2#11|2#12|0,0|0#1|0#2|0#3|2#4|1#5|0#6|0#7|1#8|0#9|0#10|1#11|1#12|0,0|0#1|0#2|0#3|2#4|1#5|2#6|2#7|2#8|2#9|2#10|2#11|2#12|0,0|0#1|0#2|0#3|2#4|0#5|1#6|2#7|1#8|1#9|0#10|0#11|1#12|0
120|70,1,0,0,0,0,2,1,0,0,0,0,0,0,0,0,0,0|0#1|0#2|0#3|0#4|0#5|0#6|0#7|0#8|0#9|0#10|0#11|0#12|0,,,
130|87,0,2,0,0,0,0,0,2,0,0,0,0,1,0,0,0,,,,
14|146,0,0,0,0,0,0,0,0,0,0,0,0,0,0,0,0,,,,
