55|39,1,0,8,3,4,3,2,1,7,0,4,2,5,0,0,0,,,,
35|143,0,0,0,0,0,0,0,0,0,0,0,0,0,0,0,0,,,,
36|28,0,0,0,0,0,0,0,0,0,0,0,0,0,0,1,0,,,,
76|75,0,0,0,0,0,0,0,0,0,0,0,0,0,0,0,0,,,,
95|86,0,0,0,0,0,0,0,8,0,0,0,3,1,0,0,0,,,0|0#1|0#2|0#3|0#4|0#5|0#6|0#7|0#8|0#9|0#10|0#11|0#12|0,
111|140,37,5,35,2,2,2,5,13,1,1,14,8,0,0,0,0,,,,
45|22,5,0,2,1,0,0,0,3,5,0,3,0,7,0,0,0,,,,
70|108,0,0,0,0,0,0,0,0,0,0,0,0,0,0,0,0,,,,
17|17,0,0,0,0,0,0,0,0,0,0,0,0,0,0,0,0,,,,
19|42,0,0,0,0,0,0,0,0,0,0,0,0,0,0,0,0,,,,
64|33,44,13,169,7,7,10,9,10,5,1,25,6,6,0,0,0,0|0#1|0#2|0#3|0#4|0#5|0#6|0#7|0#8|0#9|0#10|0#11|0#12|0,0|0#1|0#2|0#3|0#4|0#5|0#6|0#7|0#8|0#9|0#10|0#11|0#12|0,0|0#1|0#2|0#3|0#4|0#5|0#6|0#7|0#8|0#9|0#10|0#11|0#12|0,0|0#1|0#2|0#3|0#4|0#5|0#6|0#7|0#8|0#9|0#10|0#11|0#12|0
83|44,0,2,0,0,0,0,0,0,0,0,0,0,0,0,0,0,0|0#1|0#2|0#3|0#4|0#5|0#6|0#7|0#8|0#9|0#10|0#11|0#12|0,0|0#1|0#2|0#3|0#4|0#5|0#6|0#7|0#8|0#9|0#10|0#11|0#12|0,0|0#1|0#2|0#3|0#4|0#5|0#6|0#7|0#8|0#9|0#10|0#11|0#12|0,0|0#1|0#2|0#3|0#4|0#5|0#6|0#7|0#8|0#9|0#10|0#11|0#12|0
11|5,0,0,0,0,0,0,0,0,0,0,0,0,0,0,0,0,,,,
138|131,0,0,0,0,0,0,0,0,1,0,0,0,0,0,0,0,,,,
125|144,0,0,0,0,0,0,0,0,0,0,0,0,0,0,0,0,,,,
147|67,0,0,0,0,0,0,0,0,0,0,0,3,0,0,0,0,,,,
49|147,0,0,0,0,0,0,0,0,0,0,0,0,0,0,0,0,,,,
137|50,0,0,0,0,0,0,0,0,0,0,0,0,0,0,0,0,,,,
81|19,1,0,0,0,0,0,0,0,0,0,0,2,0,0,0,0,,,,
26|11,0,0,0,0,0,0,0,0,0,0,0,0,0,0,0,0,,,,
38|53,0,0,0,0,0,0,0,0,0,0,0,0,0,0,0,0,,,,
135|25,0,0,0,0,0,0,0,0,0,0,0,0,0,0,0,0,0|0#1|0#2|0#3|0#4|0#5|0#6|0#7|0#8|0#9|0#10|0#11|0#12|0,,,
48|130,0,0,0,0,0,0,0,0,0,0,0,0,0,0,0,0,,,,
87|142,0,0,0,0,0,0,0,0,0,0,0,0,0,0,0,0,,,,
57|64,0,0,0,0,0,0,0,0,0,0,0,0,0,0,0,0,0|0#1|0#2|0#3|0#4|0#5|0#6|0#7|0#8|0#9|0#10|0#11|0#12|0,,0|0#1|0#2|0#3|0#4|0#5|0#6|0#7|0#8|0#9|0#10|0#11|0#12|0,
4|12,0,0,0,0,0,0,0,0,0,0,0,0,0,0,0,0,,,,
9|85,0,0,0,0,0,0,0,0,0,0,0,0,0,0,0,0,,,,
149|92,0,0,0,0,0,0,0,0,0,0,0,0,0,0,0,0,,,,
109|45,0,0,0,0,0,0,0,0,0,0,0,0,0,0,0,0,,,,
128|56,0,0,0,0,0,0,0,0,1,0,0,0,1,0,0,0,0|0#1|0#2|0#3|0#4|0#5|0#6|0#7|0#8|0#9|0#10|0#11|0#12|0,,,
90|13,0,0,0,0,0,0,0,0,0,0,0,0,0,0,0,0,,,,
116|14,0,0,0,0,0,0,0,0,0,0,0,0,0,0,0,0,,,,
29|59,0,0,0,0,0,0,0,0,0,0,0,0,0,0,0,0,,,,
