24|68,0,0,0,0,0,0,0,0,0,0,0,0,0,0,0,0,,,,
108|141,0,0,0,0,0,0,0,0,0,0,0,0,0,0,0,0,,,,
40|118,0,0,0,0,0,0,0,0,0,0,0,0,0,0,0,0,,,,
152|6,4,10,9,1,0,4,6,0,0,0,4,2,0,0,0,0,,,,
102|29,0,0,0,0,0,0,0,0,0,0,0,0,0,0,0,0,,,,
6|107,0,0,0,0,0,0,0,0,0,0,0,0,0,0,0,0,,,,
40|31,0,0,0,0,0,0,0,0,0,0,0,2,0,0,0,0,0|0#1|0#2|0#3|0#4|0#5|0#6|0#7|0#8|0#9|0#10|0#11|0#12|0,,0|0#1|0#2|0#3|0#4|0#5|0#6|0#7|0#8|0#9|0#10|0#11|0#12|0,
91|100,2,0,0,0,0,0,0,0,0,0,0,2,0,0,0,0,0|0#1|0#2|0#3|0#4|0#5|0#6|0#7|0#8|0#9|0#10|0#11|0#12|0,,0|0#1|0#2|0#3|0#4|0#5|0#6|0#7|0#8|0#9|0#10|0#11|0#12|0,
17|99,0,0,0,0,0,0,0,0,0,0,0,0,0,0,0,0,,,,
92|117,0,0,0,0,0,0,0,0,0,0,0,0,0,0,0,0,,,,
125|90,0,0,0,0,0,0,0,0,0,0,0,0,0,0,0,0,,,,
130|119,1,1,5,8,1,1,1,2,7,0,2,10,5,0,0,0,,,,
18|140,0,0,0,0,0,0,0,0,0,0,0,0,0,0,0,0,,,,
31|37,0,0,0,0,0,0,0,0,0,0,0,0,0,0,0,0,,,,
123|65,0,0,0,0,0,0,0,0,0,0,0,0,0,0,0,0,,,,
22|1,0,0,0,0,0,0,0,0,0,0,0,0,0,0,0,0,,,,
33|62,0,0,0,0,0,0,0,0,0,0,0,0,0,0,0,0,,,,
12|26,0,0,0,0,0,0,0,0,0,0,0,0,0,0,0,0,,,,
21|20,0,0,0,0,0,0,0,0,0,0,0,0,0,0,0,0,,,,
43|79,0,0,0,0,0,0,0,0,0,0,0,0,0,0,0,0,,,,
53|105,0,0,0,0,0,0,0,0,0,0,0,0,0,0,0,0,,,,
4|94,0,0,0,0,0,0,0,0,0,0,0,0,0,0,0,0,,,,
26|93,0,0,0,0,0,0,0,0,0,0,0,0,0,0,0,0,,,,
151|70,0,0,0,0,0,0,0,0,0,0,0,0,0,0,0,0,,,,
130|34,0,0,0,0,0,0,0,0,0,0,0,0,0,0,0,0,0|0#1|0#2|0#3|0#4|0#5|0#6|0#7|0#8|0#9|0#10|0#11|0#12|0,0|0#1|0#2|0#3|0#4|0#5|0#6|0#7|0#8|0#9|0#10|0#11|0#12|0,0|0#1|0#2|0#3|0#4|0#5|0#6|0#7|0#8|0#9|0#10|0#11|0#12|0,0|0#1|0#2|0#3|0#4|0#5|0#6|0#7|0#8|0#9|0#10|0#11|0#12|0
142|76,0,0,0,0,0,0,0,0,0,0,0,0,0,0,0,0,,,,
14|51,0,0,0,0,0,0,0,0,0,0,0,0,0,0,0,0,,,,
126|8,0,0,0,0,0,0,0,0,0,0,0,0,0,0,0,0,,,,
143|106,0,0,0,0,0,0,0,0,0,0,0,0,0,0,0,0,,,,
50|48,0,0,0,0,0,0,0,0,1,0,0,0,0,0,0,0,,0|0#1|0#2|0#3|0#4|0#5|0#6|0#7|0#8|0#9|0#10|0#11|0#12|0,,
116|96,0,0,0,0,0,1,0,0,0,0,0,4,0,0,0,0,,,,0|0#1|0#2|0#3|0#4|0#5|0#6|0#7|0#8|0#9|0#10|0#11|0#12|0
111|23,0,0,0,0,0,0,0,0,0,0,0,0,0,0,0,0,,,,
90|95,0,0,0,0,0,0,0,0,0,0,0,0,0,0,0,0,0|0#1|0#2|0#3|0#4|0#5|0#6|0#7|0#8|0#9|0#10|0#11|0#12|0,,0|0#1|0#2|0#3|0#4|0#5|0#6|0#7|0#8|0#9|0#10|0#11|0#12|0,0|0#1|0#2|0#3|0#4|0#5|0#6|0#7|0#8|0#9|0#10|0#11|0#12|0
52|73,0,0,0,0,0,0,0,0,0,0,0,0,0,0,0,0,,,,
67|109,0,0,0,0,0,0,0,0,0,0,0,0,0,0,0,0,,,,
2|69,0,0,0,0,0,0,0,0,0,0,0,0,0,0,0,0,,,,
71|84,0,0,0,0,0,0,0,0,0,0,0,0,0,0,0,0,,,0|0#1|0#2|0#3|0#4|0#5|0#6|0#7|0#8|0#9|0#10|0#11|0#12|0,
104|54,1,0,1,12,0,0,0,4,3,3,1,0,1,0,0,0,0|0#1|0#2|0#3|2#4|2#5|2#6|2#7|2#8|2#9|2#10|2#11|2#12|0,0|0#1|0#2|0#3|1#4|2#5|2#6|1#7|2#8|2#9|2#10|2#11|1#12|0,0|0#1|0#2|0#3|2#4|2#5|2#6|2#7|2#8|3#9|2#10|2#11|2#12|0,0|0#1|0#2|0#3|2#4|2#5|2#6|2#7|2#8|1#9|1#10|2#11|2#12|0
