12|69,0,0,0,0,0,0,0,0,0,0,0,0,0,0,0,0,,,,
14|136,0,0,0,0,0,0,0,0,0,0,0,0,0,0,0,0,,,,
104|97,1,0,4,0,0,1,3,0,0,0,3,1,0,0,0,0,,,,
79|122,0,0,0,0,0,0,0,0,1,0,0,0,0,0,0,0,,,,
113|91,0,0,0,0,0,0,0,0,0,0,0,1,0,0,0,0,0|0#1|0#2|0#3|0#4|0#5|0#6|0#7|0#8|0#9|0#10|0#11|0#12|0,,0|0#1|0#2|0#3|0#4|0#5|0#6|0#7|0#8|0#9|0#10|0#11|0#12|0,0|0#1|0#2|0#3|0#4|0#5|0#6|0#7|0#8|0#9|0#10|0#11|0#12|0
27|123,0,0,0,0,0,0,0,0,0,0,0,0,0,0,0,0,,,,
111|66,0,0,0,0,0,0,0,0,1,0,0,3,0,0,0,0,0|0#1|0#2|0#3|0#4|0#5|0#6|0#7|0#8|0#9|0#10|0#11|0#12|0,0|0#1|0#2|0#3|0#4|0#5|0#6|0#7|0#8|0#9|0#10|0#11|0#12|0,0|0#1|0#2|0#3|0#4|0#5|0#6|0#7|0#8|0#9|0#10|0#11|0#12|0,0|0#1|0#2|0#3|0#4|0#5|0#6|0#7|0#8|0#9|0#10|0#11|0#12|0
66|135,0,0,0,0,0,0,0,0,0,0,0,0,0,0,0,0,,,,
117|124,0,0,0,0,0,0,0,0,0,0,0,0,0,0,0,0,,,,
104|137,0,0,0,0,0,0,0,0,0,0,0,0,0,0,0,0,,,,
130|77,0,0,0,0,0,0,0,0,0,0,0,0,0,0,0,0,0|0#1|0#2|0#3|0#4|0#5|0#6|0#7|0#8|0#9|0#10|0#11|0#12|0,,0|0#1|0#2|0#3|0#4|0#5|0#6|0#7|0#8|0#9|0#10|0#11|0#12|0,0|0#1|0#2|0#3|0#4|0#5|0#6|0#7|0#8|0#9|0#10|0#11|0#12|0
91|143,0,0,0,0,0,0,0,0,0,0,0,0,0,0,0,0,,,,
21|63,0,0,0,0,0,0,0,0,0,0,0,0,0,0,0,0,,,,
142|132,0,0,0,0,0,0,0,0,0,0,0,0,0,0,0,0,,,,
63|6,0,0,0,0,0,0,0,0,0,0,0,0,0,0,0,0,,,,
52|131,0,0,0,0,0,0,0,0,0,0,0,0,0,0,0,0,,,,
37|8,0,0,0,0,0,0,0,0,0,0,0,0,0,0,0,0,,,,
40|74,0,0,0,0,0,0,0,0,0,0,0,0,0,0,0,0,,,,
5|133,0,0,0,0,0,0,0,0,0,0,0,0,0,0,0,0,,,,
79|26,0,0,0,0,0,0,0,0,1,0,0,2,1,0,0,0,0|0#1|0#2|0#3|0#4|0#5|0#6|0#7|0#8|0#9|0#10|0#11|0#12|0,0|0#1|0#2|0#3|0#4|0#5|0#6|0#7|0#8|0#9|0#10|0#11|0#12|0,,0|0#1|0#2|0#3|0#4|0#5|0#6|0#7|0#8|0#9|0#10|0#11|0#12|0
98|37,0,1,0,0,1,0,0,0,2,0,0,0,0,0,0,0,,,,
103|120,0,0,0,0,0,0,0,0,0,0,0,0,0,0,0,0,,,,
122|1,0,0,0,0,0,0,0,0,0,0,0,0,0,0,0,0,,,,
120|60,0,0,0,0,0,0,0,0,0,0,0,1,0,0,0,0,,,0|0#1|0#2|0#3|0#4|0#5|0#6|0#7|0#8|0#9|0#10|0#11|0#12|0,
14|94,0,0,0,0,0,0,0,0,0,0,0,0,0,0,0,0,,,,
88|20,0,0,0,0,0,0,0,0,1,0,0,0,0,0,0,0,,,,
