106|131,0,0,0,0,0,0,0,0,0,0,0,0,0,0,0,0,,,,
17|147,0,0,0,0,0,0,0,0,0,0,0,0,0,0,0,0,,,,
55|142,0,0,0,0,0,0,0,0,0,0,0,0,0,0,0,0,,,,
150|71,0,0,0,0,1,1,1,0,1,0,0,0,0,0,0,0,0|0#1|0#2|0#3|0#4|0#5|0#6|0#7|0#8|0#9|0#10|0#11|0#12|0,0|0#1|0#2|0#3|0#4|0#5|0#6|0#7|0#8|0#9|0#10|0#11|0#12|0,0|0#1|0#2|0#3|0#4|0#5|0#6|0#7|0#8|0#9|0#10|0#11|0#12|0,0|0#1|0#2|0#3|0#4|0#5|0#6|0#7|0#8|0#9|0#10|0#11|0#12|0
32|63,0,0,0,0,0,0,0,0,0,0,0,0,0,0,0,0,,,,
70|85,1,1,2,0,0,0,0,1,1,0,0,0,0,0,0,0,0|0#1|0#2|0#3|0#4|0#5|0#6|0#7|0#8|0#9|0#10|0#11|0#12|0,0|0#1|0#2|0#3|0#4|0#5|0#6|0#7|0#8|0#9|0#10|0#11|0#12|0,0|0#1|0#2|0#3|0#4|0#5|0#6|0#7|0#8|0#9|0#10|0#11|0#12|0,0|0#1|0#2|0#3|0#4|0#5|0#6|0#7|0#8|0#9|0#10|0#11|0#12|0
23|69,0,0,0,0,0,0,0,0,0,0,0,0,0,0,0,0,,,,
124|91,0,0,0,0,0,0,0,0,0,0,0,0,0,0,0,0,0|0#1|0#2|0#3|0#4|0#5|0#6|0#7|0#8|0#9|0#10|0#11|0#12|0,,0|0#1|0#2|0#3|0#4|0#5|0#6|0#7|0#8|0#9|0#10|0#11|0#12|0,
20|21,0,0,0,0,0,0,0,0,0,0,0,0,0,0,0,0,,,,
145|143,0,0,1,0,0,0,0,0,2,0,0,0,6,0,0,0,,,,
122|66,0,0,0,0,0,0,1,0,0,0,0,0,0,0,0,0,0|0#1|0#2|0#3|0#4|0#5|0#6|0#7|0#8|0#9|0#10|0#11|0#12|0,,0|0#1|0#2|0#3|0#4|0#5|0#6|0#7|0#8|0#9|0#10|0#11|0#12|0,
90|107,0,0,0,0,0,0,0,0,0,0,0,0,0,0,0,0,,,,
103|55,31,20,35,33,3,5,10,6,2,0,9,2,10,0,0,0,0|0#1|0#2|0#3|4#4|4#5|4#6|4#7|4#8|4#9|4#10|4#11|4#12|0,0|0#1|0#2|0#3|4#4|4#5|4#6|4#7|4#8|4#9|4#10|3#11|3#12|0,0|0#1|0#2|0#3|4#4|4#5|4#6|4#7|4#8|4#9|4#10|4#11|4#12|0,0|0#1|0#2|0#3|4#4|4#5|4#6|4#7|4#8|4#9|4#10|3#11|3#12|0
131|60,0,0,0,0,0,0,0,0,0,0,0,0,0,0,0,0,,,,
142|7,0,0,0,0,0,0,0,0,0,0,0,0,0,0,0,0,,,,
3|95,0,0,0,0,0,0,0,0,0,0,0,0,0,0,0,0,,,,
8|144,0,0,0,0,0,0,0,0,0,0,0,0,0,0,0,0,,,,
69|146,0,0,0,0,0,0,0,0,0,0,0,0,0,0,0,0,,,,
30|38,0,0,0,0,0,0,0,0,0,0,0,0,0,0,0,0,,,,
116|9,0,0,0,0,0,0,0,0,0,0,0,0,0,0,0,0,,,,
141|77,0,0,0,0,0,0,0,0,0,0,0,0,0,0,0,0,,,,
12|2,0,0,0,0,0,0,0,0,0,0,0,0,0,0,0,0,,,,
110|24,0,0,0,0,0,0,0,0,0,0,0,0,0,0,0,0,,,,
11|27,0,0,0,0,0,0,0,0,0,0,0,0,0,0,0,0,,,,
13|52,0,0,0,0,0,0,0,0,0,0,0,0,0,0,0,0,,,,
16|130,0,0,0,0,0,0,0,0,0,0,0,0,0,0,0,0,,,,
25|94,0,0,0,0,0,0,0,0,0,0,0,0,0,0,0,0,,,,
51|74,0,0,0,0,0,0,0,0,0,0,0,0,0,0,0,0,,,,
105|80,0,0,0,0,0,0,0,0,0,0,0,0,0,0,0,0,0|0#1|0#2|0#3|0#4|0#5|0#6|0#7|0#8|0#9|0#10|0#11|0#12|0,0|0#1|0#2|0#3|0#4|0#5|0#6|0#7|0#8|0#9|0#10|0#11|0#12|0,0|0#1|0#2|0#3|0#4|0#5|0#6|0#7|0#8|0#9|0#10|0#11|0#12|0,0|0#1|0#2|0#3|0#4|0#5|0#6|0#7|0#8|0#9|0#10|0#11|0#12|0
115|97,0,0,0,0,0,0,0,0,0,0,0,0,0,0,0,0,,,,
99|20,0,0,0,0,0,0,0,0,0,0,0,0,0,0,0,0,,,,
