75|22,0,0,0,0,0,0,0,0,0,0,0,0,0,0,0,0,,,0|0#1|0#2|0#3|0#4|0#5|0#6|0#7|0#8|0#9|0#10|0#11|0#12|0,0|0#1|0#2|0#3|0#4|0#5|0#6|0#7|0#8|0#9|0#10|0#11|0#12|0
127|9,0,0,0,0,0,0,0,0,0,0,0,0,0,0,0,0,,,,
49|42,0,0,0,0,0,0,0,0,1,0,0,0,0,0,0,0,,,,
59|59,4,3,12,2,2,2,1,2,0,0,2,3,0,0,0,0,0|0#1|0#2|0#3|0#4|0#5|0#6|0#7|0#8|0#9|0#10|0#11|0#12|0,0|0#1|0#2|0#3|0#4|0#5|0#6|0#7|0#8|0#9|0#10|0#11|0#12|0,0|0#1|0#2|0#3|0#4|0#5|0#6|0#7|0#8|0#9|0#10|0#11|0#12|0,0|0#1|0#2|0#3|0#4|0#5|0#6|0#7|0#8|0#9|0#10|0#11|0#12|0
23|2,0,0,0,0,0,0,0,0,0,0,0,0,0,0,0,0,,,,
87|64,0,1,5,4,0,0,1,3,2,1,1,18,1,0,0,0,0|0#1|0#2|0#3|2#4|1#5|0#6|0#7|1#8|1#9|2#10|1#11|1#12|0,0|0#1|0#2|0#3|2#4|0#5|0#6|0#7|0#8|0#9|0#10|0#11|0#12|0,0|0#1|0#2|0#3|2#4|0#5|0#6|0#7|1#8|1#9|1#10|1#11|2#12|0,0|0#1|0#2|0#3|2#4|0#5|0#6|0#7|0#8|0#9|0#10|0#11|0#12|0
47|17,0,0,0,0,0,2,0,0,2,0,0,0,0,0,0,0,,,,
146|14,0,0,0,0,0,0,0,0,0,0,0,0,0,0,0,0,,,,
56|11,0,0,0,0,0,0,0,0,0,0,0,0,0,0,0,0,,,,
10|90,0,0,0,0,0,0,0,0,0,0,0,0,0,0,0,0,,,,
100|93,0,0,0,0,0,0,0,0,0,0,0,0,0,0,0,0,,,,
8|32,0,0,0,0,0,0,0,0,0,0,0,0,0,0,0,0,,,,
73|108,0,0,0,0,0,0,0,0,0,0,0,0,0,0,0,0,,,,
85|39,0,0,0,0,0,0,0,0,0,0,0,0,0,0,0,0,,,,
68|53,0,0,0,0,0,0,0,0,1,0,0,2,0,0,0,0,0|0#1|0#2|0#3|0#4|0#5|0#6|0#7|0#8|0#9|0#10|0#11|0#12|0,,0|0#1|0#2|0#3|0#4|0#5|0#6|0#7|0#8|0#9|0#10|0#11|0#12|0,
139|45,0,0,0,0,0,0,0,0,0,0,0,2,0,0,0,0,,,,
38|143,0,0,0,0,0,0,0,0,0,0,0,0,0,0,0,0,,,,
21|109,0,0,0,0,0,0,0,0,0,0,0,0,0,0,0,0,,,,
114|140,1,1,0,0,0,0,1,1,0,0,0,0,1,0,0,0,,,,
66|28,0,0,0,0,0,0,0,0,0,0,0,0,0,0,0,0,,,,
94|33,0,0,0,0,0,0,0,0,0,0,0,0,0,0,0,0,,,,
128|144,0,0,0,0,0,0,0,0,0,0,0,0,0,0,0,0,,,,
