144|147,0,0,0,0,0,0,0,0,0,0,0,0,0,0,0,0,,,,
29|138,0,0,0,0,0,0,0,0,0,0,0,0,0,0,0,0,,,,
31|61,0,0,0,0,0,0,0,0,0,0,0,0,0,0,0,0,,,,
2|93,0,0,0,0,0,0,0,0,0,0,0,0,0,0,0,0,,,,
6|131,0,0,0,0,0,0,0,0,0,0,0,0,0,0,0,0,,,,
67|133,0,0,0,0,0,0,0,0,0,0,0,0,0,0,0,0,,,,
22|67,0,0,0,0,0,0,0,0,0,0,0,0,0,0,0,0,,,,
92|141,0,0,0,0,0,0,0,0,0,0,0,0,0,0,0,0,,,,
0|68,0,0,0,0,0,0,0,0,0,0,0,0,0,0,0,0,,,,
114|95,0,0,0,0,0,0,0,0,0,0,0,0,0,0,0,0,,,,
89|24,2,0,0,0,2,0,0,0,0,1,1,0,1,0,0,0,0|0#1|0#2|0#3|0#4|0#5|2#6|2#7|2#8|2#9|1#10|0#11|0#12|0,0|0#1|0#2|0#3|0#4|0#5|1#6|2#7|2#8|2#9|0#10|0#11|0#12|0,0|0#1|0#2|0#3|0#4|0#5|2#6|2#7|2#8|2#9|1#10|1#11|0#12|0,0|0#1|0#2|0#3|0#4|0#5|2#6|2#7|2#8|0#9|0#10|0#11|0#12|0
140|75,0,0,0,0,0,0,0,0,0,0,0,0,0,0,0,0,,,,
121|64,0,0,0,0,0,0,0,0,1,0,0,0,0,0,0,0,0|0#1|0#2|0#3|0#4|0#5|0#6|0#7|0#8|0#9|0#10|0#11|0#12|0,,0|0#1|0#2|0#3|0#4|0#5|0#6|0#7|0#8|0#9|0#10|0#11|0#12|0,
10|25,0,0,0,0,0,0,0,0,0,0,0,0,0,0,0,0,,,,
106|7,0,0,0,0,0,0,0,0,0,0,0,0,0,0,0,0,,,,
100|28,0,0,0,0,0,0,0,0,0,0,0,0,2,0,0,0,0|0#1|0#2|0#3|0#4|0#5|0#6|0#7|0#8|0#9|0#10|0#11|0#12|0,,,
40|142,0,0,0,0,0,0,0,0,0,0,0,0,0,0,0,0,,,,
54|146,0,0,0,0,0,0,0,0,0,0,0,0,0,0,0,0,,,,
60|89,0,1,0,0,0,1,0,1,0,0,0,0,0,0,0,0,0|0#1|0#2|0#3|0#4|0#5|0#6|0#7|0#8|0#9|0#10|0#11|0#12|0,0|0#1|0#2|0#3|0#4|0#5|0#6|0#7|0#8|0#9|0#10|0#11|0#12|0,0|0#1|0#2|0#3|0#4|0#5|0#6|0#7|0#8|0#9|0#10|0#11|0#12|0,
119|139,0,0,0,0,0,0,0,0,0,0,0,0,0,0,0,0,,,,
24|92,0,0,0,0,0,0,0,0,0,0,0,0,0,0,0,0,,,,
12|50,0,0,0,0,0,0,0,0,0,0,0,0,0,0,0,0,,,,
118|122,0,0,0,0,0,0,0,0,0,0,0,0,0,0,0,0,,,,
130|143,0,0,0,0,0,0,0,0,0,0,0,0,0,0,0,0,,,,
143|130,0,0,0,0,0,0,0,0,1,0,0,0,0,0,0,0,,,,
41|78,0,0,0,0,0,0,0,0,0,0,0,0,0,0,0,0,,,,
50|72,0,0,0,0,0,0,0,0,0,0,0,0,0,0,0,0,,,,
102|53,0,0,6,0,0,0,1,1,0,0,3,38,1,0,0,0,0|0#1|0#2|0#3|2#4|0#5|0#6|0#7|0#8|0#9|0#10|1#11|1#12|0,0|0#1|0#2|0#3|0#4|0#5|0#6|0#7|0#8|1#9|0#10|0#11|1#12|0,0|0#1|0#2|0#3|1#4|0#5|0#6|0#7|0#8|0#9|0#10|1#11|1#12|0,0|0#1|0#2|0#3|0#4|0#5|0#6|0#7|0#8|1#9|0#10|0#11|1#12|0
132|5,0,0,0,0,0,0,0,0,0,0,0,0,1,0,0,0,,,,
15|134,0,0,0,0,0,0,0,0,0,0,0,0,0,0,0,0,,,,
105|135,0,0,0,0,0,0,0,0,0,0,0,0,0,0,0,0,,,,
15|98,0,0,0,0,0,0,0,0,0,0,0,0,0,0,0,0,,,,
28|121,0,0,0,0,0,0,0,0,0,0,0,0,0,0,0,0,,,,
