73|128,3,6,4,0,4,0,0,4,4,0,2,2,3,0,0,0,,,,
92|28,0,0,0,0,0,0,0,0,0,0,0,0,0,0,0,0,,,,
99|102,0,0,0,0,0,0,0,0,0,0,0,0,0,0,0,0,,,,
73|17,0,0,0,0,0,0,0,0,0,0,0,0,0,0,0,0,,,,
125|4,0,0,0,0,0,0,0,0,0,0,0,0,0,0,0,0,,,,
66|9,0,0,0,0,0,0,0,0,0,0,0,0,0,0,0,0,,,,
110|113,10,2,8,3,1,3,0,3,13,1,1,20,0,0,0,0,,,,
47|37,0,0,0,0,0,0,0,0,0,0,0,0,0,0,0,0,,,,
82|11,1,0,0,0,0,0,0,0,0,0,0,0,0,0,0,0,,,,
151|2,3,2,4,1,0,1,1,0,2,0,0,12,0,0,0,0,,,,
6|27,0,0,0,0,0,0,0,0,0,0,0,0,0,0,0,0,,,,
72|111,0,0,0,0,0,0,0,0,0,0,0,0,1,0,0,0,,,,
85|59,8,3,22,2,2,1,1,4,0,0,3,2,0,0,0,0,0|0#1|0#2|0#3|2#4|2#5|1#6|1#7|1#8|2#9|2#10|1#11|2#12|0,0|0#1|0#2|0#3|0#4|0#5|0#6|0#7|0#8|1#9|0#10|0#11|1#12|0,0|0#1|0#2|0#3|2#4|0#5|2#6|1#7|2#8|2#9|2#10|1#11|1#12|0,0|0#1|0#2|0#3|0#4|0#5|0#6|0#7|0#8|0#9|0#10|0#11|0#12|0
118|29,0,0,0,0,0,0,0,0,0,0,0,0,0,0,0,0,,,,
139|65,0,0,0,0,0,0,0,0,0,0,0,0,0,0,0,0,0|0#1|0#2|0#3|0#4|0#5|0#6|0#7|0#8|0#9|0#10|0#11|0#12|0,0|0#1|0#2|0#3|0#4|0#5|0#6|0#7|0#8|0#9|0#10|0#11|0#12|0,0|0#1|0#2|0#3|0#4|0#5|0#6|0#7|0#8|0#9|0#10|0#11|0#12|0,0|0#1|0#2|0#3|0#4|0#5|0#6|0#7|0#8|0#9|0#10|0#11|0#12|0
87|84,1,1,0,0,0,1,0,2,0,0,0,0,1,0,1,0,0|0#1|0#2|0#3|0#4|0#5|0#6|0#7|0#8|0#9|0#10|0#11|0#12|0,0|0#1|0#2|0#3|0#4|0#5|0#6|0#7|0#8|0#9|0#10|0#11|0#12|0,0|0#1|0#2|0#3|0#4|0#5|0#6|0#7|0#8|0#9|0#10|0#11|0#12|0,0|0#1|0#2|0#3|0#4|0#5|0#6|0#7|0#8|0#9|0#10|0#11|0#12|0
56|31,0,0,0,0,0,0,0,0,0,0,0,0,0,0,0,0,,0|0#1|0#2|0#3|0#4|0#5|0#6|0#7|0#8|0#9|0#10|0#11|0#12|0,,0|0#1|0#2|0#3|0#4|0#5|0#6|0#7|0#8|0#9|0#10|0#11|0#12|0
68|73,0,0,0,0,0,0,0,1,0,0,0,0,0,0,0,0,,,,
108|12,0,0,0,0,0,0,0,0,0,0,0,0,0,0,0,0,,,,
21|129,0,0,0,0,0,0,0,0,0,0,0,0,0,0,0,0,,,,
127|23,0,0,0,0,0,0,0,0,0,0,0,0,0,0,0,0,0|0#1|0#2|0#3|0#4|0#5|0#6|0#7|0#8|0#9|0#10|0#11|0#12|0,,0|0#1|0#2|0#3|0#4|0#5|0#6|0#7|0#8|0#9|0#10|0#11|0#12|0,
49|62,0,0,0,0,0,0,0,0,0,0,0,2,0,0,0,0,,,,
66|48,0,0,0,0,0,0,0,1,2,0,0,0,0,0,0,0,,,,
86|115,0,1,0,0,0,0,0,0,0,0,0,0,0,0,0,0,,,,
28|26,0,1,0,0,0,0,0,0,1,0,0,0,0,0,0,0,,,0|0#1|0#2|0#3|0#4|0#5|0#6|0#7|0#8|0#9|0#10|0#11|0#12|0,
146|34,0,0,0,0,0,0,0,0,0,0,0,0,0,0,0,0,,,,
137|104,0,0,0,0,0,0,0,0,0,0,0,0,0,0,0,0,,,,
20|112,0,0,0,0,0,0,0,0,0,0,0,0,0,0,0,0,,,,
8|52,0,0,0,0,0,0,0,0,0,0,0,0,0,0,0,0,,,,
75|42,1,0,0,0,0,0,0,0,1,0,0,0,0,0,0,0,,,,
92|7,0,0,0,0,0,0,0,0,0,0,0,0,0,0,0,0,,,,
59|79,0,0,0,0,0,0,0,0,1,0,1,0,0,0,0,0,,,,
124|117,0,0,0,0,0,0,0,1,0,0,0,1,0,0,0,0,,,,
37|20,0,0,0,0,0,0,0,0,0,0,0,0,0,0,0,0,,,,
34|116,0,0,0,0,0,0,0,0,0,0,0,0,0,0,0,0,,,,
47|103,0,0,0,0,0,0,0,0,0,0,0,0,0,0,0,0,,,,
123|100,0,0,3,0,0,0,0,0,0,0,0,1,1,0,0,0,,,,
94|53,5,5,0,18,0,0,1,1,0,0,1,3,3,1,0,0,0|0#1|0#2|0#3|4#4|4#5|4#6|4#7|4#8|4#9|4#10|4#11|4#12|0,0|0#1|0#2|0#3|4#4|4#5|4#6|4#7|4#8|4#9|4#10|4#11|4#12|0,0|0#1|0#2|0#3|4#4|4#5|4#6|4#7|4#8|4#9|4#10|4#11|4#12|0,0|0#1|0#2|0#3|4#4|4#5|4#6|4#7|4#8|4#9|4#10|4#11|4#12|0
