60|131,0,0,0,0,0,0,0,0,0,0,0,0,0,0,0,0,,,,
128|36,0,0,0,0,0,0,0,0,0,0,0,0,0,0,0,0,,,,
149|72,0,0,0,0,0,0,0,0,0,0,0,0,0,0,0,0,,,,
64|13,0,0,0,0,0,0,0,0,0,0,0,0,0,0,0,0,,,,
55|19,0,0,0,0,0,0,1,0,0,0,0,0,0,0,0,0,,,,
29|39,0,0,0,0,0,0,0,0,0,0,0,0,0,0,0,0,,,,
48|110,0,0,0,0,0,0,0,0,0,0,0,0,0,0,0,0,,,,
97|91,0,0,0,0,0,0,0,0,0,0,0,0,0,0,0,0,,,,
95|66,158,71,247,14,34,25,11,39,14,33,117,63,40,4,0,0,0|0#1|0#2|0#3|4#4|4#5|4#6|4#7|4#8|4#9|4#10|4#11|4#12|0,0|0#1|0#2|0#3|4#4|4#5|4#6|4#7|4#8|4#9|4#10|4#11|4#12|0,0|0#1|0#2|0#3|4#4|4#5|4#6|4#7|4#8|4#9|4#10|4#11|4#12|0,0|0#1|0#2|0#3|4#4|4#5|4#6|4#7|4#8|4#9|4#10|4#11|4#12|0
78|80,1,0,0,0,0,0,0,3,0,0,0,0,9,0,1,0,0|0#1|0#2|0#3|0#4|0#5|0#6|0#7|0#8|0#9|0#10|0#11|0#12|0,0|0#1|0#2|0#3|0#4|0#5|0#6|0#7|0#8|0#9|0#10|0#11|0#12|0,0|0#1|0#2|0#3|0#4|0#5|0#6|0#7|0#8|0#9|0#10|0#11|0#12|0,0|0#1|0#2|0#3|0#4|0#5|0#6|0#7|0#8|0#9|0#10|0#11|0#12|0
147|47,0,0,0,0,0,0,0,0,0,0,0,0,0,0,0,0,,,,
88|97,2,2,7,2,0,3,0,0,1,0,0,10,1,0,0,0,0|0#1|0#2|0#3|0#4|0#5|0#6|0#7|0#8|0#9|0#10|0#11|0#12|0,0|0#1|0#2|0#3|0#4|0#5|0#6|0#7|0#8|0#9|0#10|0#11|0#12|0,0|0#1|0#2|0#3|0#4|0#5|0#6|0#7|0#8|0#9|0#10|0#11|0#12|0,0|0#1|0#2|0#3|0#4|0#5|0#6|0#7|0#8|0#9|0#10|0#11|0#12|0
19|22,0,0,0,0,0,0,0,0,0,0,0,0,0,0,0,0,,,,
125|124,0,0,0,0,0,0,0,0,0,0,0,0,0,0,0,0,,,,
150|132,0,0,0,0,0,0,0,0,0,0,0,0,2,0,0,0,,,,
112|137,17,7,19,31,4,7,5,5,2,2,8,7,4,0,0,0,,,,
138|111,0,0,0,0,0,0,0,0,0,0,0,0,0,0,0,0,,,,
74|135,0,0,0,0,0,0,0,0,0,0,0,0,0,0,0,0,,,,
35|123,0,0,0,0,0,0,0,0,0,0,0,0,0,0,0,0,,,,
109|25,0,0,0,0,0,0,0,0,0,0,0,0,0,0,0,0,,,,
9|65,0,0,0,0,0,0,0,0,0,0,0,0,0,0,0,0,,,,
76|55,0,0,0,0,0,0,0,0,1,0,0,0,0,0,0,0,0|0#1|0#2|0#3|1#4|0#5|0#6|0#7|0#8|0#9|0#10|0#11|0#12|0,0|0#1|0#2|0#3|0#4|0#5|0#6|0#7|0#8|0#9|0#10|0#11|0#12|0,0|0#1|0#2|0#3|0#4|0#5|0#6|0#7|0#8|0#9|0#10|0#11|0#12|0,0|0#1|0#2|0#3|0#4|0#5|0#6|0#7|0#8|0#9|0#10|0#11|0#12|0
22|136,0,0,0,0,0,0,0,0,0,0,0,0,0,0,0,0,,,,
49|127,0,0,0,0,0,0,0,0,0,0,0,0,0,0,0,0,,,,
69|86,1,0,0,0,0,0,0,0,1,0,1,0,2,0,0,0,,,,
111|120,0,0,0,0,0,0,0,0,0,0,0,1,0,0,0,0,,,,
87|122,0,0,0,0,0,0,0,0,0,0,0,0,0,0,0,0,,,,
137|30,0,0,0,0,0,0,0,0,0,0,0,0,0,0,0,0,,,,
57|44,0,1,0,0,0,0,0,0,1,0,0,1,0,0,0,0,,0|0#1|0#2|0#3|0#4|0#5|0#6|0#7|0#8|0#9|0#10|0#11|0#12|0,,
88|139,0,0,0,0,0,0,0,0,0,0,0,0,0,0,0,0,,,,
38|33,0,0,0,0,0,0,0,0,0,0,0,0,0,0,0,0,,0|0#1|0#2|0#3|0#4|0#5|0#6|0#7|0#8|0#9|0#10|0#11|0#12|0,0|0#1|0#2|0#3|0#4|0#5|0#6|0#7|0#8|0#9|0#10|0#11|0#12|0,0|0#1|0#2|0#3|0#4|0#5|0#6|0#7|0#8|0#9|0#10|0#11|0#12|0
139|128,0,0,0,0,0,0,0,0,0,0,0,0,0,0,0,0,,,,
0|146,0,0,0,0,0,0,0,0,0,0,0,0,0,0,0,0,,,,
83|24,0,0,0,0,0,0,0,0,0,0,0,0,0,0,0,0,,,,
