24|112,0,0,0,0,0,0,0,0,0,0,0,0,0,0,0,0,,,,
10|63,0,0,0,0,0,0,0,0,0,0,0,0,0,0,0,0,,,,
68|26,0,0,0,0,0,0,0,0,0,0,0,0,0,0,0,0,,,,
89|62,8,0,38,4,0,5,3,3,1,0,3,24,0,0,0,0,0|0#1|0#2|0#3|4#4|2#5|2#6|2#7|2#8|2#9|2#10|3#11|2#12|0,0|0#1|0#2|0#3|2#4|1#5|1#6|2#7|2#8|2#9|2#10|2#11|2#12|0,0|0#1|0#2|0#3|3#4|2#5|2#6|3#7|2#8|2#9|2#10|3#11|2#12|0,0|0#1|0#2|0#3|2#4|0#5|1#6|2#7|2#8|2#9|2#10|2#11|2#12|0
127|100,0,0,0,0,0,0,0,0,0,0,0,0,1,0,0,0,,,,
139|18,0,0,0,0,0,0,0,0,0,0,0,0,0,0,0,0,,,,
96|31,0,0,0,0,0,0,0,0,0,0,0,0,0,0,0,0,,,,
102|91,0,0,0,0,0,0,0,0,0,0,0,1,0,0,0,0,0|0#1|0#2|0#3|0#4|0#5|0#6|0#7|0#8|0#9|0#10|0#11|0#12|0,,0|0#1|0#2|0#3|0#4|0#5|0#6|0#7|0#8|0#9|0#10|0#11|0#12|0,
2|122,0,0,0,0,0,0,0,0,0,0,0,0,0,0,0,0,,,,
38|116,0,0,0,0,0,0,0,0,0,0,0,0,0,0,0,0,,,,
77|20,0,0,0,0,0,0,0,0,0,0,0,0,0,0,0,0,,,,
76|111,0,0,0,0,0,0,0,0,0,0,0,0,0,0,0,0,,,,
17|2,0,0,0,0,0,0,0,0,0,0,0,0,0,0,0,0,,,,
87|37,0,0,0,0,0,0,1,0,0,0,0,0,0,0,0,0,0|0#1|0#2|0#3|0#4|0#5|0#6|0#7|0#8|0#9|0#10|0#11|0#12|0,,,
99|79,1,1,2,0,0,0,2,1,0,0,2,0,4,0,0,0,0|0#1|0#2|0#3|0#4|0#5|0#6|0#7|0#8|0#9|0#10|0#11|0#12|0,0|0#1|0#2|0#3|0#4|0#5|0#6|0#7|0#8|0#9|0#10|0#11|0#12|0,0|0#1|0#2|0#3|0#4|0#5|0#6|0#7|0#8|0#9|0#10|0#11|0#12|0,0|0#1|0#2|0#3|0#4|0#5|0#6|0#7|0#8|0#9|0#10|0#11|0#12|0
11|125,0,0,0,0,0,0,0,0,0,0,0,0,0,0,0,0,,,,
100|66,194,56,509,3,50,14,14,19,13,33,70,223,39,2,0,0,0|0#1|0#2|0#3|4#4|4#5|4#6|4#7|4#8|4#9|4#10|4#11|4#12|0,0|0#1|0#2|0#3|4#4|4#5|4#6|4#7|4#8|4#9|4#10|4#11|4#12|0,0|0#1|0#2|0#3|4#4|4#5|4#6|4#7|4#8|4#9|4#10|4#11|4#12|0,0|0#1|0#2|0#3|4#4|4#5|4#6|4#7|4#8|4#9|4#10|4#11|4#12|0
148|12,0,0,0,0,0,0,0,0,0,0,0,0,0,0,0,0,,,,
25|129,0,0,0,0,0,0,0,0,0,0,0,0,0,0,0,0,,,,
43|0,0,0,0,0,0,0,0,0,0,0,0,0,0,0,0,0,,,,
63|124,0,0,0,0,0,0,0,0,0,0,0,0,0,0,0,0,,,,
49|15,0,0,0,0,0,0,0,0,0,0,0,0,0,0,0,0,,,,
114|113,0,0,0,0,0,0,0,0,0,0,0,0,0,0,0,0,,,,
3|139,0,0,0,0,0,0,0,0,0,0,0,0,0,0,0,0,,,,
77|128,0,0,0,0,0,0,0,0,0,0,0,0,0,0,0,0,,,,
147|7,0,0,0,0,0,0,0,0,0,0,0,0,0,0,0,0,,,,
50|137,0,0,0,0,0,0,0,0,0,0,0,0,0,0,0,0,,,,
140|138,0,0,0,0,0,0,0,0,0,0,0,0,0,0,0,0,,,,
101|126,0,0,0,0,0,0,0,0,0,0,0,0,0,0,0,0,,,,
128|117,0,0,0,0,0,1,0,0,0,0,0,0,0,0,0,0,,,,
