133|84,57,21,178,8,17,40,0,11,8,10,64,30,12,0,0,0,0|0#1|0#2|0#3|0#4|0#5|0#6|0#7|0#8|0#9|0#10|1#11|1#12|0,0|0#1|0#2|0#3|0#4|0#5|0#6|0#7|0#8|0#9|0#10|0#11|0#12|0,0|0#1|0#2|0#3|0#4|0#5|0#6|0#7|0#8|0#9|1#10|1#11|1#12|0,0|0#1|0#2|0#3|0#4|0#5|0#6|0#7|0#8|0#9|0#10|0#11|0#12|0
152|95,0,0,0,0,0,0,0,0,0,0,0,0,0,0,0,0,,,,
2|71,0,0,0,0,0,0,0,0,0,0,0,0,0,0,0,0,,,,
67|111,0,0,0,0,0,0,0,0,0,0,0,0,0,0,0,0,,,,
16|129,0,0,0,0,0,0,0,0,0,0,0,0,0,0,0,0,,,,
34|87,0,0,0,0,0,0,0,0,0,0,0,0,0,0,0,0,,,,
40|120,0,0,0,0,0,0,0,0,0,0,0,0,0,0,0,0,,,,
140|53,0,0,0,0,0,0,0,0,0,0,0,0,0,0,0,0,,,,
105|113,0,0,0,0,0,0,0,0,0,0,0,0,0,0,0,0,,,,
15|76,0,0,0,0,0,0,0,0,0,0,0,0,0,0,0,0,,,,
54|124,0,0,0,0,0,0,0,0,0,0,0,0,0,0,0,0,,,,
41|137,0,0,0,0,0,0,0,0,0,0,0,0,0,0,0,0,,,,
50|50,0,0,0,0,0,0,0,2,0,0,0,3,1,0,0,0,,,,
30|1,0,0,0,0,0,0,0,0,0,0,0,0,0,0,0,0,,,,
112|48,0,0,0,0,0,0,0,0,0,0,0,12,1,0,0,0,0|0#1|0#2|0#3|0#4|0#5|0#6|0#7|0#8|0#9|0#10|0#11|0#12|0,,0|0#1|0#2|0#3|0#4|0#5|0#6|0#7|0#8|0#9|0#10|0#11|0#12|0,
24|70,0,0,0,0,0,0,0,0,0,0,0,0,0,0,0,0,,,,
60|67,0,0,0,0,0,0,0,0,0,0,0,0,0,0,0,0,,,,
68|128,0,0,0,0,0,0,0,0,0,0,0,0,0,0,0,0,,,,
41|56,0,0,0,0,0,0,0,0,0,0,0,0,0,0,0,0,,,,
7|126,0,0,0,0,0,0,0,0,0,0,0,0,0,0,0,0,,,,
0|46,0,0,0,0,0,0,0,0,0,0,0,0,0,0,0,0,,,,
130|121,0,0,0,0,0,0,0,0,0,0,0,0,0,0,0,0,,,,
134|8,0,0,0,0,0,0,0,0,0,0,0,0,0,0,0,0,,,,
131|59,0,0,0,0,0,0,0,0,0,0,0,0,0,0,0,0,,,,
119|117,0,0,0,0,0,0,0,0,0,0,0,5,0,0,0,0,,,,
15|112,0,0,0,0,0,0,0,0,0,0,0,0,0,0,0,0,,,,
114|73,0,0,0,0,0,0,0,0,0,0,0,0,0,0,0,0,0|0#1|0#2|0#3|0#4|0#5|0#6|0#7|0#8|0#9|0#10|0#11|0#12|0,0|0#1|0#2|0#3|0#4|0#5|0#6|0#7|0#8|0#9|0#10|0#11|0#12|0,0|0#1|0#2|0#3|0#4|0#5|0#6|0#7|0#8|0#9|0#10|0#11|0#12|0,0|0#1|0#2|0#3|0#4|0#5|0#6|0#7|0#8|0#9|0#10|0#11|0#12|0
22|45,0,0,0,0,0,0,0,0,0,0,0,0,0,0,0,0,,,,
62|92,0,0,0,0,0,0,0,1,1,0,0,0,0,0,0,0,,,,0|0#1|0#2|0#3|0#4|0#5|0#6|0#7|0#8|0#9|0#10|0#11|0#12|0
102|31,0,0,0,0,0,0,0,0,0,0,0,0,0,0,0,0,,,,
99|19,0,0,0,0,0,0,0,0,1,0,0,0,0,0,0,0,,,,
105|79,9,7,12,1,0,4,2,2,15,0,1,3,1,0,0,0,0|0#1|0#2|0#3|0#4|0#5|0#6|0#7|0#8|0#9|0#10|0#11|0#12|0,0|0#1|0#2|0#3|0#4|0#5|0#6|0#7|0#8|0#9|0#10|0#11|0#12|0,0|0#1|0#2|0#3|0#4|0#5|0#6|0#7|0#8|0#9|0#10|0#11|0#12|0,0|0#1|0#2|0#3|0#4|0#5|0#6|0#7|0#8|0#9|0#10|0#11|0#12|0
121|42,0,0,0,0,1,0,0,0,6,0,0,0,0,0,0,0,,,,
131|138,4,0,6,0,3,4,3,1,6,0,2,1,1,0,0,0,,,,
29|116,0,0,0,0,0,0,0,0,0,0,0,0,0,0,0,0,,,,
53|98,0,0,0,0,0,0,0,0,0,0,0,0,0,0,0,0,,0|0#1|0#2|0#3|0#4|0#5|0#6|0#7|0#8|0#9|0#10|0#11|0#12|0,,
93|136,0,0,0,0,0,0,1,0,0,0,0,0,0,0,0,0,,,,
144|125,0,0,0,0,0,0,0,0,0,0,0,0,0,0,0,0,,,,
43|81,0,0,0,0,0,0,1,4,1,0,0,0,0,0,0,0,,,0|0#1|0#2|0#3|0#4|0#5|0#6|0#7|0#8|0#9|0#10|0#11|0#12|0,
118|100,8,5,2,0,0,0,0,3,0,0,1,0,1,0,0,0,0|0#1|0#2|0#3|0#4|0#5|0#6|0#7|0#8|0#9|0#10|0#11|0#12|0,,,
