119|12,0,0,2,0,0,0,0,0,0,0,0,0,0,0,0,0,,,,
67|31,0,0,0,0,0,0,0,0,0,0,0,7,0,0,0,0,,,,
58|37,0,0,0,0,0,0,0,0,0,0,0,0,0,0,0,0,,,,
113|124,0,0,0,0,0,0,0,0,0,0,0,0,0,0,0,0,,,,
48|20,0,0,0,0,0,0,0,0,0,0,0,0,0,0,0,0,,,,
79|73,0,0,0,0,0,0,0,0,0,0,0,0,0,0,0,0,,,,
0|2,0,0,0,0,0,0,0,0,0,0,0,0,0,0,0,0,,,,
75|122,0,0,0,0,0,0,0,0,0,0,0,0,0,0,0,0,,,,
96|59,61,48,104,39,38,24,8,13,20,37,58,240,46,6,0,0,0|0#1|0#2|0#3|4#4|4#5|4#6|4#7|4#8|4#9|4#10|4#11|4#12|0,0|0#1|0#2|0#3|4#4|4#5|4#6|4#7|4#8|4#9|4#10|4#11|4#12|0,0|0#1|0#2|0#3|4#4|4#5|4#6|4#7|4#8|4#9|4#10|4#11|4#12|0,0|0#1|0#2|0#3|4#4|4#5|4#6|4#7|4#8|4#9|4#10|4#11|4#12|0
152|136,0,0,0,0,0,0,0,0,0,0,0,0,0,0,1,0,,,,
23|123,0,0,0,0,0,0,0,0,0,0,0,0,0,0,0,0,,,,
10|136,0,0,0,0,0,0,0,0,0,0,0,0,0,0,0,0,,,,
100|137,0,0,0,0,0,0,0,1,0,0,0,0,0,0,0,0,,,,
76|139,0,0,0,0,0,0,0,0,0,0,0,0,0,0,0,0,,,,
138|23,0,0,0,0,0,0,0,0,1,0,0,0,0,0,0,0,,,,
41|3,0,0,0,0,0,0,0,0,0,0,0,0,0,0,0,0,,,,
84|17,0,0,0,0,0,0,0,0,0,0,0,0,0,0,0,0,,,,
37|127,0,0,0,0,0,0,0,0,0,0,0,0,0,0,0,0,,,,
86|42,0,0,0,0,0,0,0,0,0,0,0,0,0,0,0,0,,,,
62|135,0,0,0,0,0,0,0,0,0,0,0,0,0,0,0,0,,,,
98|84,1,1,8,0,1,4,2,1,2,0,2,11,3,0,0,0,0|0#1|0#2|0#3|0#4|0#5|0#6|0#7|1#8|1#9|0#10|0#11|0#12|0,0|0#1|0#2|0#3|0#4|0#5|0#6|0#7|0#8|0#9|0#10|0#11|0#12|0,0|0#1|0#2|0#3|0#4|0#5|0#6|0#7|1#8|1#9|0#10|0#11|0#12|0,0|0#1|0#2|0#3|0#4|0#5|0#6|0#7|0#8|0#9|0#10|0#11|0#12|0
15|5,0,0,6,0,2,1,0,0,3,0,3,0,2,0,0,0,,,,
1|133,0,0,0,0,0,0,0,0,0,0,0,0,0,0,0,0,,,,
127|128,9,6,10,0,1,0,0,1,2,0,2,2,1,0,0,0,,,,
89|126,0,0,0,0,0,0,0,0,0,0,0,0,0,0,0,0,,,,
129|29,0,0,0,0,0,0,0,0,0,0,0,0,0,0,0,0,,,,
77|48,0,0,0,0,0,0,0,0,0,0,0,0,0,0,0,0,0|0#1|0#2|0#3|0#4|0#5|0#6|0#7|0#8|0#9|0#10|0#11|0#12|0,0|0#1|0#2|0#3|0#4|0#5|0#6|0#7|0#8|0#9|0#10|0#11|0#12|0,0|0#1|0#2|0#3|0#4|0#5|0#6|0#7|0#8|0#9|0#10|0#11|0#12|0,0|0#1|0#2|0#3|0#4|0#5|0#6|0#7|0#8|0#9|0#10|0#11|0#12|0
93|11,0,0,0,0,0,0,0,0,0,0,0,0,0,0,0,0,,,,
39|26,0,0,0,0,0,0,0,0,1,0,0,0,0,0,0,0,,,,
126|111,0,0,0,0,0,0,0,0,1,0,0,0,0,0,0,0,,,,
7|10,0,1,0,0,0,0,0,0,0,0,0,0,0,0,0,0,,,,
36|110,0,0,0,0,0,0,0,0,0,0,0,0,0,0,0,0,,,,
