91|84,0,0,0,0,0,0,0,0,1,0,0,1,0,0,0,0,,,,
53|62,0,0,0,0,0,0,0,3,0,0,0,0,0,0,0,0,,0|0#1|0#2|0#3|0#4|0#5|0#6|0#7|0#8|0#9|0#10|0#11|0#12|0,,0|0#1|0#2|0#3|0#4|0#5|0#6|0#7|0#8|0#9|0#10|0#11|0#12|0
150|34,0,0,0,0,0,0,0,0,0,0,0,0,0,0,0,0,,,,
60|31,0,0,0,0,0,0,0,0,0,0,0,0,0,0,0,0,,,,
34|51,0,0,0,0,0,0,0,0,0,0,0,0,0,0,0,0,,,,
55|105,0,0,0,0,0,0,0,0,0,0,0,0,0,0,0,0,,,,
13|15,0,0,0,0,0,0,0,0,0,0,0,0,0,0,0,0,,,,
122|29,0,0,0,0,0,0,0,0,0,0,0,0,0,0,0,0,0|0#1|0#2|0#3|0#4|0#5|0#6|0#7|0#8|0#9|0#10|0#11|0#12|0,,0|0#1|0#2|0#3|0#4|0#5|0#6|0#7|0#8|0#9|0#10|0#11|0#12|0,
103|18,0,0,0,0,0,0,0,0,0,0,0,0,0,0,0,0,,,,
105|43,0,0,0,0,0,0,0,1,0,0,0,0,0,0,0,0,0|0#1|0#2|0#3|0#4|0#5|0#6|0#7|1#8|0#9|0#10|0#11|0#12|0,0|0#1|0#2|0#3|0#4|0#5|0#6|0#7|0#8|0#9|0#10|0#11|0#12|0,0|0#1|0#2|0#3|0#4|0#5|0#6|0#7|0#8|0#9|0#10|0#11|0#12|0,0|0#1|0#2|0#3|0#4|0#5|0#6|0#7|0#8|0#9|0#10|0#11|0#12|0
46|93,0,0,0,0,0,0,0,0,0,0,0,0,0,0,0,0,,,,
143|65,0,0,0,0,0,0,0,0,0,0,0,0,0,0,0,0,0|0#1|0#2|0#3|0#4|0#5|0#6|0#7|0#8|0#9|0#10|0#11|0#12|0,0|0#1|0#2|0#3|0#4|0#5|0#6|0#7|0#8|0#9|0#10|0#11|0#12|0,0|0#1|0#2|0#3|0#4|0#5|0#6|0#7|0#8|0#9|0#10|0#11|0#12|0,0|0#1|0#2|0#3|0#4|0#5|0#6|0#7|0#8|0#9|0#10|0#11|0#12|0
27|82,0,0,0,0,0,0,0,0,0,0,0,0,0,0,0,0,,,,
93|100,0,0,0,0,0,0,0,0,0,0,0,0,1,0,0,0,0|0#1|0#2|0#3|0#4|0#5|0#6|0#7|0#8|0#9|0#10|0#11|0#12|0,,,0|0#1|0#2|0#3|0#4|0#5|0#6|0#7|0#8|0#9|0#10|0#11|0#12|0
145|90,0,0,0,0,0,0,0,0,0,0,0,0,0,0,0,0,,,,
63|79,0,0,0,0,0,0,0,0,0,0,0,0,0,0,0,0,,,,
112|12,0,0,0,0,0,0,0,0,0,0,0,0,0,0,0,0,,,,
51|37,0,0,0,0,0,0,0,0,0,0,0,0,0,0,0,0,,,,
131|23,0,0,0,0,0,0,0,0,0,0,0,0,0,0,0,0,,,,
117|85,2,0,0,0,0,0,0,0,0,0,0,9,2,0,0,0,0|0#1|0#2|0#3|0#4|0#5|0#6|0#7|0#8|0#9|0#10|0#11|0#12|0,,0|0#1|0#2|0#3|0#4|0#5|0#6|0#7|0#8|0#9|0#10|0#11|0#12|0,
94|117,0,1,0,0,0,0,0,0,0,0,0,0,0,0,0,0,,,,
15|40,0,0,0,0,0,0,0,0,0,0,0,0,0,0,0,0,,,,
37|99,0,0,0,0,0,0,0,0,0,0,0,0,0,0,0,0,,,,
131|102,0,0,0,0,0,0,0,0,0,0,0,0,0,0,0,0,,,,
32|26,0,0,0,0,0,0,0,0,0,0,0,0,0,0,0,0,0|0#1|0#2|0#3|0#4|0#5|0#6|0#7|0#8|0#9|0#10|0#11|0#12|0,,0|0#1|0#2|0#3|0#4|0#5|0#6|0#7|0#8|0#9|0#10|0#11|0#12|0,0|0#1|0#2|0#3|0#4|0#5|0#6|0#7|0#8|0#9|0#10|0#11|0#12|0
41|101,0,0,0,0,0,0,0,0,0,0,0,0,0,0,0,0,,,,
69|4,0,0,0,0,0,0,0,0,0,0,0,0,0,0,0,0,,,,
0|10,0,0,0,0,0,0,0,0,0,0,0,0,0,0,0,0,,,,
42|118,0,0,0,0,0,0,0,0,0,0,0,0,0,0,0,0,,,,
5|83,0,0,0,0,0,0,0,0,0,0,0,0,0,0,0,0,,,,
95|2,0,0,0,0,0,0,0,0,0,0,0,0,0,0,0,0,,,,
136|96,0,0,0,0,0,0,0,0,0,0,0,0,0,0,0,0,,,,
18|88,0,0,0,0,0,0,0,0,0,0,0,0,0,0,0,0,,,,
80|113,0,0,0,0,0,0,0,0,0,0,0,0,0,0,0,0,,,,
124|54,0,0,0,0,0,0,0,0,0,0,0,0,0,0,0,0,,,,
69|109,0,0,0,0,0,0,0,0,0,0,0,0,0,0,0,0,,,,
41|20,0,0,0,0,0,0,0,0,0,0,0,0,0,0,0,0,,,,
25|57,0,0,0,0,0,0,0,0,0,0,0,0,0,0,0,0,,,,
44|68,0,0,0,0,0,0,0,0,0,0,0,0,0,0,0,0,,,,
101|8,0,0,0,0,0,0,0,0,0,0,0,0,0,0,0,0,,,,
132|119,0,0,1,0,0,0,0,0,1,1,0,1,0,0,0,0,,,,
72|73,9,5,9,0,3,13,0,4,1,0,2,0,0,0,0,0,0|0#1|0#2|0#3|0#4|0#5|0#6|0#7|0#8|0#9|0#10|0#11|0#12|0,,0|0#1|0#2|0#3|0#4|0#5|0#6|0#7|0#8|0#9|0#10|0#11|0#12|0,0|0#1|0#2|0#3|0#4|0#5|0#6|0#7|0#8|0#9|0#10|0#11|0#12|0
8|107,0,0,0,0,0,0,0,0,0,0,0,0,0,0,0,0,,,,
145|106,0,0,0,0,0,0,0,0,0,0,0,0,0,0,0,0,,,,
70|48,0,0,0,0,0,0,0,0,0,0,0,0,0,0,0,0,,,,
3|58,0,0,0,0,0,0,0,0,0,0,0,0,0,0,0,0,,,,
