104|40,0,0,0,0,0,0,0,0,0,0,0,0,0,0,0,0,,,,
126|99,0,0,0,0,0,0,0,0,0,0,0,0,0,0,0,0,,,,
17|85,0,0,0,0,0,0,0,0,0,0,0,0,0,0,0,0,,,,
130|20,0,0,0,0,0,1,0,0,0,0,0,0,0,0,0,0,,,,
24|54,1,0,0,0,0,0,0,0,0,0,0,0,0,0,0,0,,,,
2|55,0,0,0,0,0,0,0,0,0,0,0,0,0,0,0,0,,,,
142|62,0,0,0,0,0,0,0,0,0,0,0,0,0,0,0,0,,,,
140|37,3,0,2,0,0,0,0,0,0,0,2,0,2,0,0,0,0|0#1|0#2|0#3|0#4|0#5|0#6|0#7|0#8|0#9|0#10|0#11|0#12|0,,0|0#1|0#2|0#3|0#4|0#5|0#6|0#7|0#8|0#9|0#10|0#11|0#12|0,0|0#1|0#2|0#3|0#4|0#5|0#6|0#7|0#8|0#9|0#10|0#11|0#12|0
12|12,0,0,0,0,0,0,0,0,0,0,0,0,0,0,0,0,,,,
4|80,0,0,0,0,0,0,0,0,0,0,0,0,0,0,0,0,,,,
22|29,0,0,0,0,0,0,0,0,0,0,0,0,0,0,0,0,,,,
62|76,0,0,0,0,0,0,0,0,0,0,0,0,0,0,0,0,,,,
45|90,0,0,0,0,0,0,0,0,0,0,0,0,0,0,0,0,0|0#1|0#2|0#3|0#4|0#5|0#6|0#7|0#8|0#9|0#10|0#11|0#12|0,0|0#1|0#2|0#3|0#4|0#5|0#6|0#7|0#8|0#9|0#10|0#11|0#12|0,0|0#1|0#2|0#3|0#4|0#5|0#6|0#7|0#8|0#9|0#10|0#11|0#12|0,0|0#1|0#2|0#3|0#4|0#5|0#6|0#7|0#8|0#9|0#10|0#11|0#12|0
121|26,0,0,0,0,0,0,0,0,0,0,0,0,0,0,0,0,,,,
135|93,0,0,0,0,0,0,0,0,0,0,0,0,0,0,0,0,,,,
50|34,0,0,0,0,0,0,0,0,0,0,0,3,1,0,0,0,,,,
31|23,0,0,0,0,0,0,0,0,0,0,0,0,0,0,0,0,,,,
116|82,0,0,0,0,0,0,0,0,0,0,0,1,0,0,0,0,0|0#1|0#2|0#3|0#4|0#5|0#6|0#7|0#8|0#9|0#10|0#11|0#12|0,,0|0#1|0#2|0#3|0#4|0#5|0#6|0#7|0#8|0#9|0#10|0#11|0#12|0,0|0#1|0#2|0#3|0#4|0#5|0#6|0#7|0#8|0#9|0#10|0#11|0#12|0
43|65,1,0,5,0,1,2,2,1,7,0,3,3,2,0,0,0,,,,
123|51,0,0,0,0,0,0,0,9,0,0,1,0,2,0,0,0,,,,
107|88,0,0,0,0,0,0,0,0,0,0,0,3,0,0,0,0,0|0#1|0#2|0#3|0#4|0#5|0#6|0#7|0#8|0#9|0#10|0#11|0#12|0,,0|0#1|0#2|0#3|0#4|0#5|0#6|0#7|0#8|0#9|0#10|0#11|0#12|0,
92|103,0,0,0,0,0,0,0,0,0,0,0,0,0,0,0,0,,,,
36|96,0,0,0,0,0,0,0,0,0,0,0,0,0,0,0,0,,,,
19|143,0,0,0,0,0,0,0,0,0,0,0,0,0,0,0,0,,,,
71|70,0,0,0,0,0,0,0,0,1,0,0,0,0,0,1,0,,0|0#1|0#2|0#3|0#4|0#5|0#6|0#7|0#8|0#9|0#10|0#11|0#12|0,,0|0#1|0#2|0#3|0#4|0#5|0#6|0#7|0#8|0#9|0#10|0#11|0#12|0
40|104,0,0,0,0,0,0,0,0,0,0,0,0,0,0,0,0,,,,
109|144,0,0,0,0,0,0,0,0,0,0,0,0,0,0,0,0,,,,
81|87,0,0,0,0,0,0,0,0,0,0,0,0,0,0,0,0,,,,
114|57,0,0,0,0,0,0,0,0,0,0,0,0,0,0,0,0,0|0#1|0#2|0#3|0#4|0#5|0#6|0#7|0#8|0#9|0#10|0#11|0#12|0,0|0#1|0#2|0#3|0#4|0#5|0#6|0#7|0#8|0#9|0#10|0#11|0#12|0,0|0#1|0#2|0#3|0#4|0#5|0#6|0#7|0#8|0#9|0#10|0#11|0#12|0,0|0#1|0#2|0#3|0#4|0#5|0#6|0#7|0#8|0#9|0#10|0#11|0#12|0
59|1,0,0,0,0,0,0,0,0,0,0,0,0,0,0,0,0,,,,
90|81,44,10,41,12,2,15,1,6,0,0,9,3,0,0,0,0,0|0#1|0#2|0#3|1#4|0#5|0#6|0#7|0#8|0#9|0#10|0#11|0#12|0,0|0#1|0#2|0#3|0#4|0#5|0#6|0#7|0#8|0#9|0#10|0#11|0#12|0,0|0#1|0#2|0#3|0#4|0#5|0#6|0#7|0#8|0#9|0#10|0#11|1#12|0,0|0#1|0#2|0#3|0#4|0#5|0#6|0#7|0#8|0#9|0#10|0#11|0#12|0
152|79,0,0,0,0,0,0,0,0,0,0,0,0,0,0,0,0,,,,
54|108,0,0,0,0,0,0,0,0,0,0,0,0,0,0,0,0,,,,
102|15,0,0,0,0,0,0,0,0,0,0,0,0,0,0,0,0,,,,
144|109,0,0,0,0,0,0,0,0,0,0,0,0,0,0,0,0,,,,
130|105,0,0,0,0,0,0,0,0,0,0,0,0,0,0,0,0,,,,
133|68,0,0,0,0,0,0,0,0,0,0,0,0,0,0,0,0,,,,
