140|121,0,0,0,0,0,0,0,0,0,0,0,0,0,0,0,0,,,,
12|125,0,0,0,0,0,0,0,0,0,0,0,0,0,0,0,0,,,,
20|63,0,0,0,0,0,0,0,0,0,0,0,0,0,0,0,0,,,,
78|128,0,0,0,0,0,0,0,0,0,0,0,0,0,0,0,0,,,,
87|20,0,0,0,0,0,0,0,0,0,0,0,1,0,0,0,0,,,,
99|62,372,130,1122,1,79,33,21,42,43,93,141,355,85,5,0,0,0|0#1|0#2|0#3|4#4|4#5|4#6|4#7|4#8|4#9|4#10|4#11|4#12|0,0|0#1|0#2|0#3|4#4|4#5|4#6|4#7|4#8|4#9|4#10|4#11|4#12|0,0|0#1|0#2|0#3|4#4|4#5|4#6|4#7|4#8|4#9|4#10|4#11|4#12|0,0|0#1|0#2|0#3|4#4|4#5|4#6|4#7|4#8|4#9|4#10|4#11|4#12|0
110|66,20,2,5,4,5,0,0,3,4,9,3,104,3,1,0,0,0|0#1|0#2|0#3|0#4|2#5|1#6|1#7|1#8|1#9|0#10|0#11|0#12|0,0|0#1|0#2|0#3|0#4|0#5|0#6|0#7|0#8|0#9|0#10|0#11|0#12|0,0|0#1|0#2|0#3|1#4|2#5|2#6|1#7|1#8|1#9|0#10|0#11|0#12|0,0|0#1|0#2|0#3|0#4|0#5|0#6|0#7|0#8|0#9|0#10|0#11|0#12|0
102|126,0,0,0,0,0,0,0,0,0,0,0,0,0,0,0,0,,,,
3|122,0,0,0,0,0,0,0,0,0,0,0,0,0,0,0,0,,,,
129|117,0,2,6,0,1,1,0,3,0,0,1,5,0,0,0,0,,,,
149|18,0,0,0,0,0,0,0,0,0,0,0,0,0,0,0,0,,,,
59|15,0,0,0,0,0,0,0,0,0,0,0,0,0,0,0,0,,,,
13|94,0,0,0,0,0,0,0,0,0,0,0,0,0,0,0,0,,,,
11|69,0,0,0,0,0,0,0,0,0,0,0,0,0,0,0,0,,,,
51|137,0,0,0,0,0,0,0,0,0,0,0,0,0,0,0,0,,,,
26|129,0,0,0,0,0,0,0,0,0,0,0,0,0,0,0,0,,,,
128|100,0,0,0,0,0,1,0,0,0,0,0,0,0,0,0,0,,,,
141|138,0,0,0,0,0,0,0,0,0,0,0,0,1,0,0,0,,,,
97|37,4,2,9,1,2,2,3,3,3,0,2,3,2,0,0,0,0|0#1|0#2|0#3|2#4|0#5|0#6|0#7|0#8|0#9|0#10|0#11|0#12|0,0|0#1|0#2|0#3|1#4|0#5|0#6|0#7|0#8|0#9|0#10|0#11|0#12|0,0|0#1|0#2|0#3|1#4|0#5|0#6|0#7|0#8|0#9|0#10|0#11|0#12|0,0|0#1|0#2|0#3|0#4|0#5|0#6|0#7|0#8|0#9|0#10|0#11|0#12|0
64|124,0,0,0,0,0,0,0,0,0,0,0,0,0,0,0,0,,,,
112|1,0,0,0,0,0,0,0,0,0,0,0,0,1,0,0,0,,,,
77|111,0,1,0,0,0,0,0,5,0,0,1,0,0,0,0,0,,,,
53|6,0,0,0,0,0,0,0,0,0,0,0,0,0,0,0,0,,,,
50|120,0,0,0,0,0,0,0,0,0,0,0,0,0,0,0,0,,,,
103|97,0,1,0,0,0,0,0,2,0,0,0,0,0,0,1,0,0|0#1|0#2|0#3|0#4|0#5|0#6|0#7|0#8|0#9|0#10|0#11|0#12|0,,0|0#1|0#2|0#3|0#4|0#5|0#6|0#7|0#8|0#9|0#10|0#11|0#12|0,
78|26,0,0,0,0,0,0,0,0,0,0,0,0,0,0,0,0,,,,
4|139,0,0,0,0,0,0,0,0,0,0,0,0,0,0,0,0,,,,
27|8,0,0,0,0,0,0,0,0,0,0,0,0,0,0,0,0,,,,
115|113,0,0,0,0,0,0,0,0,0,0,0,0,0,0,0,0,,,,
39|116,0,0,0,0,0,0,0,0,0,0,0,0,0,0,0,0,,,,
25|112,0,0,0,0,0,0,0,0,0,0,0,0,0,0,0,0,,,,
112|91,0,0,0,0,0,0,0,0,0,0,0,0,0,0,0,0,,,,0|0#1|0#2|0#3|0#4|0#5|0#6|0#7|0#8|0#9|0#10|0#11|0#12|0
