123|139,0,0,0,0,0,0,0,0,0,0,0,1,0,0,0,0,,,,
119|70,4,7,74,0,6,4,2,1,3,0,7,3,6,0,0,0,0|0#1|0#2|0#3|0#4|0#5|0#6|0#7|0#8|0#9|0#10|0#11|0#12|0,,0|0#1|0#2|0#3|0#4|0#5|0#6|0#7|0#8|0#9|0#10|0#11|0#12|0,
3|18,0,0,0,0,0,0,0,0,0,0,0,0,0,0,0,0,,,,
18|48,0,0,0,0,0,0,0,0,0,0,0,0,0,0,0,0,,,,
46|53,13,9,15,0,3,6,1,10,44,4,4,6,5,0,0,0,0|0#1|0#2|0#3|0#4|0#5|0#6|0#7|0#8|0#9|0#10|0#11|0#12|0,0|0#1|0#2|0#3|0#4|0#5|0#6|0#7|0#8|0#9|0#10|0#11|0#12|0,0|0#1|0#2|0#3|0#4|0#5|0#6|0#7|0#8|0#9|0#10|0#11|0#12|0,0|0#1|0#2|0#3|0#4|0#5|0#6|0#7|0#8|0#9|0#10|0#11|0#12|0
25|17,0,0,0,0,0,0,0,0,0,0,0,0,0,0,0,0,,,,
84|120,0,0,0,0,0,0,0,1,0,0,0,0,0,0,0,0,,,,
91|44,0,0,0,6,0,0,0,0,0,0,0,6,0,0,0,0,,,,
129|87,0,1,0,0,0,0,0,0,0,0,0,0,0,0,0,0,,,,
54|0,0,0,0,0,0,0,0,0,0,0,0,1,0,0,0,0,,,,
138|81,0,0,0,0,0,0,0,0,0,0,0,0,0,0,0,0,,,,
85|137,0,0,0,0,0,0,0,0,0,0,0,0,0,0,0,0,,,,
58|95,1,0,0,1,0,0,0,0,1,0,0,6,2,0,0,0,0|0#1|0#2|0#3|0#4|0#5|0#6|0#7|0#8|0#9|0#10|0#11|0#12|0,0|0#1|0#2|0#3|0#4|0#5|0#6|0#7|0#8|0#9|0#10|0#11|0#12|0,0|0#1|0#2|0#3|0#4|0#5|0#6|0#7|0#8|0#9|0#10|0#11|0#12|0,0|0#1|0#2|0#3|0#4|0#5|0#6|0#7|0#8|0#9|0#10|0#11|0#12|0
148|98,0,0,0,0,0,0,0,0,0,0,0,0,0,0,0,0,,,,
34|11,0,0,0,0,0,0,0,0,0,0,0,0,0,0,0,0,,,,
33|138,0,0,0,0,0,0,0,0,0,0,0,0,0,0,0,0,,,,
122|122,0,0,0,0,0,0,0,0,0,0,0,0,0,0,0,0,,,,
5|43,0,0,0,0,0,0,0,0,0,0,0,0,0,0,0,0,,,,
98|124,0,0,0,0,0,0,0,0,0,0,0,0,0,0,0,0,,,,
71|133,0,0,0,0,0,0,0,0,0,0,0,0,0,0,0,0,,,,
32|121,0,0,0,0,0,0,0,0,0,0,0,0,0,0,0,0,,,,
145|50,0,0,0,0,0,0,0,0,0,0,0,0,0,0,0,0,,,,
59|112,0,1,0,0,0,0,0,1,0,0,0,0,0,0,0,0,,,,
27|42,0,0,0,0,0,0,0,0,0,0,0,0,0,0,0,0,,,,
44|28,0,0,0,0,0,0,0,0,0,0,0,0,0,0,0,0,,,,
117|45,0,0,0,0,0,0,0,0,0,0,0,0,0,0,0,0,,,0|0#1|0#2|0#3|0#4|0#5|0#6|0#7|0#8|0#9|0#10|0#11|0#12|0,
143|25,0,0,0,0,0,0,0,0,0,0,0,0,0,0,0,0,,,,
124|14,0,0,0,0,0,0,0,0,0,0,0,0,0,0,0,0,,,,
136|126,0,0,0,0,0,0,0,0,0,0,0,0,0,0,0,0,,,,
63|39,0,0,0,0,0,0,0,0,0,0,0,0,0,0,0,0,,,,
84|75,0,0,0,0,0,0,0,0,0,0,0,4,0,0,0,0,0|0#1|0#2|0#3|0#4|1#5|1#6|2#7|0#8|1#9|0#10|0#11|1#12|0,0|0#1|0#2|0#3|0#4|0#5|0#6|0#7|0#8|0#9|0#10|0#11|0#12|0,0|0#1|0#2|0#3|1#4|2#5|1#6|1#7|1#8|0#9|0#10|1#11|1#12|0,0|0#1|0#2|0#3|0#4|0#5|1#6|0#7|0#8|0#9|0#10|0#11|0#12|0
72|33,0,0,0,0,0,0,0,0,0,0,0,0,0,0,0,0,,,,
39|84,0,0,0,0,0,0,0,0,0,0,0,0,0,0,0,0,,,,
37|59,0,0,0,0,0,0,0,0,2,0,0,0,2,0,0,0,,,,
53|22,0,0,0,0,0,0,0,0,0,0,0,0,0,0,0,0,,,,
28|2,0,0,0,0,0,0,0,0,0,0,0,0,0,0,0,0,,,,
46|125,0,0,0,0,0,0,0,0,0,0,0,0,0,0,0,0,,,,
149|113,0,0,0,0,0,0,0,0,0,0,0,0,0,0,0,0,,,,
136|56,0,0,0,0,0,0,0,0,0,0,0,0,0,0,0,0,,,,
65|64,0,0,0,0,0,0,0,0,0,0,0,0,0,0,0,0,,,,
