63|136,0,0,0,0,0,0,0,0,0,0,0,0,0,0,0,0,,,,
78|1,0,0,0,0,0,0,0,0,0,0,0,2,0,0,0,0,,,,
101|138,0,0,0,0,0,0,0,0,0,0,0,0,0,0,0,0,,,,
10|75,0,0,0,0,0,0,0,0,0,0,0,0,0,0,0,0,,,,
8|17,0,0,0,0,0,0,0,0,0,0,0,0,0,0,0,0,,,,
77|32,4,1,3,3,0,0,0,1,7,0,1,1,2,0,0,0,,,,
58|21,0,0,0,0,0,0,0,0,0,0,0,1,1,0,0,0,,,,
127|112,4,2,1,9,5,1,0,0,1,0,0,11,2,0,0,0,,,,
129|13,0,0,0,0,0,0,0,0,0,0,0,0,0,0,0,0,,,,
49|27,0,0,0,0,0,0,0,0,0,0,0,0,0,0,0,0,,,,
11|137,0,0,0,0,0,0,0,0,0,0,0,0,0,0,0,0,,,,
38|128,0,0,0,0,0,0,0,0,0,0,0,0,0,0,0,0,,,,
128|129,0,0,0,0,0,0,0,0,0,0,0,0,0,0,0,0,,,,
100|121,0,0,0,0,0,0,0,0,0,0,0,0,0,0,0,0,,,,
37|111,0,0,0,0,0,0,0,0,0,0,0,0,0,0,0,0,,,,
89|110,0,0,0,0,0,0,0,0,0,0,0,0,0,0,0,0,,,,
2|134,0,0,0,0,0,0,0,0,0,0,0,0,0,0,0,0,,,,
68|38,0,0,0,0,0,0,1,0,1,0,0,0,1,0,0,0,,,,
76|123,0,0,0,0,0,0,0,0,0,0,0,0,0,0,0,0,,,,
148|24,0,0,0,0,0,1,0,0,1,0,0,0,0,0,0,0,,,,
96|43,0,1,0,0,0,0,0,0,0,0,0,0,0,0,0,0,0|0#1|0#2|0#3|0#4|0#5|0#6|0#7|0#8|0#9|0#10|0#11|0#12|0,0|0#1|0#2|0#3|0#4|0#5|0#6|0#7|0#8|0#9|0#10|0#11|0#12|0,0|0#1|0#2|0#3|0#4|0#5|0#6|0#7|0#8|0#9|0#10|0#11|0#12|0,
94|18,0,0,0,0,0,0,0,0,0,0,0,0,0,0,0,0,,,,
24|124,0,0,0,0,0,0,0,0,0,0,0,0,0,0,0,0,,,,
114|125,0,0,0,0,0,0,0,0,0,0,0,0,0,0,0,0,,,,
110|5,0,0,0,0,0,0,0,0,0,0,0,0,0,0,0,0,,,,
89|74,68,43,288,8,9,19,13,17,6,3,64,6,23,2,0,0,0|0#1|0#2|0#3|2#4|2#5|2#6|2#7|2#8|2#9|0#10|1#11|2#12|0,0|0#1|0#2|0#3|2#4|2#5|0#6|0#7|1#8|1#9|0#10|0#11|0#12|0,0|0#1|0#2|0#3|2#4|2#5|2#6|2#7|3#8|1#9|1#10|2#11|2#12|0,0|0#1|0#2|0#3|2#4|1#5|0#6|0#7|1#8|0#9|1#10|0#11|1#12|0
87|49,0,0,0,0,0,0,0,2,1,0,0,3,0,0,0,0,,0|0#1|0#2|0#3|0#4|0#5|0#6|0#7|0#8|0#9|0#10|0#11|0#12|0,,0|0#1|0#2|0#3|0#4|0#5|0#6|0#7|0#8|0#9|0#10|0#11|0#12|0
10|120,0,0,0,0,0,0,0,0,0,0,0,0,0,0,0,0,,,,
100|78,9,1,6,0,8,0,0,0,0,0,1,0,6,0,0,0,0|0#1|0#2|0#3|0#4|0#5|0#6|0#7|0#8|0#9|0#10|0#11|0#12|0,0|0#1|0#2|0#3|0#4|0#5|0#6|0#7|0#8|0#9|0#10|0#11|0#12|0,0|0#1|0#2|0#3|0#4|0#5|0#6|0#7|0#8|0#9|0#10|0#11|0#12|0,0|0#1|0#2|0#3|0#4|0#5|0#6|0#7|0#8|0#9|0#10|0#11|0#12|0
39|10,0,0,0,0,0,0,0,0,0,0,0,0,0,0,0,0,,,,
152|120,0,0,0,0,0,0,0,0,0,0,0,0,0,0,0,0,,,,
