89|66,166,29,180,7,14,12,26,33,12,9,106,16,10,0,0,0,0|0#1|0#2|0#3|4#4|4#5|4#6|4#7|4#8|4#9|4#10|4#11|4#12|0,0|0#1|0#2|0#3|4#4|4#5|3#6|3#7|3#8|2#9|3#10|3#11|3#12|0,0|0#1|0#2|0#3|4#4|4#5|4#6|4#7|4#8|4#9|4#10|4#11|4#12|0,0|0#1|0#2|0#3|4#4|3#5|3#6|3#7|2#8|3#9|3#10|3#11|3#12|0
77|24,0,0,0,0,0,0,0,0,0,0,0,0,0,0,0,0,0|0#1|0#2|0#3|0#4|0#5|0#6|0#7|0#8|0#9|0#10|0#11|0#12|0,,0|0#1|0#2|0#3|0#4|0#5|0#6|0#7|0#8|0#9|0#10|0#11|0#12|0,0|0#1|0#2|0#3|0#4|0#5|0#6|0#7|0#8|0#9|0#10|0#11|0#12|0
96|35,0,0,0,0,0,0,0,0,0,0,0,0,0,0,0,0,,,,
148|16,0,0,0,0,0,0,0,0,0,0,0,0,0,0,0,0,,,,
37|103,0,0,0,0,0,0,0,0,0,0,0,0,0,0,0,0,,,,
58|13,0,0,0,0,0,0,0,0,0,0,0,0,0,0,0,0,,,,
100|113,0,0,0,0,0,0,0,0,0,0,0,0,0,0,0,0,,,,
17|6,0,0,0,0,0,0,0,0,0,0,0,0,0,0,0,0,,,,
152|112,0,0,0,0,0,0,0,0,0,0,0,0,0,0,0,0,,,,
76|115,0,0,0,0,0,0,0,0,0,0,0,0,0,0,0,0,,,,
98|60,257,97,503,8,51,67,47,41,72,74,207,238,66,8,0,0,0|0#1|0#2|0#3|4#4|4#5|4#6|4#7|4#8|4#9|4#10|4#11|4#12|0,0|0#1|0#2|0#3|4#4|4#5|4#6|4#7|4#8|4#9|4#10|4#11|4#12|0,0|0#1|0#2|0#3|4#4|4#5|4#6|4#7|4#8|4#9|4#10|4#11|4#12|0,0|0#1|0#2|0#3|4#4|4#5|4#6|4#7|4#8|4#9|4#10|4#11|4#12|0
2|3,0,0,1,0,2,1,1,0,7,0,4,0,0,0,0,0,,,,
12|92,0,0,0,0,0,0,0,0,0,0,0,0,0,0,0,0,,,,
114|117,0,0,0,0,0,0,0,1,0,0,0,0,0,0,0,0,,,,
11|129,0,0,0,0,0,0,0,0,0,0,0,0,0,0,0,0,,,,
89|102,1,0,0,2,0,0,1,1,0,0,0,0,1,0,1,0,,,,
63|128,0,0,0,0,0,0,0,0,0,0,0,0,0,0,0,0,,,,
49|19,0,0,0,0,0,0,0,0,0,0,0,0,0,0,0,0,,,,
10|112,0,0,0,0,0,0,0,0,0,0,0,0,0,0,0,0,,,,
62|111,0,0,0,0,0,0,0,0,0,0,0,0,0,0,0,0,,,,
24|116,0,0,0,0,0,0,0,0,0,0,0,0,0,0,0,0,,,,
10|67,0,0,0,0,0,0,0,0,0,0,0,0,0,0,0,0,,,,
43|4,0,0,0,0,0,0,0,0,0,0,0,0,0,0,0,0,,,,
127|104,0,0,0,0,0,0,0,1,0,0,0,0,0,0,0,0,,,,
113|100,0,0,0,0,0,0,0,1,0,0,0,0,0,0,0,0,0|0#1|0#2|0#3|0#4|0#5|1#6|2#7|2#8|1#9|0#10|0#11|0#12|0,0|0#1|0#2|0#3|0#4|0#5|0#6|0#7|1#8|1#9|0#10|0#11|0#12|0,0|0#1|0#2|0#3|0#4|0#5|2#6|2#7|2#8|0#9|0#10|0#11|0#12|0,0|0#1|0#2|0#3|0#4|0#5|0#6|0#7|1#8|0#9|0#10|0#11|0#12|0
2|126,0,0,0,0,0,0,0,0,0,0,0,0,0,0,0,0,,,,
102|95,0,0,0,0,0,1,0,1,0,0,0,0,0,1,0,0,,,,
