101|89,0,1,3,0,0,1,0,0,1,0,0,1,0,0,0,0,,,,
110|83,0,0,1,1,0,2,0,1,1,0,0,9,3,0,0,0,0|0#1|0#2|0#3|0#4|0#5|0#6|0#7|0#8|0#9|0#10|0#11|0#12|0,0|0#1|0#2|0#3|0#4|0#5|0#6|0#7|0#8|0#9|0#10|0#11|0#12|0,0|0#1|0#2|0#3|0#4|0#5|0#6|0#7|0#8|0#9|0#10|0#11|0#12|0,0|0#1|0#2|0#3|0#4|0#5|0#6|0#7|0#8|0#9|0#10|0#11|0#12|0
25|0,0,0,0,0,0,0,0,0,0,0,0,0,0,0,0,0,,,,
129|134,0,0,0,0,0,0,0,0,0,0,0,0,0,0,0,0,,,,
39|133,0,0,0,0,0,0,0,0,0,0,0,0,0,0,0,0,,,,
76|18,0,0,0,0,0,1,0,0,0,0,0,0,0,0,0,0,,,,
9|28,0,0,0,0,0,0,0,0,0,0,0,0,0,0,0,0,,,,
97|54,1,4,10,0,1,2,0,0,2,0,8,0,1,0,0,0,0|0#1|0#2|0#3|4#4|4#5|4#6|4#7|4#8|4#9|4#10|4#11|4#12|0,0|0#1|0#2|0#3|2#4|4#5|4#6|3#7|3#8|3#9|3#10|2#11|3#12|0,0|0#1|0#2|0#3|4#4|4#5|4#6|4#7|4#8|4#9|4#10|4#11|4#12|0,0|0#1|0#2|0#3|3#4|4#5|4#6|3#7|3#8|3#9|2#10|2#11|3#12|0
149|35,0,0,0,0,0,0,0,0,0,0,0,0,0,0,0,0,,,,
116|147,0,0,0,0,0,0,0,0,0,0,0,0,0,0,0,0,,,,
30|97,0,0,0,0,0,0,0,0,0,0,0,0,0,0,0,0,,,,
12|142,0,0,0,0,0,0,0,0,0,0,0,0,0,0,0,0,,,,
26|146,0,0,0,0,0,0,0,0,0,0,0,0,0,0,0,0,,,,
0|109,0,0,0,0,0,0,0,0,0,0,0,0,0,0,0,0,,,,
20|80,0,0,0,0,0,0,0,0,0,0,0,0,0,0,0,0,,,,
115|130,0,0,0,0,0,0,0,0,0,0,0,0,0,0,0,0,,,,
85|12,0,0,0,0,0,0,0,0,0,0,0,0,0,0,0,0,,,,
78|145,0,0,0,0,0,0,0,0,0,0,0,0,0,0,0,0,,,,
78|43,0,0,0,0,0,0,0,0,0,0,0,0,0,0,0,0,,,,
64|141,0,0,0,0,0,0,0,0,0,0,0,0,0,0,0,0,,,,
59|32,0,0,0,0,0,0,0,0,0,0,0,0,0,0,0,0,,,,
11|86,0,0,0,0,0,0,0,0,0,0,0,0,0,0,0,0,,,,
95|29,0,0,0,0,0,0,0,0,0,0,1,0,0,0,0,0,,,,
129|7,0,0,0,0,0,0,0,0,0,0,0,0,0,0,0,0,,,,
69|49,1,0,0,0,0,0,0,1,0,0,0,0,1,0,0,0,0|0#1|0#2|0#3|0#4|0#5|0#6|0#7|0#8|0#9|0#10|0#11|0#12|0,0|0#1|0#2|0#3|0#4|0#5|0#6|0#7|0#8|0#9|0#10|0#11|0#12|0,0|0#1|0#2|0#3|0#4|0#5|0#6|0#7|0#8|0#9|0#10|0#11|0#12|0,0|0#1|0#2|0#3|0#4|0#5|0#6|0#7|0#8|0#9|0#10|0#11|0#12|0
102|143,0,0,0,0,0,0,0,0,0,0,0,0,0,0,0,0,,,,
