39|63,0,0,0,0,0,0,0,0,0,0,0,0,0,0,0,0,,,,
117|24,0,0,0,0,0,0,0,0,0,0,0,0,0,0,0,0,,,,
122|101,0,1,1,5,0,0,0,1,4,0,0,3,2,0,0,0,0|0#1|0#2|0#3|0#4|0#5|0#6|0#7|0#8|0#9|0#10|0#11|0#12|0,,,
65|43,0,0,0,0,0,0,0,0,0,0,0,0,0,0,0,0,,,,
27|21,0,0,0,0,0,0,0,0,1,0,0,1,0,0,0,0,0|0#1|0#2|0#3|0#4|0#5|0#6|0#7|0#8|0#9|0#10|0#11|0#12|0,0|0#1|0#2|0#3|0#4|0#5|0#6|0#7|0#8|0#9|0#10|0#11|0#12|0,0|0#1|0#2|0#3|0#4|0#5|0#6|0#7|0#8|0#9|0#10|0#11|0#12|0,0|0#1|0#2|0#3|0#4|0#5|0#6|0#7|0#8|0#9|0#10|0#11|0#12|0
77|85,0,0,0,0,0,0,0,0,0,0,0,0,0,0,0,0,,,,
85|116,0,0,0,0,0,0,0,0,0,0,0,0,0,0,0,0,,,,
123|118,0,0,0,0,0,0,0,0,0,0,0,0,0,0,0,0,,,,
136|105,0,0,0,0,0,0,0,0,0,0,0,0,0,0,0,0,,,,
138|60,0,0,0,0,0,1,0,0,0,0,0,0,0,0,0,0,,,,
82|2,0,0,0,0,0,0,0,0,0,0,0,0,0,0,0,0,,,,
136|35,0,0,0,0,0,0,0,0,0,0,0,0,0,0,0,0,,,,
18|27,0,0,0,0,0,0,0,0,0,0,0,0,0,0,0,0,,,,
37|38,0,0,0,0,0,0,0,0,1,0,0,0,0,0,0,0,,,,
72|12,0,0,0,0,0,0,0,0,0,0,0,0,0,0,0,0,,,,
72|129,0,0,0,0,0,0,0,0,0,0,0,0,0,0,0,0,,,,
98|103,0,0,0,0,0,1,0,0,1,0,0,0,1,0,0,0,,,,
46|32,0,0,0,0,0,0,0,0,0,0,0,0,0,0,0,0,,,,
84|54,57,14,25,5,5,3,1,4,9,5,25,13,7,0,0,0,0|0#1|0#2|0#3|2#4|2#5|0#6|2#7|1#8|0#9|1#10|1#11|1#12|0,0|0#1|0#2|0#3|2#4|1#5|0#6|0#7|0#8|0#9|0#10|0#11|0#12|0,0|0#1|0#2|0#3|2#4|1#5|1#6|2#7|1#8|1#9|1#10|1#11|1#12|0,0|0#1|0#2|0#3|2#4|0#5|0#6|0#7|0#8|0#9|0#10|0#11|1#12|0
148|77,0,0,0,0,0,0,0,0,0,0,0,0,0,0,0,0,,,,
91|23,0,0,0,0,0,0,0,0,0,0,0,0,0,0,0,0,,,,
96|96,0,0,0,0,0,0,0,0,0,0,0,0,0,0,0,0,,,,
82|29,0,0,1,0,1,0,0,0,0,0,0,2,0,1,0,0,,,0|0#1|0#2|0#3|0#4|0#5|0#6|0#7|0#8|0#9|0#10|0#11|0#12|0,
33|117,0,0,0,0,0,0,0,0,0,0,0,0,0,0,0,0,,,,
71|112,0,0,2,0,1,2,1,0,5,0,1,0,0,0,0,0,,,,
58|74,0,0,0,0,0,0,0,0,0,0,0,0,0,0,0,0,,,,
129|66,0,0,0,0,0,0,0,0,1,0,0,0,0,0,0,0,0|0#1|0#2|0#3|0#4|0#5|0#6|0#7|0#8|0#9|0#10|0#11|0#12|0,,,
56|49,0,0,0,0,0,0,0,0,0,0,0,0,0,0,0,0,,,,
46|104,0,0,0,0,0,0,0,0,0,0,0,0,0,0,0,0,,,,
63|18,0,0,0,0,0,0,0,0,0,0,0,0,0,0,0,0,,,,
5|22,0,0,0,0,0,0,0,2,0,0,0,0,0,0,0,0,,,,
32|100,0,0,0,0,0,0,0,0,0,0,0,0,0,0,0,0,,,,
56|4,0,0,0,0,0,0,0,0,0,0,0,0,0,0,0,0,,,,
