37|129,0,0,0,0,0,0,0,0,0,0,0,0,0,0,0,0,,,,
15|7,0,0,0,0,0,0,0,0,0,0,0,0,3,0,0,0,,,,
39|28,0,0,0,0,0,0,0,0,1,0,0,4,0,0,0,0,,,,0|0#1|0#2|0#3|0#4|0#5|0#6|0#7|0#8|0#9|0#10|0#11|0#12|0
139|100,0,0,0,0,0,0,0,0,0,0,0,0,0,0,0,0,,,,
0|4,0,0,0,0,0,0,0,0,0,0,0,0,0,0,0,0,,,,
41|5,0,0,0,0,0,0,0,0,0,0,0,0,0,0,0,0,,,,
100|139,0,0,0,0,0,0,0,0,0,0,0,0,0,0,0,0,,,,
29|11,0,0,0,0,0,0,0,0,1,0,0,0,0,0,0,0,,,,
113|126,0,0,0,0,0,0,0,0,0,0,0,0,0,0,0,0,,,,
36|112,0,0,0,0,0,0,0,0,0,0,0,0,0,0,0,0,,,,
86|44,0,0,0,0,0,0,0,0,0,0,0,0,0,0,0,0,,,,
23|125,0,0,0,0,0,0,0,0,0,0,0,0,0,0,0,0,,,,
88|111,0,0,0,0,0,0,0,0,0,0,0,0,0,0,0,0,,,,
1|135,0,0,0,0,0,0,0,0,0,0,0,0,0,0,0,0,,,,
61|120,0,0,0,0,0,0,0,0,0,0,0,0,0,0,0,0,,,,
79|75,14,13,36,0,7,0,2,5,0,0,9,0,4,0,0,0,0|0#1|0#2|0#3|1#4|0#5|0#6|0#7|0#8|0#9|0#10|0#11|0#12|0,0|0#1|0#2|0#3|0#4|0#5|0#6|0#7|0#8|0#9|0#10|0#11|0#12|0,0|0#1|0#2|0#3|0#4|0#5|0#6|0#7|0#8|0#9|0#10|0#11|0#12|0,0|0#1|0#2|0#3|0#4|0#5|0#6|0#7|0#8|0#9|0#10|0#11|0#12|0
84|19,0,0,0,0,0,0,0,0,0,0,0,1,0,0,0,0,,,,
89|128,0,0,0,0,0,0,0,0,0,0,0,0,0,0,0,0,,,,
93|13,0,0,0,0,0,0,0,0,0,0,0,0,0,0,0,0,,,,
58|39,0,0,0,0,0,0,0,0,0,0,0,0,0,0,0,0,,,,
152|138,0,0,0,0,0,1,1,0,3,0,0,2,1,0,0,0,,,,
100|0,0,0,0,0,0,0,0,0,0,0,0,0,0,0,0,0,,,,
48|22,0,0,0,0,0,0,0,0,0,0,0,0,0,0,0,0,,,,
138|25,0,0,0,0,0,0,0,0,0,0,0,0,0,0,0,0,,,,
7|12,0,0,0,0,0,0,0,0,0,0,0,0,0,0,0,0,,,,
126|113,1,1,1,0,0,0,1,1,0,0,0,0,0,0,0,0,,,,
10|138,0,0,0,0,0,0,0,0,0,0,0,0,0,0,0,0,,,,
67|33,4,0,1,1,0,0,0,0,0,0,0,11,1,0,0,0,,,,
98|86,0,1,0,0,0,0,0,0,1,0,0,0,0,0,0,0,,,,
119|14,0,0,0,0,0,0,0,0,0,0,0,0,0,0,0,0,,,,
75|124,0,0,0,0,0,0,0,0,0,0,0,0,0,0,0,0,,,,
62|137,0,0,0,0,0,0,0,0,0,0,0,0,0,0,0,0,,,,
151|121,0,0,0,0,0,0,0,0,0,0,0,0,0,0,0,0,,,,
