92|0,0,0,0,0,0,0,0,0,0,0,0,0,0,0,0,0,,,,
73|10,0,0,0,0,0,0,0,0,0,0,0,0,0,0,0,0,,,,
85|52,130,49,267,22,46,47,15,43,28,10,137,56,11,2,0,0,0|0#1|0#2|0#3|4#4|2#5|2#6|2#7|2#8|2#9|2#10|3#11|3#12|0,0|0#1|0#2|0#3|3#4|2#5|2#6|2#7|2#8|2#9|2#10|2#11|2#12|0,0|0#1|0#2|0#3|4#4|2#5|2#6|2#7|2#8|2#9|2#10|3#11|3#12|0,0|0#1|0#2|0#3|2#4|2#5|2#6|1#7|2#8|2#9|2#10|2#11|2#12|0
69|89,0,0,0,0,0,0,1,0,0,0,0,0,0,0,0,0,0|0#1|0#2|0#3|0#4|0#5|0#6|0#7|0#8|0#9|0#10|0#11|0#12|0,0|0#1|0#2|0#3|0#4|0#5|0#6|1#7|0#8|0#9|0#10|0#11|0#12|0,0|0#1|0#2|0#3|0#4|0#5|0#6|0#7|0#8|0#9|0#10|0#11|0#12|0,0|0#1|0#2|0#3|0#4|0#5|0#6|0#7|0#8|0#9|0#10|0#11|0#12|0
111|123,0,0,0,0,0,0,0,0,0,0,0,1,0,0,0,0,,,,
128|39,0,0,0,0,0,0,0,2,0,0,0,0,1,0,0,0,,0|0#1|0#2|0#3|0#4|0#5|0#6|0#7|0#8|0#9|0#10|0#11|0#12|0,,0|0#1|0#2|0#3|0#4|0#5|0#6|0#7|0#8|0#9|0#10|0#11|0#12|0
59|72,0,0,0,0,0,0,0,0,0,0,0,0,0,0,0,0,,,,
47|30,0,0,0,0,0,0,0,0,0,0,0,0,0,0,0,0,,,,
137|33,0,0,0,0,0,0,0,0,0,0,0,0,0,0,0,0,,,,
57|47,0,0,0,0,0,0,0,0,1,0,0,1,0,0,0,0,,,,
92|21,0,0,0,0,0,0,0,0,0,0,0,0,0,0,0,0,,,,
118|22,0,2,0,0,0,0,0,1,0,0,0,0,0,0,0,0,,,,
95|69,4,6,10,1,1,8,2,5,1,2,5,7,4,0,0,0,0|0#1|0#2|0#3|4#4|4#5|4#6|4#7|4#8|4#9|4#10|4#11|4#12|0,0|0#1|0#2|0#3|2#4|4#5|4#6|4#7|4#8|4#9|4#10|4#11|4#12|0,0|0#1|0#2|0#3|4#4|4#5|4#6|4#7|4#8|4#9|4#10|4#11|4#12|0,0|0#1|0#2|0#3|3#4|4#5|4#6|4#7|4#8|4#9|4#10|4#11|3#12|0
149|75,0,0,0,0,0,0,0,0,0,0,0,0,0,0,0,0,,,,
38|36,1,0,0,0,0,0,0,4,1,0,0,0,0,0,0,0,,0|0#1|0#2|0#3|0#4|0#5|0#6|0#7|0#8|0#9|0#10|0#11|0#12|0,,
60|134,0,0,0,0,0,0,0,0,0,0,0,0,0,0,0,0,,,,
9|68,0,0,0,0,0,0,0,0,0,0,0,0,0,0,0,0,,,,
6|20,0,0,0,0,0,0,0,0,0,0,0,0,0,0,0,0,,,,
48|113,0,0,0,0,0,0,0,0,0,0,0,0,0,0,0,0,,,,
64|16,0,0,0,0,0,0,0,0,0,0,0,0,0,0,0,0,,,,
22|139,0,0,0,0,0,0,0,0,0,0,0,0,0,0,0,0,,,,
66|41,0,0,0,0,0,0,0,0,0,0,0,0,0,0,0,0,,,,
66|2,0,0,0,0,0,0,0,0,0,0,0,0,0,0,0,0,,,,
87|125,0,0,0,0,0,0,0,0,0,0,0,0,0,0,0,0,,,,
125|127,0,0,0,0,0,0,0,0,0,0,0,0,0,0,0,0,,,,
150|135,0,0,0,0,0,0,0,0,0,0,0,0,0,0,0,0,,,,
138|114,0,0,0,0,0,0,0,0,0,0,0,0,0,0,0,0,,,,
97|94,0,0,0,0,0,0,0,0,0,0,0,3,0,0,0,0,,,,
19|25,0,0,0,0,0,0,0,0,0,0,0,0,0,0,0,0,,,,
73|121,0,0,0,0,0,0,0,0,0,0,0,0,0,0,1,0,,,,
35|126,0,0,0,0,0,0,0,0,0,0,0,0,0,0,0,0,,,,
78|83,0,0,1,0,0,0,0,1,1,0,0,0,0,0,0,0,0|0#1|0#2|0#3|0#4|0#5|0#6|0#7|0#8|0#9|0#10|0#11|0#12|0,0|0#1|0#2|0#3|0#4|0#5|0#6|0#7|0#8|0#9|0#10|0#11|0#12|0,,0|0#1|0#2|0#3|0#4|0#5|0#6|0#7|0#8|0#9|0#10|0#11|0#12|0
109|28,0,0,0,0,0,0,0,0,0,0,0,0,0,0,0,0,,,,
124|110,0,0,0,0,0,0,0,0,0,0,0,0,0,0,0,0,,,,
83|27,0,0,0,0,0,0,0,0,0,0,0,0,0,0,0,0,,,,
21|122,0,0,0,0,0,0,0,0,0,0,0,0,0,0,0,0,,,,
74|138,0,0,0,0,0,0,0,0,0,0,0,0,0,0,0,0,,,,
76|58,0,0,0,0,0,0,0,0,0,0,0,0,0,0,0,0,0|0#1|0#2|0#3|0#4|0#5|0#6|0#7|0#8|0#9|0#10|0#11|0#12|0,,0|0#1|0#2|0#3|0#4|0#5|0#6|0#7|0#8|0#9|0#10|0#11|0#12|0,
