148|15,0,0,0,0,0,0,0,0,0,0,0,0,0,0,0,0,,,,
101|129,0,0,0,0,0,1,0,0,0,0,0,0,0,0,0,0,,,,
100|69,11,13,23,9,0,0,7,6,1,0,11,2,4,0,0,0,0|0#1|0#2|0#3|4#4|4#5|4#6|4#7|4#8|4#9|4#10|3#11|3#12|0,0|0#1|0#2|0#3|4#4|3#5|3#6|2#7|2#8|2#9|2#10|2#11|2#12|0,0|0#1|0#2|0#3|4#4|4#5|4#6|4#7|4#8|4#9|4#10|3#11|3#12|0,0|0#1|0#2|0#3|3#4|3#5|2#6|2#7|2#8|2#9|2#10|2#11|2#12|0
37|102,0,0,0,0,0,0,0,0,0,0,0,0,0,0,0,0,,,,
127|103,0,0,0,0,0,0,0,1,0,0,0,0,1,0,0,0,0|0#1|0#2|0#3|0#4|0#5|0#6|0#7|0#8|0#9|0#10|0#11|0#12|0,0|0#1|0#2|0#3|0#4|0#5|0#6|0#7|0#8|0#9|0#10|0#11|0#12|0,0|0#1|0#2|0#3|0#4|0#5|0#6|0#7|0#8|0#9|0#10|0#11|0#12|0,
62|110,0,0,0,0,0,0,0,0,0,0,0,0,1,0,0,0,,,,
68|29,0,1,1,0,0,0,2,0,1,0,0,0,0,0,0,0,,,,
43|3,0,0,0,0,0,0,0,0,0,0,0,0,0,0,0,0,,,,
38|119,0,0,0,0,0,0,0,0,0,0,0,0,0,0,0,0,,,,
102|94,0,0,0,0,0,0,0,0,0,0,0,2,1,0,0,0,0|0#1|0#2|0#3|0#4|0#5|0#6|0#7|0#8|0#9|0#10|0#11|0#12|0,0|0#1|0#2|0#3|0#4|0#5|0#6|0#7|0#8|0#9|0#10|0#11|0#12|0,0|0#1|0#2|0#3|0#4|0#5|0#6|0#7|0#8|0#9|0#10|0#11|0#12|0,
77|23,0,0,0,0,0,0,0,0,0,0,0,1,1,0,0,0,0|0#1|0#2|0#3|0#4|0#5|0#6|0#7|0#8|0#9|0#10|0#11|0#12|0,0|0#1|0#2|0#3|0#4|0#5|0#6|0#7|0#8|0#9|0#10|0#11|0#12|0,0|0#1|0#2|0#3|0#4|0#5|0#6|0#7|0#8|0#9|0#10|0#11|0#12|0,0|0#1|0#2|0#3|0#4|0#5|0#6|0#7|0#8|0#9|0#10|0#11|0#12|0
76|114,0,0,0,0,0,0,0,0,0,0,0,0,0,0,0,0,,,,
89|101,2,2,2,0,0,2,0,1,0,1,1,0,0,0,0,0,,,,
12|91,0,0,0,0,0,0,0,0,0,0,0,0,0,0,0,0,,,,
96|34,0,0,0,0,0,0,0,0,0,0,0,0,0,0,0,0,,,,
2|2,0,0,0,0,0,0,0,0,0,0,0,0,0,0,0,0,,,,
17|5,0,0,0,0,0,0,0,0,0,0,0,0,0,0,0,0,,,,
11|128,0,0,0,0,0,0,0,0,0,0,0,0,0,0,0,0,,,,
2|125,0,0,0,0,0,0,0,0,0,0,0,0,0,0,0,0,,,,
10|111,0,0,0,0,0,0,0,0,0,0,0,0,0,0,0,0,,,,
10|66,0,0,0,0,0,0,0,0,0,0,0,0,0,0,0,0,,,,
58|12,0,0,0,0,0,0,0,0,0,0,0,0,0,0,0,0,,,,
63|127,0,0,0,0,0,0,0,0,0,0,0,0,0,0,0,0,,,,
100|112,0,0,0,0,0,0,0,0,0,0,0,0,0,0,0,0,,,,
152|111,0,0,0,0,0,0,0,0,0,0,0,0,0,0,0,0,,,,
89|65,8,6,3,0,15,1,12,11,3,2,2,96,10,0,0,0,0|0#1|0#2|0#3|4#4|4#5|4#6|4#7|4#8|4#9|4#10|4#11|4#12|0,0|0#1|0#2|0#3|3#4|3#5|2#6|3#7|3#8|3#9|3#10|3#11|3#12|0,0|0#1|0#2|0#3|4#4|4#5|4#6|4#7|4#8|4#9|4#10|4#11|4#12|0,0|0#1|0#2|0#3|3#4|2#5|2#6|3#7|3#8|3#9|3#10|3#11|3#12|0
114|116,0,0,0,0,0,0,0,0,0,0,0,0,0,0,0,0,,,,
49|18,0,0,0,0,0,0,0,0,0,0,0,0,0,0,0,0,,,,
24|115,0,0,0,0,0,0,0,0,0,0,0,0,0,0,0,0,,,,
