132|99,0,0,0,0,0,0,0,0,0,0,0,0,0,0,0,0,,,0|0#1|0#2|0#3|0#4|0#5|0#6|0#7|0#8|0#9|0#10|0#11|0#12|0,
103|117,0,0,0,0,0,0,0,0,0,0,0,0,0,0,0,0,,,,
103|71,1,2,17,7,0,2,2,0,0,0,1,2,2,0,0,0,0|0#1|0#2|0#3|4#4|4#5|4#6|4#7|4#8|4#9|4#10|4#11|4#12|0,0|0#1|0#2|0#3|3#4|3#5|2#6|2#7|2#8|2#9|2#10|2#11|2#12|0,0|0#1|0#2|0#3|4#4|4#5|4#6|4#7|4#8|4#9|4#10|4#11|4#12|0,0|0#1|0#2|0#3|3#4|2#5|2#6|2#7|2#8|2#9|2#10|2#11|2#12|0
102|100,0,0,0,0,0,0,0,0,1,0,0,0,0,0,0,0,0|0#1|0#2|0#3|0#4|0#5|0#6|0#7|0#8|0#9|0#10|0#11|0#12|0,,0|0#1|0#2|0#3|0#4|0#5|0#6|0#7|0#8|0#9|0#10|0#11|0#12|0,
13|116,0,0,0,0,0,0,0,0,0,0,0,0,0,0,0,0,,,,
29|7,0,0,0,0,0,0,0,0,0,0,0,0,0,0,0,0,,,,
116|104,0,1,0,0,0,0,0,0,0,0,0,2,1,0,0,0,,,,
79|119,0,0,0,0,0,0,0,0,0,0,0,0,0,0,0,0,,,,
4|113,0,0,0,0,0,0,0,0,0,0,0,0,0,0,0,0,,,,
26|103,0,0,0,0,0,0,0,0,0,0,0,0,0,0,0,0,,,,
30|54,0,0,0,0,0,0,0,0,0,0,0,0,0,0,0,0,,,,
88|17,0,0,0,0,0,0,0,0,0,0,0,0,0,0,0,0,,,,
114|0,0,0,0,0,0,0,0,0,0,0,0,0,0,0,0,0,,,,
78|102,0,0,0,0,0,0,0,0,0,0,0,0,0,0,0,0,,,,
141|93,0,0,0,0,0,0,0,0,0,0,0,0,0,0,0,0,,,,
51|90,0,0,0,0,0,0,0,0,0,0,0,0,0,0,0,0,,,,
42|96,0,0,0,0,0,0,0,0,0,0,0,0,0,0,0,0,,,,
90|123,0,0,0,0,0,0,0,0,0,0,0,0,0,0,0,0,,,,
81|3,0,0,0,0,0,0,0,0,0,0,0,0,0,0,0,0,,,,
101|46,0,0,0,0,0,0,0,0,0,0,0,0,0,0,1,0,,,,
65|115,0,0,0,0,0,0,0,0,0,0,0,0,0,0,0,0,,,,
1|86,0,0,0,0,0,0,0,0,0,0,0,0,0,0,0,0,,,,
120|57,0,0,0,0,0,0,0,0,0,0,0,0,0,0,0,0,,0|0#1|0#2|0#3|0#4|0#5|0#6|0#7|0#8|0#9|0#10|0#11|0#12|0,,0|0#1|0#2|0#3|0#4|0#5|0#6|0#7|0#8|0#9|0#10|0#11|0#12|0
23|85,0,0,0,0,0,0,0,0,0,0,0,0,0,0,0,0,,,,
11|43,0,0,0,0,0,0,0,0,0,0,0,0,0,0,0,0,,,,
51|111,0,0,0,0,0,0,0,0,0,0,0,0,0,0,0,0,,,,
142|129,0,0,0,0,0,0,0,0,0,0,0,1,1,0,0,0,,,,
141|112,0,0,0,0,0,0,0,0,0,0,0,0,0,0,0,0,,,,
55|5,0,0,0,0,0,0,0,0,0,0,0,0,0,0,0,0,,,,
97|11,3,5,19,0,5,4,1,1,4,0,6,1,1,0,0,0,,,,
110|40,0,0,0,0,0,0,0,0,0,0,0,0,0,0,0,0,,,,
52|128,0,0,0,0,0,0,0,0,0,0,0,0,0,0,0,0,,,,
113|88,2,4,1,2,0,0,0,0,0,0,2,6,3,0,0,0,0|0#1|0#2|0#3|0#4|0#5|0#6|0#7|0#8|0#9|0#10|0#11|0#12|0,,0|0#1|0#2|0#3|0#4|0#5|0#6|0#7|0#8|0#9|0#10|0#11|0#12|0,
122|82,0,0,0,0,0,0,0,0,0,0,0,0,0,0,0,0,,,,
