123|54,0,0,0,0,0,0,0,0,0,0,0,0,0,0,0,0,0|0#1|0#2|0#3|0#4|0#5|0#6|0#7|0#8|0#9|0#10|0#11|0#12|0,0|0#1|0#2|0#3|0#4|0#5|0#6|0#7|0#8|0#9|0#10|0#11|0#12|0,0|0#1|0#2|0#3|0#4|0#5|0#6|0#7|0#8|0#9|0#10|0#11|0#12|0,0|0#1|0#2|0#3|0#4|0#5|0#6|0#7|0#8|0#9|0#10|0#11|0#12|0
31|26,0,0,0,0,0,0,0,0,0,0,0,0,2,0,0,0,0|0#1|0#2|0#3|0#4|0#5|0#6|0#7|0#8|0#9|0#10|0#11|0#12|0,0|0#1|0#2|0#3|0#4|0#5|0#6|0#7|0#8|0#9|0#10|0#11|0#12|0,0|0#1|0#2|0#3|0#4|0#5|0#6|0#7|0#8|0#9|0#10|0#11|0#12|0,0|0#1|0#2|0#3|0#4|0#5|0#6|0#7|0#8|0#9|0#10|0#11|0#12|0
144|90,0,0,0,0,0,0,0,0,0,0,0,0,0,0,0,0,,,,
121|29,0,0,0,0,0,0,0,0,0,0,0,0,0,0,0,0,,,,
85|2,0,0,0,0,0,0,0,0,0,0,0,0,0,0,0,0,,,,
45|93,0,1,0,0,0,0,0,1,0,0,0,0,0,0,0,0,,,,
142|65,0,0,0,0,0,0,0,0,0,0,0,0,0,0,0,0,0|0#1|0#2|0#3|0#4|0#5|0#6|0#7|0#8|0#9|0#10|0#11|0#12|0,0|0#1|0#2|0#3|0#4|0#5|0#6|0#7|0#8|0#9|0#10|0#11|0#12|0,0|0#1|0#2|0#3|0#4|0#5|0#6|0#7|0#8|0#9|0#10|0#11|0#12|0,0|0#1|0#2|0#3|0#4|0#5|0#6|0#7|0#8|0#9|0#10|0#11|0#12|0
12|15,0,0,0,0,0,0,0,0,0,0,0,0,0,0,0,0,,,,
57|141,0,0,0,0,0,0,0,0,0,0,0,0,0,0,0,0,,,,
109|147,0,0,0,0,0,0,0,0,0,0,0,0,0,0,0,0,,,,
130|108,18,5,53,1,3,3,5,2,9,0,10,4,4,0,0,0,,,,
33|51,0,0,0,0,0,0,0,0,0,0,0,0,0,0,0,0,,,,
19|146,0,0,0,0,0,0,0,0,0,0,0,0,0,0,0,0,,,,
17|88,0,0,0,0,0,0,0,0,0,0,0,0,0,0,0,0,,,,
71|73,75,2,147,7,7,9,9,24,12,0,31,10,32,0,0,0,0|0#1|0#2|0#3|0#4|0#5|0#6|0#7|0#8|0#9|0#10|0#11|0#12|0,0|0#1|0#2|0#3|0#4|0#5|0#6|0#7|0#8|0#9|0#10|0#11|0#12|0,,0|0#1|0#2|0#3|0#4|0#5|0#6|0#7|0#8|0#9|0#10|0#11|0#12|0
50|37,0,0,0,0,0,0,0,0,0,0,0,1,0,0,0,0,,,,
36|99,0,0,0,0,0,0,0,0,0,0,0,0,0,0,0,0,,,,
52|62,0,0,0,0,0,0,0,0,0,0,0,0,0,0,0,0,0|0#1|0#2|0#3|0#4|0#5|0#6|0#7|0#8|0#9|0#10|0#11|0#12|0,,0|0#1|0#2|0#3|0#4|0#5|0#6|0#7|0#8|0#9|0#10|0#11|0#12|0,
130|23,0,0,0,0,0,0,0,0,0,0,0,0,0,0,0,0,,,,
43|68,0,0,0,0,0,0,0,0,0,0,0,0,0,0,0,0,,,,
135|96,0,0,0,0,0,0,0,0,0,0,0,0,0,0,0,0,,,,
14|40,0,0,0,0,0,0,0,0,0,0,0,0,0,0,0,0,,,,
40|20,0,0,0,0,0,0,0,0,0,0,0,0,0,0,0,0,,,,
90|84,0,0,0,0,0,0,1,0,0,0,0,0,0,0,0,0,,0|0#1|0#2|0#3|0#4|0#5|0#6|0#7|0#8|0#9|0#10|0#11|0#12|0,,0|0#1|0#2|0#3|0#4|0#5|0#6|0#7|0#8|0#9|0#10|0#11|0#12|0
26|82,0,0,0,0,0,0,0,0,0,0,0,0,0,0,0,0,,,,
4|83,0,0,0,0,0,0,0,0,0,0,0,0,0,0,0,0,,,,
102|18,0,0,0,0,0,0,0,0,0,0,0,0,0,0,0,0,,,,
24|57,0,0,0,0,0,0,0,0,0,0,0,0,0,0,0,0,,,,
59|4,0,0,0,0,0,0,0,0,0,0,0,0,0,0,0,0,,,,
40|107,0,0,0,0,0,0,0,0,0,0,0,0,0,0,0,0,,,,
2|58,0,0,0,0,0,0,0,0,0,0,0,0,0,0,0,0,,,,
92|106,0,0,0,0,0,0,1,0,1,0,0,3,0,0,0,0,,,,
111|12,0,0,0,0,0,0,0,0,0,0,0,0,0,0,0,0,,,,
116|85,1,0,0,0,0,0,0,0,1,0,0,2,0,0,0,0,,,,
108|130,0,0,0,0,0,0,0,0,0,0,0,0,0,0,0,0,,,,
62|79,0,0,0,0,0,0,0,0,0,0,0,0,0,0,0,0,,,,
147|142,0,0,0,0,0,0,0,0,0,0,0,0,0,0,0,0,,,,
104|43,0,0,0,0,0,0,1,0,1,0,0,1,3,0,0,0,,,0|0#1|0#2|0#3|0#4|0#5|0#6|0#7|0#8|0#9|0#10|0#11|0#12|0,
