9|47,0,0,0,0,0,0,0,0,0,0,0,0,0,0,0,0,,,,
66|20,0,0,0,0,0,0,0,0,0,0,0,0,0,0,0,0,,,,
22|118,0,0,0,0,0,0,0,0,0,0,0,0,0,0,0,0,,,,
125|106,6,2,17,0,0,2,1,2,0,0,3,15,0,0,1,0,,,,
87|104,0,0,0,0,0,0,0,0,0,0,0,0,0,0,0,0,,,,
0|128,0,0,0,0,0,0,0,0,0,0,0,0,0,0,0,0,,,,
74|117,0,0,0,0,0,0,0,0,0,0,0,0,0,0,0,0,,,,
112|119,0,0,0,0,0,0,0,0,0,0,0,0,0,0,0,0,,,,
68|6,0,0,0,0,0,0,0,0,0,0,0,0,0,0,0,0,,,,
147|29,1,0,0,0,0,0,0,1,0,0,0,0,2,0,0,0,0|0#1|0#2|0#3|0#4|0#5|0#6|0#7|0#8|0#9|0#10|0#11|0#12|0,0|0#1|0#2|0#3|0#4|0#5|0#6|0#7|0#8|0#9|0#10|0#11|0#12|0,,0|0#1|0#2|0#3|0#4|0#5|0#6|0#7|0#8|0#9|0#10|0#11|0#12|0
57|26,0,0,0,0,0,0,0,0,0,0,0,0,0,0,0,0,,,,
60|113,0,1,2,0,1,1,1,1,1,0,1,0,1,0,0,0,,,,
73|100,0,0,0,0,0,0,0,0,0,0,0,0,0,0,0,0,,,,
128|18,0,0,0,0,0,0,0,0,0,0,0,0,0,0,0,0,,,,
76|37,0,0,0,0,0,0,0,0,0,0,0,0,1,0,0,0,,,,
97|73,29,5,98,9,5,4,3,10,1,0,12,18,4,0,0,0,0|0#1|0#2|0#3|4#4|4#5|3#6|3#7|3#8|3#9|4#10|4#11|4#12|0,0|0#1|0#2|0#3|4#4|3#5|2#6|2#7|2#8|2#9|3#10|2#11|2#12|0,0|0#1|0#2|0#3|4#4|3#5|3#6|3#7|3#8|4#9|4#10|4#11|4#12|0,0|0#1|0#2|0#3|4#4|2#5|2#6|2#7|2#8|2#9|2#10|2#11|3#12|0
94|4,0,0,0,0,0,0,0,0,0,0,0,0,0,0,0,0,,,,
21|101,0,0,0,0,0,0,0,0,0,0,0,0,0,0,0,0,,,,
38|15,0,0,0,0,0,0,0,0,0,0,0,0,0,0,0,0,,,,
111|102,0,0,0,0,0,0,0,0,0,0,0,0,0,0,0,0,,,,
137|12,0,0,0,0,0,0,0,0,0,0,0,0,0,0,0,0,,,,
127|1,0,0,1,0,1,1,1,0,0,0,0,0,0,0,0,0,,,,
35|105,0,0,0,0,0,0,0,0,0,0,0,0,0,0,0,0,,,,
85|31,0,0,0,0,0,0,0,0,0,0,0,0,0,0,0,0,,,,
69|68,0,0,0,0,0,0,0,0,0,0,0,0,0,0,0,0,,,,
150|114,0,0,0,0,0,0,0,0,0,0,0,0,0,0,0,0,,,,
95|48,0,0,0,1,0,0,0,2,0,0,0,1,0,0,0,0,0|0#1|0#2|0#3|0#4|0#5|0#6|0#7|0#8|0#9|0#10|0#11|0#12|0,0|0#1|0#2|0#3|0#4|0#5|0#6|0#7|0#8|0#9|0#10|0#11|0#12|0,0|0#1|0#2|0#3|0#4|0#5|0#6|0#7|0#8|0#9|0#10|0#11|0#12|0,
149|54,0,0,0,0,0,0,0,0,0,0,0,0,0,0,0,0,,,,
78|62,1,0,7,0,0,0,0,1,0,0,3,0,0,0,0,0,0|0#1|0#2|0#3|0#4|0#5|0#6|0#7|0#8|0#9|0#10|0#11|0#12|0,,0|0#1|0#2|0#3|0#4|0#5|0#6|0#7|0#8|0#9|0#10|0#11|0#12|0,0|0#1|0#2|0#3|0#4|0#5|0#6|0#7|0#8|0#9|0#10|0#11|0#12|0
59|51,0,0,0,0,0,0,0,0,0,0,0,2,0,1,1,0,,,,
49|109,0,0,0,0,0,0,0,0,0,0,0,0,0,0,0,0,,,,
88|79,0,0,0,0,0,0,0,0,0,0,0,1,0,0,0,0,0|0#1|0#2|0#3|2#4|0#5|0#6|0#7|0#8|0#9|0#10|0#11|0#12|0,0|0#1|0#2|0#3|0#4|0#5|0#6|0#7|0#8|0#9|0#10|0#11|0#12|0,0|0#1|0#2|0#3|1#4|0#5|0#6|0#7|0#8|0#9|0#10|0#11|0#12|0,0|0#1|0#2|0#3|0#4|0#5|0#6|0#7|0#8|0#9|0#10|0#11|0#12|0
