115|29,0,0,0,0,0,0,0,0,0,0,0,0,0,0,0,0,,,,
84|84,2,2,1,0,0,1,1,1,1,0,0,6,2,0,0,0,0|0#1|0#2|0#3|1#4|0#5|0#6|0#7|0#8|0#9|0#10|0#11|0#12|0,0|0#1|0#2|0#3|0#4|0#5|0#6|0#7|0#8|0#9|0#10|0#11|0#12|0,0|0#1|0#2|0#3|0#4|0#5|0#6|0#7|0#8|0#9|0#10|0#11|0#12|0,0|0#1|0#2|0#3|0#4|0#5|0#6|0#7|0#8|0#9|0#10|0#11|0#12|0
91|53,119,48,169,7,6,26,5,27,4,5,111,19,30,1,0,0,0|0#1|0#2|0#3|4#4|4#5|4#6|4#7|4#8|4#9|4#10|4#11|4#12|0,0|0#1|0#2|0#3|4#4|3#5|3#6|3#7|3#8|3#9|3#10|3#11|3#12|0,0|0#1|0#2|0#3|4#4|4#5|4#6|4#7|4#8|4#9|4#10|4#11|4#12|0,0|0#1|0#2|0#3|4#4|3#5|3#6|3#7|3#8|3#9|3#10|3#11|3#12|0
117|54,0,1,3,0,0,1,0,2,0,0,0,2,1,0,0,0,,0|0#1|0#2|0#3|0#4|0#5|0#6|0#7|0#8|0#9|0#10|0#11|0#12|0,,0|0#1|0#2|0#3|0#4|0#5|0#6|0#7|0#8|0#9|0#10|0#11|0#12|0
122|131,0,0,0,0,0,0,0,0,0,0,0,0,0,0,0,0,,,,
18|57,0,0,0,0,0,0,0,0,0,0,0,0,0,0,0,0,,,,
70|17,0,0,0,0,0,0,0,0,0,0,0,0,0,0,0,0,,,,
143|34,0,0,0,1,0,0,0,0,1,0,0,6,0,0,0,0,0|0#1|0#2|0#3|0#4|0#5|0#6|0#7|0#8|0#9|0#10|0#11|0#12|0,0|0#1|0#2|0#3|0#4|0#5|0#6|0#7|0#8|0#9|0#10|0#11|0#12|0,0|0#1|0#2|0#3|0#4|0#5|0#6|0#7|0#8|0#9|0#10|0#11|0#12|0,0|0#1|0#2|0#3|0#4|0#5|0#6|0#7|0#8|0#9|0#10|0#11|0#12|0
124|23,1,1,0,0,2,3,0,0,0,0,0,0,0,0,0,0,,,,
27|51,0,0,0,0,0,0,0,0,0,0,0,0,0,0,0,0,,,,
56|79,0,0,0,0,0,0,0,0,0,0,0,0,0,0,1,0,,,,
65|73,0,0,0,0,0,0,0,0,0,0,0,0,1,0,0,0,,,,
25|26,0,0,0,0,0,0,0,0,0,0,0,0,0,0,0,0,,,,
33|147,0,0,0,0,0,0,0,0,0,0,0,0,0,0,0,0,,,,
105|12,0,0,0,0,0,0,0,0,0,0,0,0,0,0,0,0,,,,
46|62,0,0,0,0,0,0,0,0,0,0,0,0,0,0,0,0,,,,
59|121,0,0,0,0,0,0,0,0,0,0,0,0,0,0,0,0,,,,
5|52,0,0,0,0,0,0,0,0,0,0,0,0,0,0,0,0,,,,
72|42,0,0,0,0,0,0,0,0,0,0,0,0,0,0,0,0,0|0#1|0#2|0#3|0#4|0#5|0#6|0#7|0#8|0#9|0#10|0#11|0#12|0,,,0|0#1|0#2|0#3|0#4|0#5|0#6|0#7|0#8|0#9|0#10|0#11|0#12|0
63|48,2,0,17,4,2,3,2,0,2,0,2,0,0,0,1,0,,,,
36|9,0,0,0,0,0,0,0,0,0,0,0,0,0,0,0,0,,,,
71|142,0,0,0,0,0,0,0,0,0,0,0,0,0,0,0,0,,,,
136|65,0,0,0,0,0,0,0,0,0,0,0,0,0,0,0,0,0|0#1|0#2|0#3|0#4|0#5|0#6|0#7|0#8|0#9|0#10|0#11|0#12|0,,,
98|133,0,0,0,0,0,0,0,0,0,0,0,0,0,0,0,0,,,,
129|96,0,0,0,0,0,0,0,0,0,0,0,0,0,0,0,0,,,,0|0#1|0#2|0#3|0#4|0#5|0#6|0#7|0#8|0#9|0#10|0#11|0#12|0
44|37,0,0,0,0,0,1,0,2,0,0,0,0,0,0,0,0,,,,
136|135,0,0,0,0,0,0,0,0,0,0,0,0,0,0,0,0,,,,
3|27,0,0,0,0,0,0,0,0,0,0,0,0,0,0,0,0,,,,
39|93,0,0,0,0,0,0,0,0,0,0,0,0,0,0,0,0,,,,
46|134,0,0,0,0,0,0,0,0,0,0,0,0,0,0,0,0,,,,
82|59,0,0,0,0,0,0,0,0,0,0,0,3,0,0,0,0,0|0#1|0#2|0#3|0#4|0#5|0#6|0#7|0#8|0#9|0#10|0#11|0#12|0,0|0#1|0#2|0#3|0#4|0#5|0#6|0#7|0#8|0#9|0#10|0#11|0#12|0,0|0#1|0#2|0#3|0#4|0#5|0#6|0#7|0#8|0#9|0#10|0#11|0#12|0,0|0#1|0#2|0#3|0#4|0#5|0#6|0#7|0#8|0#9|0#10|0#11|0#12|0
62|7,0,0,0,0,0,0,0,0,0,0,0,0,0,0,0,0,,,,
53|31,2,0,11,0,0,2,1,1,0,0,1,1,1,0,0,0,,,,
32|130,0,0,0,0,0,0,0,0,0,0,0,0,0,0,0,0,,,,
34|20,0,0,0,0,0,0,0,0,0,0,0,0,0,0,0,0,,,,
149|122,0,0,0,0,0,0,0,0,0,0,0,0,0,0,0,0,,,,
121|2,0,0,0,0,0,0,0,0,0,0,0,0,0,0,0,0,,,,
85|146,0,0,0,0,0,0,0,0,0,0,0,0,0,0,0,0,,,,
37|68,0,0,0,0,0,0,0,0,0,0,0,0,0,0,0,0,,,,
138|90,0,0,0,0,0,0,0,0,0,0,0,0,0,0,0,0,,,,
