47|45,0,0,0,0,0,0,0,0,1,0,0,0,0,0,0,0,,,,
94|61,184,60,395,13,35,30,22,21,16,12,207,11,34,0,0,0,0|0#1|0#2|0#3|4#4|4#5|4#6|4#7|4#8|4#9|4#10|4#11|4#12|0,0|0#1|0#2|0#3|4#4|4#5|4#6|4#7|4#8|4#9|4#10|4#11|4#12|0,0|0#1|0#2|0#3|4#4|4#5|4#6|4#7|4#8|4#9|4#10|4#11|4#12|0,0|0#1|0#2|0#3|4#4|4#5|4#6|4#7|4#8|4#9|4#10|4#11|4#12|0
111|138,31,13,63,14,1,5,8,4,4,2,25,16,7,0,0,0,,,,
47|111,0,0,0,0,0,0,0,0,0,0,0,0,0,0,0,0,,,,
87|92,0,0,0,0,0,0,0,0,0,0,0,0,0,0,0,0,,,,
124|125,0,0,0,0,0,0,0,0,0,0,0,0,0,0,0,0,,,,
86|123,0,0,0,0,0,0,0,0,0,0,0,0,0,0,0,0,,,,
73|25,0,0,0,0,0,0,0,0,0,0,0,0,0,0,0,0,,,,
66|56,0,0,0,0,0,0,0,0,0,0,0,1,0,0,0,0,,,,
75|50,0,0,0,0,0,0,0,0,0,0,0,0,0,0,0,0,,,,
138|129,0,0,0,0,0,0,0,0,0,0,0,0,0,0,0,0,,,,
118|37,0,0,0,0,0,0,0,0,0,0,0,0,0,0,0,0,,,,
137|112,0,0,0,0,0,0,0,0,0,0,0,1,0,0,0,0,,,,
78|98,0,0,0,0,0,0,0,0,0,0,0,0,0,0,0,0,,,,
59|87,0,0,0,0,0,0,0,0,0,0,0,0,0,0,0,0,,,,
99|110,0,0,0,0,0,0,0,0,0,0,0,0,0,0,0,0,,,,
137|48,0,0,0,0,0,0,0,0,0,0,0,0,0,0,0,0,,,,
108|20,0,0,0,0,0,0,0,0,0,0,0,0,0,0,0,0,,,,
34|124,0,0,0,0,0,0,0,0,0,0,0,0,0,0,0,0,,,,
20|120,0,0,0,0,0,0,0,0,0,0,0,0,0,0,0,0,,,,
127|31,0,0,0,0,0,0,0,0,0,0,0,0,0,0,0,0,,,0|0#1|0#2|0#3|0#4|0#5|0#6|0#7|0#8|0#9|0#10|0#11|0#12|0,
68|81,0,0,0,0,0,0,0,1,0,0,0,0,2,0,0,0,,,,
54|14,0,0,0,0,0,0,0,0,0,0,0,0,0,0,0,0,,,,
28|34,0,0,0,0,0,0,0,0,0,0,0,0,0,0,0,0,,,,
73|136,0,0,0,0,0,0,0,0,0,0,0,0,0,0,0,0,,,,
8|60,0,0,0,0,0,0,0,0,0,0,0,0,0,0,0,0,,,,
6|35,0,0,0,0,0,0,0,0,0,0,0,0,0,0,0,0,,,,
92|36,3,0,0,0,0,0,0,1,0,0,0,1,0,0,0,0,0|0#1|0#2|0#3|0#4|0#5|0#6|0#7|0#8|0#9|0#10|0#11|0#12|0,,0|0#1|0#2|0#3|0#4|0#5|0#6|0#7|0#8|0#9|0#10|0#11|0#12|0,0|0#1|0#2|0#3|0#4|0#5|0#6|0#7|0#8|0#9|0#10|0#11|0#12|0
144|17,0,0,0,0,0,0,0,0,0,0,0,0,0,0,0,0,,,,
49|70,0,0,0,0,0,0,0,0,0,0,0,0,0,0,0,0,,,,
139|73,0,0,0,0,0,0,0,0,0,0,0,0,0,0,0,0,,,,
48|128,0,0,0,0,0,0,0,0,0,0,0,0,0,0,0,0,,,,
146|42,0,0,0,0,0,0,0,0,0,0,0,0,0,0,0,0,,,,
21|137,0,0,0,0,0,0,0,0,0,0,0,0,0,0,0,0,,,,
85|67,14,12,33,4,2,6,1,4,1,0,11,1,10,0,0,0,0|0#1|0#2|0#3|4#4|2#5|1#6|1#7|2#8|2#9|2#10|2#11|2#12|0,0|0#1|0#2|0#3|3#4|2#5|0#6|0#7|1#8|1#9|2#10|2#11|2#12|0,0|0#1|0#2|0#3|3#4|1#5|1#6|2#7|2#8|2#9|2#10|2#11|3#12|0,0|0#1|0#2|0#3|2#4|1#5|0#6|0#7|1#8|1#9|2#10|2#11|2#12|0
110|121,0,0,0,0,0,0,0,0,0,0,0,0,0,0,0,0,,,,
