42|31,0,0,0,0,0,0,0,0,0,0,0,0,0,0,0,0,,,,
104|29,0,0,0,0,0,0,0,0,1,0,0,0,1,0,0,0,,,,
71|59,0,0,0,0,0,4,0,0,0,0,0,0,0,0,0,0,,0|0#1|0#2|0#3|0#4|0#5|0#6|0#7|0#8|0#9|0#10|0#11|0#12|0,,
28|93,0,0,0,0,0,0,0,0,0,0,0,0,0,0,0,0,,,,
35|62,0,0,0,0,0,0,0,0,0,0,0,0,0,0,0,0,,,,
147|128,0,0,0,0,0,0,0,0,0,0,0,0,0,0,0,0,,,,
113|23,0,0,0,0,0,0,0,0,0,0,0,0,0,0,0,0,,,,
26|68,0,0,0,0,0,0,0,0,0,0,0,0,0,0,0,0,,,,
132|34,0,0,0,0,0,0,0,0,0,0,0,0,0,0,0,0,,,,
1|21,0,0,0,0,0,0,0,0,1,0,0,0,0,0,0,0,,,,
54|73,0,0,0,0,0,0,0,0,0,0,0,0,0,0,0,0,,,,
73|84,0,1,0,0,0,0,0,0,0,0,0,0,0,0,0,0,0|0#1|0#2|0#3|0#4|0#5|0#6|0#7|0#8|0#9|0#10|0#11|0#12|0,0|0#1|0#2|0#3|0#4|0#5|0#6|0#7|0#8|0#9|0#10|0#11|0#12|0,0|0#1|0#2|0#3|0#4|0#5|0#6|0#7|0#8|0#9|0#10|0#11|0#12|0,0|0#1|0#2|0#3|0#4|0#5|0#6|1#7|0#8|0#9|0#10|0#11|0#12|0
42|1,0,0,0,0,0,0,0,0,0,0,0,0,0,0,0,0,,,,
146|111,0,0,0,0,0,0,0,0,0,0,0,0,0,0,0,0,,,,
82|135,0,0,0,0,0,0,0,0,0,0,0,0,0,0,0,0,,,,
144|76,0,0,0,0,0,0,0,0,0,0,0,0,0,0,0,0,,,,
18|115,0,0,0,0,0,0,0,0,0,0,0,0,0,0,0,0,,,,
95|122,0,0,0,0,0,0,0,0,0,0,0,0,0,0,0,0,,,,
9|112,0,0,0,0,0,0,0,0,0,0,0,0,0,0,0,0,,,,
125|65,0,0,0,0,0,0,0,0,0,0,0,1,0,0,0,0,,,0|0#1|0#2|0#3|0#4|0#5|0#6|0#7|0#8|0#9|0#10|0#11|0#12|0,
61|42,0,0,1,0,0,0,1,0,2,0,0,0,0,0,0,0,,,,
45|79,0,0,0,0,0,0,0,5,0,0,0,0,1,0,0,0,0|0#1|0#2|0#3|0#4|0#5|0#6|0#7|0#8|0#9|0#10|0#11|0#12|0,0|0#1|0#2|0#3|0#4|0#5|0#6|0#7|0#8|0#9|0#10|0#11|0#12|0,0|0#1|0#2|0#3|0#4|0#5|0#6|0#7|0#8|0#9|0#10|0#11|0#12|0,0|0#1|0#2|0#3|0#4|0#5|0#6|0#7|0#8|0#9|0#10|0#11|0#12|0
57|127,0,0,0,0,0,0,0,0,0,0,0,0,0,0,0,0,,,,
33|37,0,0,0,0,0,0,0,0,0,0,0,0,0,0,0,0,,,,
108|116,66,17,70,40,4,6,10,10,9,1,15,11,6,0,0,0,,,,
6|94,0,0,0,0,0,0,0,0,0,0,0,0,0,0,0,0,,,,
80|53,0,0,0,0,0,0,0,0,0,0,0,0,0,0,0,0,0|0#1|0#2|0#3|0#4|0#5|0#6|0#7|0#8|0#9|0#10|0#11|0#12|0,0|0#1|0#2|0#3|0#4|0#5|0#6|0#7|0#8|0#9|0#10|0#11|0#12|0,0|0#1|0#2|0#3|0#4|0#5|0#6|0#7|0#8|0#9|0#10|0#11|0#12|0,0|0#1|0#2|0#3|0#4|0#5|0#6|0#7|0#8|0#9|0#10|0#11|0#12|0
146|8,0,0,0,0,0,0,0,0,0,0,0,0,0,0,0,0,,,,
106|54,6,0,2,2,0,0,0,24,1,0,1,1,4,0,0,0,0|0#1|0#2|0#3|3#4|3#5|3#6|3#7|3#8|3#9|3#10|3#11|3#12|0,0|0#1|0#2|0#3|1#4|2#5|2#6|3#7|2#8|2#9|2#10|2#11|2#12|0,0|0#1|0#2|0#3|3#4|3#5|3#6|3#7|3#8|3#9|3#10|3#11|3#12|0,0|0#1|0#2|0#3|2#4|2#5|3#6|2#7|2#8|2#9|2#10|2#11|2#12|0
14|26,0,0,0,0,0,0,0,0,0,0,0,0,0,0,0,0,,,,
96|139,0,0,0,0,0,0,0,1,0,0,0,0,1,0,0,0,,,,
127|90,0,0,0,0,0,0,0,0,0,0,0,0,0,0,0,0,,,,
52|48,4,1,6,1,0,3,0,2,6,0,1,0,1,0,0,0,0|0#1|0#2|0#3|0#4|0#5|0#6|0#7|0#8|0#9|0#10|0#11|0#12|0,,0|0#1|0#2|0#3|0#4|0#5|0#6|0#7|0#8|0#9|0#10|0#11|0#12|0,
92|95,0,0,2,0,1,1,1,0,0,0,1,0,0,0,0,0,,,,
43|123,0,0,0,0,0,0,0,0,0,0,0,0,0,0,0,0,,,,
120|137,0,0,0,0,0,0,0,0,0,0,0,0,0,0,0,0,,,,
56|110,0,0,0,0,0,0,0,0,0,0,0,0,0,0,0,0,,,,
16|51,0,0,0,0,0,0,0,0,0,0,0,0,0,0,0,0,,,,
118|96,3,3,2,5,0,0,0,1,0,0,1,17,1,0,0,0,0|0#1|0#2|0#3|0#4|0#5|0#6|0#7|0#8|0#9|0#10|0#11|0#12|0,0|0#1|0#2|0#3|0#4|0#5|0#6|0#7|0#8|0#9|0#10|0#11|0#12|0,0|0#1|0#2|0#3|0#4|0#5|0#6|0#7|0#8|0#9|0#10|0#11|0#12|0,0|0#1|0#2|0#3|0#4|0#5|0#6|0#7|0#8|0#9|0#10|0#11|0#12|0
23|20,0,0,0,0,0,0,0,0,0,0,0,0,0,0,0,0,,,,
151|45,0,0,0,0,0,0,0,0,0,0,0,0,0,0,0,0,,,,
30|136,0,0,0,0,0,0,0,0,0,0,0,0,0,0,0,0,,,,
133|124,0,0,0,0,0,0,0,0,0,0,0,0,0,0,0,0,,,,
1|0,0,0,0,0,0,0,0,0,0,0,0,0,0,0,0,0,,,,
19|99,0,0,0,0,0,0,0,0,0,0,0,0,0,0,0,0,,,,
4|69,0,0,0,0,0,0,0,0,0,0,0,0,0,0,0,0,,,,
16|3,0,0,0,0,0,0,0,0,0,0,0,0,0,0,0,0,,,,
