62|130,0,0,0,0,0,0,0,0,0,0,0,0,0,0,0,0,,,,
152|131,0,0,0,0,0,0,0,0,0,0,0,0,1,0,0,0,,,,
24|135,0,0,0,0,0,0,0,0,0,0,0,0,0,0,0,0,,,,
10|86,0,0,0,0,0,0,0,0,0,0,0,0,0,0,0,0,,,,
75|18,0,0,0,0,0,0,1,0,0,0,0,0,0,0,0,0,,,,
89|85,0,0,4,0,1,3,1,1,1,0,0,3,0,0,0,0,0|0#1|0#2|0#3|0#4|0#5|0#6|0#7|0#8|0#9|0#10|0#11|0#12|0,,0|0#1|0#2|0#3|0#4|0#5|0#6|0#7|0#8|0#9|0#10|0#11|0#12|0,
100|132,0,0,0,0,0,0,0,0,0,0,0,0,0,0,0,0,,,,
10|131,0,0,0,0,0,0,0,0,0,0,0,0,0,0,0,0,,,,
37|122,0,0,0,0,0,0,0,0,0,0,0,0,0,0,0,0,,,,
145|5,0,0,0,0,0,0,0,0,0,0,0,0,0,0,0,0,,,,
129|24,0,0,0,0,0,0,0,0,0,0,0,0,0,0,0,0,,,,
39|21,0,0,0,0,0,0,0,0,0,0,0,0,0,0,0,0,,,,
76|134,0,0,0,0,0,0,0,0,0,0,0,0,0,0,0,0,,,,
84|12,0,0,0,0,0,0,0,0,0,0,0,0,0,0,0,0,,,,
119|7,0,0,0,0,0,0,0,0,0,0,0,0,0,0,0,0,,,,
114|136,0,1,1,0,0,0,0,0,0,0,0,0,2,0,0,0,,,,
49|38,0,0,0,0,0,0,1,0,1,0,0,1,0,0,0,0,,,,
15|0,0,0,0,0,0,0,0,0,0,0,0,0,0,0,0,0,,,,
63|147,0,0,0,0,0,0,0,0,0,0,0,0,0,0,0,0,,,,
68|49,0,0,0,1,0,0,0,0,0,0,0,2,0,0,0,0,,,,
2|145,0,0,0,0,0,0,0,4,0,0,0,0,0,0,0,0,,,,
38|139,0,0,0,0,0,0,0,0,0,0,0,0,0,0,0,0,,,,
148|35,0,0,0,0,0,0,0,0,0,0,0,0,0,0,0,0,,,,
100|89,0,0,0,0,0,0,0,0,0,0,0,1,0,0,0,0,,,,
58|32,0,0,0,0,0,0,0,0,0,0,0,0,0,0,0,0,,,,
127|123,0,0,0,0,0,0,0,0,0,0,0,0,0,0,0,0,,,,
8|28,0,0,0,0,0,0,0,0,0,0,0,0,0,0,0,0,,,,
89|121,0,0,0,0,0,0,0,0,0,0,0,0,0,0,0,0,,,,
77|43,0,0,0,0,0,0,0,1,0,0,0,0,0,0,0,0,,,,
96|54,21,22,93,5,4,6,3,15,3,2,23,1,5,0,0,0,0|0#1|0#2|0#3|4#4|4#5|4#6|4#7|4#8|4#9|4#10|4#11|4#12|0,0|0#1|0#2|0#3|4#4|3#5|4#6|3#7|4#8|3#9|3#10|3#11|3#12|0,0|0#1|0#2|0#3|4#4|4#5|4#6|4#7|4#8|4#9|4#10|4#11|4#12|0,0|0#1|0#2|0#3|4#4|4#5|4#6|3#7|3#8|3#9|3#10|3#11|3#12|0
94|29,0,0,0,0,0,0,0,0,0,0,0,0,0,0,0,0,,,,
