127|86,0,0,0,0,0,0,0,0,0,0,0,0,0,0,0,0,,,,
56|94,0,0,0,0,0,0,0,1,0,0,0,0,0,0,2,0,0|0#1|0#2|0#3|0#4|0#5|0#6|0#7|0#8|0#9|0#10|0#11|0#12|0,0|0#1|0#2|0#3|0#4|0#5|0#6|0#7|0#8|0#9|0#10|0#11|0#12|0,0|0#1|0#2|0#3|0#4|0#5|0#6|0#7|0#8|0#9|0#10|0#11|0#12|0,0|0#1|0#2|0#3|0#4|0#5|0#6|0#7|0#8|0#9|0#10|0#11|0#12|0
18|72,0,0,0,0,0,0,0,0,0,0,0,0,0,0,0,0,,,,
70|32,0,0,1,0,0,1,0,1,0,0,0,1,1,0,0,0,,,,
42|102,0,0,0,0,0,0,0,0,0,0,0,0,0,0,0,0,,,,
54|69,0,0,0,0,0,0,0,0,0,0,0,0,0,0,0,0,,,,
32|10,0,0,0,0,0,0,0,0,0,0,0,0,0,0,0,0,,,,
132|103,0,0,0,0,0,0,0,0,0,0,0,0,0,0,0,0,,,,
136|80,0,0,0,0,0,0,0,1,0,0,0,0,0,0,0,0,,0|0#1|0#2|0#3|0#4|0#5|0#6|0#7|0#8|0#9|0#10|0#11|0#12|0,,0|0#1|0#2|0#3|0#4|0#5|0#6|0#7|0#8|0#9|0#10|0#11|0#12|0
81|114,0,0,0,0,0,0,0,0,0,0,0,0,0,0,0,0,,,,
28|89,0,0,0,0,0,0,0,0,0,0,0,0,0,0,0,0,,,,
51|21,0,0,0,0,0,0,0,0,0,0,0,0,0,0,0,0,,,,
82|74,0,0,0,0,0,0,0,0,0,0,0,0,0,0,0,0,0|0#1|0#2|0#3|0#4|1#5|1#6|1#7|1#8|0#9|0#10|0#11|0#12|0,0|0#1|0#2|0#3|0#4|0#5|0#6|0#7|0#8|0#9|0#10|0#11|0#12|0,0|0#1|0#2|0#3|0#4|1#5|1#6|1#7|0#8|0#9|0#10|0#11|0#12|0,0|0#1|0#2|0#3|0#4|0#5|0#6|0#7|0#8|0#9|0#10|0#11|0#12|0
25|41,0,0,0,0,0,0,0,0,0,0,0,0,0,0,0,0,,,,
146|97,0,0,0,0,0,0,0,0,0,0,0,0,0,0,0,0,,,,
108|75,0,0,0,0,0,0,0,0,0,0,0,0,0,0,0,0,0|0#1|0#2|0#3|0#4|0#5|0#6|0#7|0#8|0#9|0#10|0#11|0#12|0,0|0#1|0#2|0#3|0#4|0#5|0#6|0#7|0#8|0#9|0#10|0#11|0#12|0,0|0#1|0#2|0#3|0#4|0#5|0#6|0#7|0#8|0#9|0#10|0#11|0#12|0,0|0#1|0#2|0#3|0#4|0#5|0#6|0#7|0#8|0#9|0#10|0#11|0#12|0
94|101,0,0,0,0,0,0,0,0,0,0,0,0,0,0,0,0,,0|0#1|0#2|0#3|0#4|0#5|0#6|0#7|0#8|0#9|0#10|0#11|0#12|0,0|0#1|0#2|0#3|0#4|0#5|0#6|0#7|0#8|0#9|0#10|0#11|0#12|0,0|0#1|0#2|0#3|0#4|0#5|0#6|0#7|0#8|0#9|0#10|0#11|0#12|0
43|119,0,0,0,0,0,0,0,0,0,0,0,0,0,0,0,0,,,,
134|55,0,0,0,0,0,0,0,0,0,0,0,0,0,0,0,0,,,,
95|118,1,0,0,0,0,0,0,0,0,0,0,3,0,0,0,0,,,,
16|47,0,0,0,0,0,0,0,0,0,0,0,0,0,0,0,0,,,,
23|16,0,0,0,0,0,0,0,0,0,0,0,0,0,0,0,0,,,,
3|42,0,0,0,0,0,0,0,0,0,0,0,0,0,0,0,0,,,,
80|49,0,0,0,0,0,0,0,1,0,0,0,0,0,0,0,0,,,,
113|19,0,0,0,0,0,0,0,0,0,0,0,0,0,0,0,0,,,,
1|17,0,0,0,0,0,0,0,0,0,0,0,0,0,0,0,0,,,,
61|38,0,0,0,0,0,0,0,0,0,0,0,0,0,0,0,0,,,,
44|52,0,1,0,0,0,0,0,0,1,0,0,0,0,0,0,0,0|0#1|0#2|0#3|0#4|0#5|0#6|0#7|0#8|0#9|0#10|0#11|0#12|0,0|0#1|0#2|0#3|0#4|0#5|0#6|0#7|0#8|0#9|0#10|0#11|0#12|0,0|0#1|0#2|0#3|0#4|0#5|0#6|0#7|0#8|0#9|0#10|0#11|0#12|0,0|0#1|0#2|0#3|0#4|0#5|0#6|0#7|0#8|0#9|0#10|0#11|0#12|0
9|108,0,0,0,0,0,0,0,0,0,0,0,0,0,0,0,0,,,,
146|107,0,0,0,0,0,0,1,0,0,0,0,0,0,0,0,0,,,,
63|63,0,0,0,0,0,0,0,1,0,0,0,2,0,0,0,0,,0|0#1|0#2|0#3|0#4|0#5|0#6|0#7|0#8|0#9|0#10|0#11|0#12|0,,0|0#1|0#2|0#3|0#4|0#5|0#6|0#7|0#8|0#9|0#10|0#11|0#12|0
35|58,0,0,0,0,0,0,0,0,0,0,0,0,0,0,0,0,,,,
42|27,0,0,0,0,0,0,0,0,0,0,0,0,0,0,0,0,,,,
115|44,0,0,0,0,0,0,0,0,1,0,0,0,0,0,0,0,,,,0|0#1|0#2|0#3|0#4|0#5|0#6|0#7|0#8|0#9|0#10|0#11|0#12|0
122|13,0,0,0,0,0,0,0,0,0,0,0,0,0,0,0,0,,,,
141|24,0,0,0,0,0,0,0,0,0,0,0,0,0,0,0,0,,,,
37|83,0,0,0,0,0,0,0,0,0,0,0,0,0,0,0,0,,,,
56|106,0,0,0,0,0,0,0,0,0,0,0,0,0,0,0,0,,,,
138|6,0,0,0,0,0,0,0,0,0,0,0,0,0,0,0,0,,,,
