6|128,0,0,0,0,0,0,0,0,0,0,0,0,0,0,0,0,,,,
111|44,0,0,0,0,0,0,0,0,0,0,0,0,0,0,0,0,0|0#1|0#2|0#3|0#4|0#5|0#6|0#7|0#8|0#9|0#10|0#11|0#12|0,,0|0#1|0#2|0#3|0#4|0#5|0#6|0#7|0#8|0#9|0#10|0#11|0#12|0,
27|101,0,0,0,0,0,0,0,0,0,0,0,0,0,0,0,0,,,,
150|2,0,1,0,1,0,0,0,0,0,0,0,3,0,0,0,0,,,,
104|115,0,0,0,0,0,0,0,0,0,0,0,0,0,0,0,0,,,,
28|118,0,0,0,0,0,0,0,0,0,0,0,0,0,0,0,0,,,,
118|119,0,0,0,0,0,0,0,0,0,0,0,0,0,0,0,0,,,,
12|47,0,0,0,0,0,0,0,0,0,0,0,0,0,0,0,0,,,,
117|102,0,0,0,0,0,0,0,1,0,0,0,4,0,0,0,0,,,,
151|91,0,0,0,0,0,0,0,0,0,0,0,0,0,0,0,0,,,,
40|139,0,0,0,0,0,0,0,0,0,0,0,0,0,0,0,0,,,,
130|55,0,0,0,0,0,0,0,0,0,0,0,0,0,0,0,0,,,,
52|94,0,0,0,0,0,0,0,0,0,0,0,0,0,0,0,0,,,,
14|114,0,0,0,0,0,0,0,0,0,0,0,0,0,0,0,0,,,,
50|69,0,0,0,0,0,0,0,0,0,0,0,0,0,0,0,0,,,,
33|83,0,0,0,0,0,0,0,0,0,0,0,0,0,0,0,0,,,,
31|58,0,0,0,0,0,0,0,0,0,0,0,0,1,0,0,0,0|0#1|0#2|0#3|0#4|0#5|0#6|0#7|0#8|0#9|0#10|0#11|0#12|0,,0|0#1|0#2|0#3|0#4|0#5|0#6|0#7|0#8|0#9|0#10|0#11|0#12|0,0|0#1|0#2|0#3|0#4|0#5|0#6|0#7|0#8|0#9|0#10|0#11|0#12|0
40|52,0,0,0,0,0,0,0,1,0,0,0,0,0,0,0,0,,,0|0#1|0#2|0#3|0#4|0#5|0#6|0#7|0#8|0#9|0#10|0#11|0#12|0,
132|80,0,0,0,0,0,0,0,0,0,0,0,0,0,0,0,0,0|0#1|0#2|0#3|0#4|0#5|0#6|0#7|0#8|0#9|0#10|0#11|0#12|0,0|0#1|0#2|0#3|0#4|0#5|0#6|0#7|0#8|0#9|0#10|0#11|0#12|0,0|0#1|0#2|0#3|0#4|0#5|0#6|0#7|0#8|0#9|0#10|0#11|0#12|0,0|0#1|0#2|0#3|0#4|0#5|0#6|0#7|0#8|0#9|0#10|0#11|0#12|0
53|126,0,0,0,0,0,0,0,0,0,0,0,0,0,0,0,0,,,,
91|7,0,0,0,0,0,0,0,0,0,0,0,0,0,0,0,0,,,,
91|121,0,0,0,0,0,0,0,0,0,0,0,0,0,0,0,0,,,,
65|9,0,0,0,0,0,0,0,0,0,0,0,0,0,0,0,0,,,,
79|100,0,0,0,0,0,0,0,0,0,0,0,0,0,0,0,0,,,,
98|15,0,0,0,0,0,0,0,0,0,0,0,14,0,0,0,0,,,,
142|110,0,0,0,0,0,0,0,0,0,0,0,0,0,0,0,0,,,,
24|89,0,0,0,0,0,0,0,0,0,0,0,0,0,0,0,0,,,,
124|4,0,0,0,0,0,0,0,0,0,0,0,0,0,0,0,0,,,,
92|138,0,0,0,0,0,0,0,0,0,0,0,0,0,0,0,0,,,,
66|113,0,0,0,0,0,0,0,0,0,0,0,0,0,0,0,0,,,,
104|75,52,19,71,11,5,8,6,8,1,3,29,10,6,0,0,0,0|0#1|0#2|0#3|3#4|2#5|2#6|2#7|2#8|2#9|2#10|2#11|2#12|0,0|0#1|0#2|0#3|2#4|2#5|2#6|2#7|2#8|2#9|2#10|2#11|2#12|0,0|0#1|0#2|0#3|3#4|2#5|2#6|2#7|2#8|2#9|2#10|2#11|3#12|0,0|0#1|0#2|0#3|2#4|2#5|2#6|2#7|2#8|2#9|2#10|2#11|2#12|0
123|86,0,0,0,0,0,0,0,0,0,0,0,0,0,0,0,0,,0|0#1|0#2|0#3|0#4|0#5|0#6|0#7|0#8|0#9|0#10|0#11|0#12|0,,0|0#1|0#2|0#3|0#4|0#5|0#6|0#7|0#8|0#9|0#10|0#11|0#12|0
143|127,0,0,0,0,0,0,0,0,0,0,0,0,0,0,0,0,,,,
5|111,0,0,0,0,0,0,0,0,0,0,0,0,0,0,0,0,,,,
21|41,0,0,0,0,0,0,0,0,0,0,0,0,0,0,0,0,,,,
142|97,0,0,0,0,0,0,0,0,0,0,0,0,0,0,0,0,,,,
14|72,0,0,0,0,0,0,0,0,0,0,0,0,0,0,0,0,,,,
