141|128,0,0,0,0,0,0,0,0,0,0,0,0,0,0,0,0,,,,
11|59,0,0,0,0,0,0,0,0,0,0,0,0,0,0,0,0,,,,
102|116,0,0,0,0,0,0,0,0,0,0,0,1,0,0,0,0,,,,
32|95,0,0,0,0,0,0,0,0,0,0,0,0,0,0,0,0,,,,
103|87,0,0,0,0,0,0,0,3,0,0,0,0,0,0,0,0,0|0#1|0#2|0#3|0#4|0#5|0#6|0#7|0#8|0#9|0#10|0#11|0#12|0,0|0#1|0#2|0#3|0#4|0#5|0#6|0#7|0#8|0#9|0#10|0#11|0#12|0,0|0#1|0#2|0#3|0#4|0#5|0#6|0#7|0#8|0#9|0#10|0#11|0#12|0,0|0#1|0#2|0#3|0#4|0#5|0#6|0#7|0#8|0#9|0#10|0#11|0#12|0
4|129,0,0,0,0,0,0,0,0,0,0,0,0,0,0,0,0,,,,
115|103,0,0,0,0,0,0,0,0,0,0,0,3,0,0,0,0,0|0#1|0#2|0#3|0#4|0#5|0#6|0#7|0#8|0#9|0#10|0#11|0#12|0,0|0#1|0#2|0#3|0#4|0#5|0#6|0#7|0#8|0#9|0#10|0#11|0#12|0,0|0#1|0#2|0#3|0#4|0#5|0#6|0#7|0#8|0#9|0#10|0#11|0#12|0,0|0#1|0#2|0#3|0#4|0#5|0#6|0#7|0#8|0#9|0#10|0#11|0#12|0
110|56,0,0,0,0,0,0,1,0,2,0,0,0,0,0,0,0,0|0#1|0#2|0#3|2#4|2#5|0#6|0#7|0#8|0#9|0#10|0#11|0#12|0,0|0#1|0#2|0#3|1#4|1#5|0#6|0#7|0#8|0#9|0#10|0#11|0#12|0,0|0#1|0#2|0#3|2#4|0#5|0#6|0#7|0#8|0#9|0#10|0#11|0#12|0,0|0#1|0#2|0#3|1#4|0#5|0#6|0#7|0#8|0#9|0#10|0#11|0#12|0
78|16,0,0,0,0,0,0,0,0,0,0,0,0,0,0,0,0,,,,
78|118,0,0,0,0,0,0,0,0,0,0,0,0,0,0,0,0,,,,
97|27,0,0,0,0,0,0,0,0,0,0,0,0,0,0,0,0,0|0#1|0#2|0#3|0#4|0#5|0#6|0#7|0#8|0#9|0#10|0#11|0#12|0,,0|0#1|0#2|0#3|0#4|0#5|0#6|0#7|0#8|0#9|0#10|0#11|0#12|0,
26|119,0,0,0,0,0,0,0,0,0,0,0,0,0,0,0,0,,,,
50|110,0,0,0,0,0,0,0,0,0,0,0,0,0,0,0,0,,,,
39|106,0,0,0,0,0,0,0,0,0,0,0,0,0,0,0,0,,,,
99|52,32,1,19,0,3,1,0,3,0,4,0,4,11,0,0,0,0|0#1|0#2|0#3|3#4|4#5|4#6|4#7|4#8|4#9|4#10|4#11|4#12|0,0|0#1|0#2|0#3|2#4|3#5|4#6|4#7|4#8|4#9|3#10|3#11|4#12|0,0|0#1|0#2|0#3|4#4|4#5|4#6|4#7|4#8|4#9|4#10|4#11|4#12|0,0|0#1|0#2|0#3|3#4|4#5|4#6|4#7|4#8|4#9|4#10|4#11|4#12|0
140|111,0,0,0,0,0,0,0,0,0,0,0,0,0,0,0,0,,,,
64|114,0,0,0,0,0,0,0,0,0,0,0,0,0,0,0,0,,,,
131|92,0,0,0,0,0,0,0,0,0,0,0,1,0,0,0,0,,,,
13|84,0,0,0,0,0,0,0,0,0,0,0,0,0,0,0,0,,,,
112|81,0,1,1,0,1,1,0,1,0,0,0,2,2,0,0,0,0|0#1|0#2|0#3|0#4|0#5|0#6|0#7|0#8|0#9|0#10|0#11|0#12|0,0|0#1|0#2|0#3|0#4|0#5|0#6|0#7|0#8|0#9|0#10|0#11|0#12|0,0|0#1|0#2|0#3|0#4|1#5|0#6|0#7|0#8|0#9|0#10|0#11|0#12|0,0|0#1|0#2|0#3|0#4|0#5|0#6|0#7|0#8|0#9|0#10|0#11|0#12|0
87|10,0,0,0,0,0,0,0,0,0,0,0,0,0,0,0,0,,,,
122|98,0,0,0,0,0,0,0,0,0,0,0,6,0,0,0,0,,,,
3|112,0,0,0,0,0,0,0,0,0,0,0,0,0,0,0,0,,,,
19|0,0,0,0,0,0,0,0,0,0,0,0,0,0,0,0,0,,,,
20|53,0,0,0,0,0,0,0,0,0,0,0,0,0,0,0,0,,,,
129|107,0,1,0,5,0,0,0,0,0,0,0,1,1,0,0,0,,,,
51|127,0,0,0,0,0,0,0,0,0,0,0,0,0,0,0,0,,,,
25|102,0,0,0,0,0,0,0,0,0,0,0,0,0,0,0,0,,,,
77|101,0,0,0,0,0,0,0,0,0,0,0,0,0,0,0,0,,,,
12|115,0,0,0,0,0,0,0,0,0,0,0,0,0,0,0,0,,,,
149|5,0,0,0,0,0,0,0,0,0,0,0,0,0,0,0,0,,,,
90|139,0,0,0,0,0,0,0,1,1,0,0,0,0,0,0,0,,,,
