15|87,0,0,0,0,0,0,0,0,0,0,0,0,0,0,0,0,,,,
100|17,0,0,0,0,0,0,0,0,0,0,0,3,1,0,0,0,,,,
22|56,0,0,0,0,0,0,0,0,0,0,0,0,0,0,0,0,,,,
50|61,0,0,0,0,0,0,1,1,1,0,0,0,0,0,0,0,,,,
43|92,0,1,0,0,0,0,0,4,0,0,0,0,0,0,0,0,,0|0#1|0#2|0#3|0#4|0#5|0#6|0#7|0#8|0#9|0#10|0#11|0#12|0,,0|0#1|0#2|0#3|0#4|0#5|0#6|0#7|0#8|0#9|0#10|0#11|0#12|0
92|130,0,0,0,0,0,0,0,0,0,0,0,0,0,0,0,0,,,,
7|137,0,0,0,0,0,0,0,0,0,0,0,0,0,0,0,0,,,,
10|14,0,0,0,0,0,0,0,0,0,0,0,0,0,0,0,0,,,,
28|110,0,0,0,0,0,0,0,0,0,0,0,0,0,0,0,0,,,,
39|3,0,0,0,0,0,0,0,0,0,0,0,0,0,0,0,0,,,,
67|122,0,0,0,0,0,0,0,0,0,0,0,0,0,0,0,0,,,,
144|136,3,0,0,0,0,0,0,0,0,0,0,4,0,0,0,0,,,,
2|82,0,0,0,0,0,0,0,0,0,0,0,0,0,0,0,0,,,,
60|78,0,0,0,0,0,0,0,0,0,0,0,0,0,0,0,0,,,,0|0#1|0#2|0#3|0#4|0#5|0#6|0#7|0#8|0#9|0#10|0#11|0#12|0
119|128,6,0,2,0,3,3,1,1,7,0,3,6,2,0,0,0,,,,
34|98,0,0,0,0,0,0,0,0,0,0,0,0,0,0,0,0,,,,
140|64,0,0,0,0,0,0,0,0,0,0,0,0,0,0,0,0,,,,
133|95,0,0,0,0,0,0,0,0,0,0,0,0,0,0,0,0,,,,
15|123,0,0,0,0,0,0,0,0,0,0,0,0,0,0,0,0,,,,
24|81,0,0,0,0,0,0,0,0,0,0,0,0,0,0,0,0,,,,
29|127,0,0,0,0,0,0,0,0,0,0,0,0,0,0,0,0,,,,
121|53,0,1,0,0,0,0,0,15,0,0,1,0,1,1,0,0,0|0#1|0#2|0#3|0#4|0#5|0#6|0#7|0#8|0#9|0#10|0#11|0#12|0,,0|0#1|0#2|0#3|0#4|0#5|0#6|0#7|0#8|0#9|0#10|0#11|0#12|0,
6|120,0,0,0,0,0,0,0,0,0,0,0,0,0,0,0,0,,,,
102|42,0,3,0,0,0,0,0,0,0,0,0,0,0,0,0,0,0|0#1|0#2|0#3|0#4|0#5|1#6|0#7|1#8|0#9|1#10|0#11|0#12|0,0|0#1|0#2|0#3|0#4|0#5|0#6|0#7|0#8|0#9|0#10|0#11|0#12|0,0|0#1|0#2|0#3|0#4|1#5|1#6|0#7|1#8|1#9|1#10|0#11|1#12|0,0|0#1|0#2|0#3|0#4|0#5|0#6|0#7|0#8|0#9|0#10|0#11|0#12|0
93|147,0,0,0,0,0,0,0,0,0,0,0,0,0,0,0,0,,,,
68|139,0,0,0,0,0,0,0,0,0,0,0,0,0,0,0,0,,,,
31|50,0,0,0,0,0,0,0,0,0,0,0,0,0,0,0,0,,,,
40|131,0,0,0,0,0,0,0,0,0,0,0,0,0,0,0,0,,,,
112|59,4,0,2,0,0,0,0,0,0,0,2,0,4,0,0,0,0|0#1|0#2|0#3|2#4|2#5|2#6|2#7|2#8|2#9|2#10|2#11|2#12|0,0|0#1|0#2|0#3|1#4|1#5|1#6|1#7|0#8|0#9|0#10|0#11|0#12|0,0|0#1|0#2|0#3|2#4|2#5|2#6|2#7|2#8|2#9|2#10|2#11|2#12|0,0|0#1|0#2|0#3|1#4|1#5|1#6|0#7|0#8|0#9|0#10|0#11|0#12|0
54|135,0,0,0,0,0,0,0,0,0,0,0,0,0,0,0,0,,,,
114|84,0,0,0,1,0,0,0,0,0,0,0,1,3,0,0,0,0|0#1|0#2|0#3|0#4|0#5|0#6|0#7|0#8|0#9|0#10|0#11|0#12|0,0|0#1|0#2|0#3|0#4|0#5|0#6|0#7|0#8|0#9|0#10|0#11|0#12|0,0|0#1|0#2|0#3|0#4|0#5|0#6|0#7|0#8|0#9|0#10|0#11|0#12|0,
65|1,0,0,0,0,0,0,0,0,0,0,0,0,0,0,0,0,,,,
41|67,0,0,0,0,0,0,0,0,0,0,0,0,0,0,0,0,,,,
89|13,0,0,0,0,0,0,0,0,0,0,0,0,0,0,0,0,,,,
118|111,1,0,6,0,4,1,1,1,6,0,5,0,0,0,0,0,,,,
130|132,0,0,0,0,0,0,0,0,0,0,0,0,0,0,0,0,,,,
0|57,0,0,0,0,0,0,0,0,0,0,0,0,0,0,0,0,,,,
105|124,0,0,0,0,0,0,0,0,0,0,0,1,0,0,0,0,,,,
