34|125,0,0,0,0,0,0,0,0,0,0,0,0,0,0,0,0,,,,
54|15,0,0,0,0,0,0,1,0,0,0,0,0,0,0,0,0,,,,
8|61,0,0,0,0,0,0,0,0,0,0,0,0,0,0,0,0,,,,
108|21,0,0,0,0,0,0,0,0,0,0,0,0,0,0,0,0,,0|0#1|0#2|0#3|0#4|0#5|0#6|0#7|0#8|0#9|0#10|0#11|0#12|0,,0|0#1|0#2|0#3|0#4|0#5|0#6|0#7|0#8|0#9|0#10|0#11|0#12|0
56|40,0,0,0,0,0,0,0,0,0,0,0,0,0,0,0,0,,,,
139|74,0,0,0,0,0,0,0,0,0,0,0,0,0,0,0,0,,,,
124|126,0,0,0,0,0,0,0,0,0,0,0,0,0,0,0,0,,,,
66|57,0,0,0,0,0,0,1,0,0,0,0,0,0,0,0,0,,,,
73|137,0,0,0,0,0,0,0,0,0,0,0,0,0,0,0,0,,,,
87|93,10,6,15,0,0,1,0,1,0,0,2,2,0,0,0,0,0|0#1|0#2|0#3|2#4|0#5|0#6|0#7|0#8|0#9|0#10|0#11|0#12|0,0|0#1|0#2|0#3|0#4|0#5|0#6|0#7|0#8|0#9|0#10|0#11|0#12|0,0|0#1|0#2|0#3|0#4|0#5|0#6|0#7|0#8|0#9|0#10|0#11|0#12|0,0|0#1|0#2|0#3|0#4|0#5|0#6|0#7|0#8|0#9|0#10|0#11|0#12|0
20|121,0,0,0,0,0,0,0,0,0,0,0,0,0,0,0,0,,,,
137|49,0,0,0,0,0,0,0,0,0,0,0,0,0,0,0,0,,,,
146|43,0,0,0,0,0,0,0,0,0,0,0,0,0,0,0,0,0|0#1|0#2|0#3|0#4|0#5|0#6|0#7|0#8|0#9|0#10|0#11|0#12|0,,0|0#1|0#2|0#3|0#4|0#5|0#6|0#7|0#8|0#9|0#10|0#11|0#12|0,
111|139,85,26,434,9,32,7,20,34,16,5,142,23,18,0,1,0,,,,
118|38,0,0,0,0,0,0,0,0,0,0,0,0,0,0,0,0,,,,
86|124,0,0,0,0,0,0,0,0,0,0,0,0,0,0,0,0,,,,
6|36,0,0,0,0,0,0,0,0,0,0,0,0,0,0,0,0,,,,
21|138,0,0,0,0,0,0,0,0,0,0,0,0,0,0,0,0,,,,
47|112,0,0,0,0,0,0,0,0,0,0,0,0,0,0,0,0,,,,
47|46,0,0,0,0,0,0,0,0,0,0,0,0,0,0,0,0,,,,
82|20,0,0,0,0,0,0,0,0,0,0,0,0,0,0,0,0,,,,
72|120,1,0,0,0,0,0,0,6,0,0,0,0,0,0,0,0,,,,
99|111,0,0,0,0,0,0,0,0,0,0,0,0,0,0,0,0,,,,
75|51,0,0,7,0,0,0,0,0,0,0,0,0,0,0,0,0,,,,
49|71,0,0,0,0,0,0,0,0,0,0,0,0,0,0,0,0,,,,
94|62,102,60,176,17,24,27,15,22,13,8,114,52,34,0,0,0,0|0#1|0#2|0#3|4#4|4#5|4#6|4#7|4#8|4#9|4#10|4#11|4#12|0,0|0#1|0#2|0#3|4#4|4#5|4#6|4#7|4#8|4#9|4#10|4#11|4#12|0,0|0#1|0#2|0#3|4#4|4#5|4#6|4#7|4#8|4#9|4#10|4#11|4#12|0,0|0#1|0#2|0#3|4#4|4#5|4#6|4#7|4#8|4#9|4#10|4#11|4#12|0
110|122,0,0,0,0,0,0,0,0,0,0,0,3,0,0,0,0,,,,
127|32,0,0,0,0,2,3,1,0,4,0,2,0,1,0,0,0,0|0#1|0#2|0#3|0#4|0#5|0#6|0#7|0#8|0#9|0#10|0#11|0#12|0,0|0#1|0#2|0#3|0#4|0#5|0#6|0#7|0#8|0#9|0#10|0#11|0#12|0,0|0#1|0#2|0#3|0#4|0#5|0#6|0#7|0#8|0#9|0#10|0#11|0#12|0,0|0#1|0#2|0#3|0#4|0#5|0#6|0#7|0#8|0#9|0#10|0#11|0#12|0
144|18,0,0,0,0,0,0,0,0,0,0,0,0,0,0,0,0,,,,
85|68,1,8,3,0,3,1,1,4,0,0,2,0,1,0,0,0,0|0#1|0#2|0#3|0#4|0#5|0#6|0#7|0#8|0#9|0#10|0#11|0#12|0,0|0#1|0#2|0#3|0#4|0#5|0#6|0#7|0#8|0#9|0#10|0#11|0#12|0,0|0#1|0#2|0#3|0#4|0#5|0#6|0#7|0#8|0#9|0#10|0#11|0#12|0,0|0#1|0#2|0#3|0#4|0#5|0#6|0#7|0#8|0#9|0#10|0#11|0#12|0
48|129,0,0,0,0,0,0,0,0,0,0,0,0,0,0,0,0,,,,
68|82,0,0,0,0,0,0,0,0,0,0,0,0,0,0,0,0,0|0#1|0#2|0#3|0#4|0#5|0#6|0#7|0#8|0#9|0#10|0#11|0#12|0,,0|0#1|0#2|0#3|0#4|0#5|0#6|0#7|0#8|0#9|0#10|0#11|0#12|0,
92|37,8,0,2,0,0,1,1,0,1,0,0,0,0,0,0,0,,,,
59|88,0,0,0,0,0,0,0,0,1,0,0,0,0,0,0,0,,0|0#1|0#2|0#3|0#4|0#5|0#6|0#7|0#8|0#9|0#10|0#11|0#12|0,,
73|26,0,0,0,0,0,0,0,0,0,0,0,0,0,0,0,0,,0|0#1|0#2|0#3|0#4|0#5|0#6|0#7|0#8|0#9|0#10|0#11|0#12|0,,0|0#1|0#2|0#3|0#4|0#5|0#6|0#7|0#8|0#9|0#10|0#11|0#12|0
137|113,0,0,0,0,0,0,0,0,0,0,0,0,0,0,0,0,,,,
28|35,0,0,0,0,0,0,0,0,0,0,0,0,0,0,0,0,,,,
78|99,0,0,0,0,0,0,0,0,0,0,0,0,0,0,0,0,,,,
