143|91,0,0,0,0,0,0,0,0,0,0,0,0,0,0,0,0,,,,
32|52,0,0,0,0,0,0,0,0,0,0,0,0,0,0,0,0,,,,
1|59,0,0,0,0,0,0,0,0,0,0,0,0,0,0,0,0,,,,
141|66,0,0,0,0,0,2,0,0,0,0,0,0,0,0,0,0,,,,
23|58,0,0,0,0,0,0,0,0,0,0,0,0,0,0,0,0,,,,
70|74,0,0,0,0,0,0,0,0,0,0,0,0,0,0,0,0,,,,
69|135,0,0,0,0,0,0,0,0,0,0,0,0,0,0,0,0,,,,
145|132,0,0,0,0,0,0,0,0,0,0,0,0,0,0,0,0,,,,
16|89,0,0,0,0,0,0,0,0,0,0,0,0,0,0,0,0,,,,
49|5,0,0,0,0,0,0,0,0,0,0,0,0,0,0,0,0,,,,
122|55,27,9,20,0,1,2,2,5,2,1,24,8,12,0,2,0,0|0#1|0#2|0#3|0#4|0#5|0#6|0#7|1#8|0#9|0#10|1#11|0#12|0,0|0#1|0#2|0#3|0#4|0#5|0#6|0#7|0#8|0#9|0#10|0#11|0#12|0,0|0#1|0#2|0#3|0#4|0#5|1#6|0#7|0#8|0#9|0#10|0#11|0#12|0,0|0#1|0#2|0#3|0#4|0#5|0#6|0#7|0#8|0#9|0#10|0#11|0#12|0
94|143,0,0,0,0,0,0,0,0,0,0,0,0,0,0,0,0,,,,
44|94,0,0,0,0,0,0,0,0,0,0,0,0,0,0,0,0,,,,
20|10,0,0,0,0,0,0,0,0,0,0,0,0,0,0,0,0,,,,
75|3,0,0,0,0,0,0,0,0,0,0,0,0,0,0,0,0,,,,
8|4,0,0,0,0,0,0,0,0,0,0,0,0,0,0,0,0,,,,
132|145,0,0,0,0,0,0,0,0,0,0,0,0,0,0,0,0,,,,
42|69,0,0,0,0,0,0,0,0,0,0,0,0,0,0,0,0,,,,
106|120,0,0,0,0,0,0,0,0,0,0,0,0,0,0,0,0,,,,
3|84,0,0,0,0,0,0,0,0,0,0,0,0,0,0,0,0,,,,
25|83,0,0,0,0,0,0,0,0,0,0,0,0,0,0,0,0,,,,
42|144,0,0,0,0,0,0,0,0,0,0,0,0,0,0,0,0,,,,
30|27,1,0,1,0,0,0,0,2,0,0,0,0,2,0,0,0,,,,
17|136,0,0,0,0,0,0,0,0,0,0,0,0,0,0,0,0,,,,
107|137,0,0,0,0,0,0,0,0,0,0,0,0,0,0,0,0,,,,
13|41,0,2,0,0,0,0,0,2,1,0,0,0,0,0,0,0,,,,
150|60,0,0,0,0,0,0,0,0,0,0,0,0,0,0,0,0,,,,
55|131,0,0,0,0,0,0,0,0,0,0,0,0,0,0,0,0,,,,
101|19,0,0,0,0,0,0,0,0,0,0,0,0,0,0,0,0,,,,
103|44,28,5,24,2,0,3,3,5,11,0,8,3,0,0,0,0,0|0#1|0#2|0#3|0#4|0#5|0#6|0#7|0#8|0#9|0#10|0#11|0#12|0,0|0#1|0#2|0#3|0#4|0#5|0#6|0#7|0#8|0#9|0#10|0#11|0#12|0,0|0#1|0#2|0#3|0#4|0#5|0#6|0#7|0#8|0#9|0#10|0#11|0#12|0,0|0#1|0#2|0#3|0#4|0#5|0#6|0#7|0#8|0#9|0#10|0#11|0#12|0
134|97,0,0,8,0,3,4,2,1,7,0,4,1,0,0,0,0,,,,
108|0,0,0,0,0,0,0,0,0,0,0,0,0,0,0,0,0,,,,
8|133,0,0,0,0,0,0,0,0,0,0,0,0,0,0,0,0,,,,
11|16,0,0,0,0,0,0,0,0,0,0,0,0,0,0,0,0,,,,
115|86,0,0,0,0,0,0,0,0,0,0,0,2,0,0,0,0,,,,
110|13,1,0,1,0,0,0,1,0,0,0,0,0,0,0,0,0,,,,
51|63,0,0,0,0,0,0,0,0,0,0,0,0,0,0,0,0,,,,
124|80,0,0,0,0,0,0,0,0,0,0,0,0,0,0,0,0,,,,
