65|82,1,0,6,0,1,0,2,1,1,0,3,0,9,0,0,0,,,,
63|57,2,0,8,0,0,3,0,0,0,0,1,0,0,0,0,0,0|0#1|0#2|0#3|2#4|1#5|0#6|0#7|0#8|0#9|0#10|0#11|0#12|0,0|0#1|0#2|0#3|2#4|2#5|0#6|0#7|0#8|0#9|0#10|0#11|0#12|0,0|0#1|0#2|0#3|2#4|0#5|0#6|0#7|0#8|0#9|0#10|0#11|1#12|0,0|0#1|0#2|0#3|2#4|0#5|0#6|0#7|0#8|0#9|0#10|0#11|0#12|0
82|68,1,0,0,0,0,0,0,6,0,0,0,3,2,0,1,0,0|0#1|0#2|0#3|1#4|0#5|0#6|0#7|0#8|0#9|0#10|0#11|1#12|0,0|0#1|0#2|0#3|0#4|0#5|0#6|0#7|0#8|0#9|0#10|0#11|0#12|0,0|0#1|0#2|0#3|0#4|0#5|0#6|0#7|0#8|0#9|0#10|0#11|0#12|0,0|0#1|0#2|0#3|0#4|0#5|0#6|0#7|0#8|0#9|0#10|0#11|0#12|0
51|15,0,0,0,0,0,0,0,0,0,0,0,0,0,0,0,0,,,,
136|74,0,0,0,0,0,0,0,0,0,0,0,0,0,0,0,0,,,,
25|35,0,0,0,0,0,0,0,0,0,0,0,0,0,0,0,0,,,,
56|88,0,1,0,0,0,0,0,0,0,0,0,0,0,0,0,0,0|0#1|0#2|0#3|0#4|0#5|0#6|0#7|0#8|0#9|0#10|0#11|0#12|0,0|0#1|0#2|0#3|0#4|0#5|0#6|0#7|0#8|0#9|0#10|0#11|0#12|0,0|0#1|0#2|0#3|0#4|0#5|0#6|0#7|0#8|0#9|0#10|0#11|0#12|0,0|0#1|0#2|0#3|0#4|0#5|0#6|0#7|0#8|0#9|0#10|0#11|0#12|0
5|61,0,0,0,0,0,0,0,0,0,0,0,0,0,0,0,0,,,,
105|21,0,0,0,0,0,0,0,0,0,0,0,0,0,0,0,0,,,,
72|51,0,0,0,0,0,0,0,0,0,0,0,0,0,0,0,0,,,,
117|63,0,0,0,0,0,0,0,0,0,0,0,0,0,0,0,0,0|0#1|0#2|0#3|0#4|0#5|0#6|0#7|0#8|0#9|0#10|0#11|0#12|0,,0|0#1|0#2|0#3|0#4|0#5|0#6|0#7|0#8|0#9|0#10|0#11|0#12|0,
98|142,0,0,0,0,0,0,0,0,0,0,0,0,0,0,0,0,,,,
150|12,0,0,0,0,0,0,0,0,0,0,0,0,0,0,0,0,,,,
136|144,0,0,0,0,0,0,0,0,0,0,0,0,0,0,0,0,,,,
59|130,0,0,0,0,0,0,0,0,0,0,0,0,0,0,0,0,,,,
108|69,13,2,26,3,0,0,1,2,0,0,7,1,2,0,0,0,0|0#1|0#2|0#3|4#4|4#5|3#6|3#7|2#8|2#9|3#10|3#11|3#12|0,0|0#1|0#2|0#3|4#4|3#5|2#6|2#7|2#8|2#9|2#10|2#11|2#12|0,0|0#1|0#2|0#3|4#4|4#5|2#6|2#7|2#8|3#9|3#10|3#11|3#12|0,0|0#1|0#2|0#3|4#4|3#5|2#6|2#7|2#8|2#9|2#10|2#11|2#12|0
84|93,1,0,3,0,0,0,0,0,0,0,0,2,0,0,0,0,,,,
44|46,0,1,0,0,0,0,0,0,1,0,1,0,0,0,0,0,,,0|0#1|0#2|0#3|0#4|0#5|0#6|0#7|0#8|0#9|0#10|0#11|0#12|0,
91|62,63,11,178,17,1,15,11,32,5,1,38,17,29,0,0,0,0|0#1|0#2|0#3|4#4|4#5|4#6|4#7|4#8|4#9|4#10|4#11|4#12|0,0|0#1|0#2|0#3|3#4|4#5|4#6|4#7|4#8|4#9|4#10|4#11|4#12|0,0|0#1|0#2|0#3|4#4|4#5|4#6|4#7|4#8|4#9|4#10|4#11|4#12|0,0|0#1|0#2|0#3|3#4|4#5|4#6|4#7|4#8|4#9|4#10|4#11|4#12|0
149|131,0,0,0,0,0,0,1,0,0,0,0,0,0,0,0,0,,,,
27|60,0,0,0,0,0,0,0,0,0,0,0,0,0,0,0,0,,,,
122|140,0,0,0,0,0,0,0,0,0,0,0,0,0,0,0,0,,,,
18|66,0,0,0,0,0,0,0,0,0,0,0,0,0,0,0,0,,,,
134|49,0,0,0,0,0,0,0,0,0,0,0,0,0,0,0,0,,,,
75|99,0,0,0,0,0,0,0,0,1,0,0,0,0,0,0,0,,,,
97|5,0,0,0,0,0,0,0,0,0,0,0,0,0,0,0,0,,,,
46|71,0,0,0,0,0,0,0,0,0,0,0,0,0,0,0,0,,,,
3|36,0,0,0,0,0,0,0,0,0,0,0,0,0,0,0,0,,,,
124|32,0,0,0,0,0,0,0,0,0,0,0,0,0,0,0,0,,,,
143|43,0,0,0,0,0,0,0,0,0,0,0,0,0,0,0,0,,,,
70|26,0,0,0,0,0,0,0,0,0,0,0,0,0,0,0,0,,,,
37|77,0,0,0,0,0,0,0,0,0,0,0,0,0,0,0,0,,,,
115|38,0,0,0,0,0,0,0,0,0,0,0,0,0,0,0,0,,,,
141|18,0,0,0,0,0,0,0,0,0,0,0,0,0,0,0,0,,,,
53|40,0,0,0,0,0,0,0,0,0,0,0,0,0,0,0,0,,,,
46|143,0,0,0,0,0,0,0,0,0,0,0,0,0,0,0,0,,,,
81|108,0,0,0,0,0,0,0,0,0,0,0,0,0,0,0,0,,,,
