113|95,0,0,0,0,0,0,0,0,0,0,0,0,0,0,0,0,,,,
5|137,0,0,0,0,0,0,0,0,0,0,0,0,0,0,0,0,,,,
1|93,0,0,0,0,0,0,0,0,0,0,0,0,0,0,0,0,,,,
120|64,0,0,0,0,0,0,0,0,0,0,0,0,0,0,0,0,,,,
11|50,0,0,0,0,0,0,0,0,0,0,0,0,0,0,0,0,,,,
79|126,0,0,0,0,0,0,0,0,0,0,0,0,0,0,0,0,,,,
69|13,0,0,0,0,0,0,0,0,0,0,0,0,0,0,0,0,,,,
103|124,0,0,0,0,0,0,0,0,0,0,0,4,0,0,0,0,,,,
14|98,0,0,0,0,0,0,0,0,0,0,0,0,0,0,0,0,,,,
21|67,0,0,0,0,0,0,0,4,0,0,0,0,0,0,0,0,,,,
66|139,0,0,0,0,0,0,0,0,0,0,0,0,0,0,0,0,,,,
30|61,0,0,0,0,0,0,0,0,0,0,0,0,0,0,0,0,,,,
27|127,0,0,0,0,0,0,0,0,0,0,0,0,0,0,0,0,,,,
4|120,0,0,0,0,0,0,0,0,0,0,0,0,0,0,0,0,,,,
26|110,0,0,0,0,0,0,0,0,0,0,0,0,0,0,0,0,,,,
88|24,0,0,0,0,0,0,0,1,1,0,0,0,0,0,0,0,0|0#1|0#2|0#3|0#4|0#5|0#6|0#7|0#8|0#9|0#10|0#11|0#12|0,0|0#1|0#2|0#3|0#4|0#5|0#6|0#7|0#8|0#9|0#10|0#11|0#12|0,0|0#1|0#2|0#3|0#4|0#5|0#6|0#7|0#8|0#9|0#10|0#11|0#12|0,0|0#1|0#2|0#3|0#4|0#5|0#6|0#7|0#8|0#9|0#10|0#11|0#12|0
101|53,1,1,2,0,0,1,1,1,1,0,1,12,0,0,0,0,0|0#1|0#2|0#3|2#4|2#5|2#6|2#7|2#8|2#9|2#10|2#11|2#12|0,0|0#1|0#2|0#3|2#4|2#5|1#6|2#7|1#8|0#9|0#10|2#11|1#12|0,0|0#1|0#2|0#3|2#4|2#5|2#6|2#7|2#8|2#9|2#10|3#11|2#12|0,0|0#1|0#2|0#3|2#4|2#5|1#6|1#7|0#8|0#9|2#10|2#11|1#12|0
116|111,0,0,0,0,0,0,0,0,1,0,0,0,0,0,0,0,,,,
13|123,0,0,0,0,0,0,0,0,0,0,0,0,0,0,0,0,,,,
122|5,0,0,0,0,0,0,0,0,0,0,0,0,0,0,0,0,,,,
23|92,0,0,0,0,0,0,0,0,0,0,0,0,0,0,0,0,,,,
90|130,0,0,0,0,0,0,0,0,0,0,0,0,0,0,0,0,,,,
91|147,0,0,0,0,0,0,0,0,0,0,0,0,0,0,0,0,,,,
142|136,0,0,0,0,0,1,0,0,1,0,0,3,0,0,0,0,,,,
40|78,0,0,0,0,0,0,0,0,0,0,0,0,0,0,0,0,,,,
52|135,0,0,0,0,0,0,0,0,0,0,0,0,0,0,0,0,,,,
65|122,0,0,0,0,0,0,0,0,0,0,0,0,0,0,0,0,,,,
117|128,0,0,0,0,0,0,0,0,0,0,0,0,1,0,0,0,,,,
