122|139,0,0,0,0,0,0,0,0,0,0,0,0,0,0,0,0,,,,
59|129,0,0,0,0,0,0,0,0,0,0,0,0,0,0,0,0,,,,
36|53,0,0,0,0,0,0,0,0,0,0,0,0,0,0,0,0,,,,
53|39,0,0,0,0,0,0,0,0,0,0,0,0,0,0,0,0,,,,
148|113,0,0,0,0,0,0,0,0,0,0,0,0,0,0,0,0,,,,
148|1,0,0,0,0,0,0,0,0,0,0,0,0,0,0,0,0,,,,
128|81,0,0,0,0,0,0,0,0,0,0,0,0,0,0,0,0,,,,
7|85,0,0,0,0,0,0,0,0,0,0,0,0,0,0,0,0,,,,
62|33,1,0,8,0,2,4,2,0,1,0,0,2,0,0,0,0,,0|0#1|0#2|0#3|0#4|0#5|0#6|0#7|0#8|0#9|0#10|0#11|0#12|0,,0|0#1|0#2|0#3|0#4|0#5|0#6|0#7|0#8|0#9|0#10|0#11|0#12|0
17|42,0,0,0,0,0,0,0,0,0,0,0,0,0,0,0,0,,,,
84|137,0,0,0,0,0,0,0,0,0,0,0,0,0,0,0,0,,,,
55|64,1,0,0,0,0,0,0,1,0,0,0,2,0,0,0,0,,,,
138|98,0,0,0,0,0,0,0,0,0,0,0,0,0,0,0,0,,,,
34|28,0,0,0,0,0,0,0,0,0,0,0,0,0,0,0,0,,,,
32|138,0,0,0,0,0,0,0,0,0,0,0,0,0,0,0,0,,,,
133|25,0,0,0,0,0,0,0,0,0,0,0,0,0,0,0,0,,,,
147|92,0,0,0,0,0,0,0,0,0,0,0,0,0,0,0,0,,,,
119|87,92,23,44,11,5,5,6,26,8,1,26,7,16,0,0,0,0|0#1|0#2|0#3|0#4|0#5|0#6|0#7|0#8|0#9|0#10|0#11|0#12|0,0|0#1|0#2|0#3|0#4|0#5|0#6|0#7|0#8|0#9|0#10|0#11|0#12|0,0|0#1|0#2|0#3|0#4|0#5|0#6|0#7|0#8|0#9|0#10|0#11|0#12|0,0|0#1|0#2|0#3|0#4|0#5|0#6|0#7|0#8|0#9|0#10|0#11|0#12|0
15|17,0,0,0,0,0,0,0,0,0,0,0,0,0,0,0,0,,,,
27|59,0,0,0,0,0,0,0,0,0,0,0,0,0,0,0,0,,,,
81|44,6,2,6,3,1,3,2,0,0,0,2,5,0,0,0,0,0|0#1|0#2|0#3|0#4|0#5|0#6|0#7|0#8|0#9|0#10|0#11|1#12|0,0|0#1|0#2|0#3|0#4|0#5|0#6|0#7|0#8|0#9|0#10|0#11|0#12|0,0|0#1|0#2|0#3|0#4|0#5|0#6|0#7|0#8|0#9|0#10|1#11|0#12|0,0|0#1|0#2|0#3|0#4|0#5|0#6|0#7|0#8|0#9|0#10|0#11|0#12|0
145|67,0,1,0,0,0,0,0,0,0,0,0,0,0,0,0,0,0|0#1|0#2|0#3|0#4|0#5|0#6|0#7|0#8|0#9|0#10|0#11|0#12|0,,0|0#1|0#2|0#3|0#4|0#5|0#6|0#7|0#8|0#9|0#10|0#11|0#12|0,0|0#1|0#2|0#3|0#4|0#5|0#6|0#7|0#8|0#9|0#10|0#11|0#12|0
43|22,0,0,0,0,0,0,0,0,0,0,0,0,0,0,0,0,,,,
45|125,0,0,0,0,0,0,0,0,0,0,0,0,0,0,0,0,,,,
109|101,0,0,0,0,0,0,0,0,0,0,0,0,0,0,0,0,,,,
74|75,0,0,0,0,0,0,0,0,0,0,0,1,0,0,0,0,,,,
19|100,0,0,0,0,0,0,0,0,0,0,0,0,0,0,0,0,,,,
89|6,0,0,0,0,0,0,0,0,0,0,0,0,0,0,0,0,,,,
135|126,0,0,0,0,0,0,0,0,0,0,0,0,0,0,0,0,,,,
29|84,0,0,0,0,0,0,0,0,0,0,0,0,0,0,0,0,,,,
93|86,0,3,9,1,0,2,1,1,0,0,0,9,1,0,0,0,0|0#1|0#2|0#3|1#4|0#5|0#6|0#7|0#8|0#9|1#10|1#11|1#12|0,0|0#1|0#2|0#3|0#4|0#5|0#6|0#7|0#8|0#9|0#10|0#11|0#12|0,0|0#1|0#2|0#3|0#4|0#5|0#6|0#7|0#8|0#9|1#10|1#11|0#12|0,0|0#1|0#2|0#3|0#4|0#5|0#6|0#7|0#8|0#9|0#10|0#11|0#12|0
152|36,0,0,0,0,0,0,0,0,0,0,0,0,0,0,0,0,,,,
70|133,0,0,0,0,0,0,0,0,0,0,0,0,0,0,0,0,,,,
58|112,0,3,0,0,0,0,0,14,1,0,2,0,0,0,0,0,,,,
109|70,0,0,0,0,0,0,0,1,1,0,0,0,0,0,0,0,0|0#1|0#2|0#3|0#4|0#5|0#6|0#7|0#8|0#9|0#10|0#11|0#12|0,0|0#1|0#2|0#3|0#4|0#5|0#6|0#7|0#8|0#9|0#10|0#11|0#12|0,0|0#1|0#2|0#3|0#4|0#5|0#6|0#7|0#8|0#9|0#10|0#11|0#12|0,0|0#1|0#2|0#3|0#4|0#5|0#6|0#7|0#8|0#9|0#10|0#11|0#12|0
126|56,0,0,0,0,0,0,0,0,0,0,0,0,0,0,0,0,,,,
97|124,1,0,0,0,2,4,1,0,2,0,0,0,0,0,0,0,,,,
121|122,0,0,0,0,0,0,0,0,0,0,0,0,0,0,0,0,,,,
48|95,0,0,0,0,0,0,0,0,0,0,0,0,0,0,0,0,,,,
24|11,0,0,0,0,0,0,0,0,0,0,0,1,0,0,0,0,,,,
114|14,0,0,0,0,0,0,0,0,0,0,0,0,0,0,0,0,,,,
135|50,0,0,0,0,0,0,0,0,0,0,0,0,0,0,0,0,0|0#1|0#2|0#3|0#4|0#5|0#6|0#7|0#8|0#9|0#10|0#11|0#12|0,0|0#1|0#2|0#3|0#4|0#5|0#6|0#7|0#8|0#9|0#10|0#11|0#12|0,0|0#1|0#2|0#3|0#4|0#5|0#6|0#7|0#8|0#9|0#10|0#11|0#12|0,
107|45,0,0,0,0,0,0,0,0,0,0,0,0,0,0,0,0,,,,
31|121,0,0,0,0,0,0,0,0,0,0,0,0,0,0,0,0,,,,
83|120,0,0,0,0,0,0,0,7,0,0,1,0,0,0,0,0,,,,
2|12,0,0,0,0,0,0,0,0,0,0,0,0,0,0,0,0,,,,
