55|11,0,0,0,0,0,0,0,0,0,0,0,0,0,0,0,0,,,,
145|14,0,0,0,0,0,0,0,0,0,0,0,0,0,0,0,0,,,,
75|144,0,0,0,0,0,0,0,0,0,0,0,0,0,0,0,0,,,,
67|53,0,0,0,0,0,0,0,0,0,0,0,0,0,0,0,0,0|0#1|0#2|0#3|0#4|0#5|0#6|0#7|0#8|0#9|0#10|0#11|0#12|0,,0|0#1|0#2|0#3|0#4|0#5|0#6|0#7|0#8|0#9|0#10|0#11|0#12|0,
86|64,2,0,0,0,0,2,0,4,0,0,1,0,6,0,0,0,0|0#1|0#2|0#3|2#4|2#5|2#6|2#7|2#8|2#9|2#10|2#11|2#12|0,0|0#1|0#2|0#3|2#4|1#5|2#6|2#7|1#8|0#9|1#10|0#11|2#12|0,0|0#1|0#2|0#3|2#4|2#5|2#6|2#7|2#8|2#9|2#10|2#11|2#12|0,0|0#1|0#2|0#3|1#4|1#5|2#6|1#7|0#8|1#9|1#10|1#11|2#12|0
126|133,0,0,0,0,0,0,0,0,0,0,0,0,0,0,0,0,,,,
143|7,0,0,0,0,0,0,0,0,0,0,0,0,0,0,0,0,,,,
139|120,1,0,1,0,3,2,1,0,5,0,3,0,1,0,0,0,,,,
58|59,0,0,0,0,0,0,0,0,0,0,0,3,0,0,0,0,0|0#1|0#2|0#3|0#4|0#5|0#6|0#7|0#8|0#9|0#10|0#11|0#12|0,0|0#1|0#2|0#3|0#4|0#5|0#6|0#7|0#8|0#9|0#10|0#11|0#12|0,0|0#1|0#2|0#3|0#4|0#5|0#6|0#7|0#8|0#9|0#10|0#11|0#12|0,0|0#1|0#2|0#3|0#4|0#5|0#6|0#7|0#8|0#9|0#10|0#11|0#12|0
113|146,0,0,0,0,0,0,0,0,0,0,0,0,0,0,0,0,,,,
119|34,0,0,0,0,0,0,0,0,0,0,0,0,0,0,0,0,,,,
84|39,0,0,0,0,0,0,0,0,0,0,0,0,0,0,0,0,,,,
93|33,0,0,0,0,0,0,0,0,0,0,0,0,0,0,0,0,,0|0#1|0#2|0#3|0#4|0#5|0#6|0#7|0#8|0#9|0#10|0#11|0#12|0,,0|0#1|0#2|0#3|0#4|0#5|0#6|0#7|0#8|0#9|0#10|0#11|0#12|0
7|32,0,0,0,0,0,0,0,0,0,0,0,0,0,0,0,0,,,,
36|132,0,0,0,0,0,0,0,0,0,0,0,0,0,0,0,0,,,,
65|28,0,0,0,0,0,0,0,0,0,0,0,0,0,0,0,0,,,,
29|31,0,0,0,0,0,0,0,0,0,0,0,0,0,0,0,0,,,,
151|141,0,0,0,0,0,0,0,0,0,0,0,0,0,0,0,0,,,,
39|48,1,0,0,0,0,1,0,0,10,0,0,3,0,0,2,0,,,,
23|145,0,0,0,0,0,0,0,0,0,0,0,0,0,0,0,0,,,,
61|140,0,0,0,0,0,0,0,0,0,0,0,0,0,0,0,0,,,,
48|42,0,0,0,0,0,0,0,0,0,0,0,0,0,0,0,0,0|0#1|0#2|0#3|0#4|0#5|0#6|0#7|0#8|0#9|0#10|0#11|0#12|0,,,
74|22,0,0,0,0,0,0,0,0,0,0,0,0,0,0,0,0,0|0#1|0#2|0#3|0#4|0#5|0#6|0#7|0#8|0#9|0#10|0#11|0#12|0,0|0#1|0#2|0#3|0#4|0#5|0#6|0#7|0#8|0#9|0#10|0#11|0#12|0,0|0#1|0#2|0#3|0#4|0#5|0#6|0#7|0#8|0#9|0#10|0#11|0#12|0,0|0#1|0#2|0#3|0#4|0#5|0#6|0#7|0#8|0#9|0#10|0#11|0#12|0
117|9,0,0,0,0,0,0,0,0,0,0,0,0,0,0,0,0,,,,
46|17,1,0,2,0,0,1,2,0,1,0,0,1,0,0,0,0,,,,
79|95,0,0,0,0,0,0,0,0,1,0,0,0,0,0,0,0,,,,
88|131,0,0,0,0,0,0,0,0,0,0,0,0,0,0,0,0,,,,
13|2,0,0,0,0,0,0,0,0,0,0,0,1,1,0,0,0,,,,
138|45,0,0,0,0,0,0,0,0,0,0,0,4,0,0,0,0,,,,
