125|102,0,0,0,0,0,0,0,0,0,0,0,0,0,0,0,0,,,,
22|114,0,0,0,0,0,0,0,0,0,0,0,0,0,0,0,0,,,,
151|127,0,0,0,0,0,0,0,0,0,0,0,0,0,0,0,0,,,,
76|33,1,0,0,0,2,0,1,2,0,0,0,3,0,0,0,0,0|0#1|0#2|0#3|0#4|0#5|0#6|0#7|0#8|0#9|0#10|0#11|0#12|0,0|0#1|0#2|0#3|0#4|0#5|0#6|0#7|0#8|0#9|0#10|0#11|0#12|0,0|0#1|0#2|0#3|0#4|0#5|0#6|0#7|0#8|0#9|0#10|0#11|0#12|0,0|0#1|0#2|0#3|0#4|0#5|0#6|0#7|0#8|0#9|0#10|0#11|0#12|0
74|113,0,0,0,0,0,0,0,0,0,0,0,0,0,0,0,0,,,,
100|6,0,0,0,0,0,0,0,0,0,0,0,0,0,0,0,0,,,,
9|43,0,0,0,0,0,0,0,0,0,0,0,0,0,0,0,0,,,,
48|28,0,0,0,0,0,0,0,0,0,0,0,0,0,0,0,0,,,,
36|118,0,0,0,0,0,0,0,0,0,0,0,0,0,0,0,0,,,,
88|117,0,0,0,0,0,0,0,0,0,0,0,0,0,0,0,0,,,,
7|18,0,0,0,0,0,1,0,0,1,0,0,0,0,0,0,0,,,,
112|115,0,0,0,0,0,0,0,0,0,0,0,0,0,0,0,0,,,,
149|50,0,0,0,0,0,0,0,0,0,0,0,0,0,0,0,0,,,,
29|17,0,0,0,0,0,0,0,0,0,0,0,0,0,0,0,0,,,,
95|44,0,1,0,0,0,0,0,0,0,0,0,0,0,0,0,0,0|0#1|0#2|0#3|0#4|0#5|0#6|0#7|0#8|0#9|0#10|0#11|0#12|0,0|0#1|0#2|0#3|0#4|0#5|0#6|0#7|0#8|0#9|0#10|0#11|0#12|0,0|0#1|0#2|0#3|0#4|0#5|0#6|0#7|0#8|0#9|0#10|0#11|0#12|0,0|0#1|0#2|0#3|0#4|0#5|0#6|0#7|0#8|0#9|0#10|0#11|0#12|0
150|110,0,0,0,0,0,0,0,0,0,0,0,0,0,0,0,0,,,,
128|14,0,0,0,0,0,0,0,0,0,0,0,0,0,0,0,0,,,,
93|19,0,0,0,0,0,0,0,0,0,0,0,0,0,0,0,0,,,,
57|22,0,0,0,0,0,0,0,0,0,0,0,0,0,0,0,0,,,,
147|25,0,0,0,0,0,0,0,0,0,0,0,0,0,0,0,0,0|0#1|0#2|0#3|0#4|0#5|0#6|0#7|0#8|0#9|0#10|0#11|0#12|0,0|0#1|0#2|0#3|0#4|0#5|0#6|0#7|0#8|0#9|0#10|0#11|0#12|0,0|0#1|0#2|0#3|0#4|0#5|0#6|0#7|0#8|0#9|0#10|0#11|0#12|0,
0|124,0,0,0,0,0,0,0,0,0,0,0,0,0,0,0,0,,,,
126|119,0,0,0,0,0,0,0,3,0,0,0,0,0,0,0,0,,,,
94|0,6,1,0,0,1,0,0,4,0,2,2,0,1,0,0,0,,,,
38|11,1,0,0,0,0,0,0,0,0,0,0,0,0,0,0,0,,,,
49|105,0,0,0,0,0,0,0,0,0,0,0,0,0,0,0,0,,,,
61|126,0,0,0,0,0,0,0,0,0,0,0,0,0,0,0,0,,,,
67|39,0,0,0,0,0,1,0,1,1,0,0,1,0,0,0,0,,,,
35|101,0,0,0,0,0,0,0,0,0,0,0,0,0,0,0,0,,,,
69|64,0,1,0,0,0,0,0,0,0,0,0,1,4,0,0,0,0|0#1|0#2|0#3|0#4|0#5|0#6|0#7|0#8|0#9|0#10|1#11|0#12|0,0|0#1|0#2|0#3|0#4|0#5|0#6|0#7|0#8|0#9|0#10|0#11|0#12|0,0|0#1|0#2|0#3|0#4|0#5|0#6|0#7|0#8|0#9|0#10|0#11|0#12|0,0|0#1|0#2|0#3|0#4|0#5|0#6|0#7|0#8|0#9|0#10|0#11|0#12|0
88|75,2,10,0,3,0,9,0,1,6,0,1,0,1,0,0,0,0|0#1|0#2|0#3|0#4|0#5|0#6|0#7|0#8|0#9|0#10|0#11|0#12|0,,0|0#1|0#2|0#3|0#4|0#5|0#6|0#7|0#8|0#9|0#10|0#11|0#12|0,
68|2,0,0,0,0,0,0,0,0,0,0,0,0,0,0,0,0,,,,
139|106,0,0,0,0,0,0,0,0,0,0,0,0,0,0,0,0,,,,
87|100,78,27,163,5,13,16,21,12,17,5,60,24,24,0,0,0,0|0#1|0#2|0#3|0#4|0#5|0#6|0#7|0#8|0#9|0#10|0#11|0#12|0,0|0#1|0#2|0#3|0#4|0#5|0#6|0#7|0#8|0#9|0#10|0#11|0#12|0,0|0#1|0#2|0#3|0#4|0#5|0#6|0#7|0#8|0#9|0#10|0#11|0#12|0,0|0#1|0#2|0#3|0#4|0#5|0#6|0#7|0#8|0#9|0#10|0#11|0#12|0
