80|143,0,0,0,0,0,0,0,0,0,0,0,0,0,0,0,0,,,,
124|84,0,0,1,0,0,0,1,1,0,0,0,0,1,0,0,0,0|0#1|0#2|0#3|2#4|2#5|0#6|0#7|0#8|0#9|0#10|0#11|0#12|0,0|0#1|0#2|0#3|1#4|1#5|0#6|0#7|0#8|0#9|0#10|0#11|0#12|0,0|0#1|0#2|0#3|2#4|1#5|0#6|0#7|0#8|0#9|0#10|0#11|0#12|0,0|0#1|0#2|0#3|1#4|0#5|0#6|0#7|0#8|0#9|0#10|0#11|0#12|0
41|131,0,0,0,0,0,0,0,0,0,0,0,0,0,0,0,0,,,,
131|53,0,0,0,0,0,0,0,0,0,0,0,0,0,0,0,0,,,,
20|14,0,0,0,0,0,0,0,0,0,0,0,0,0,0,0,0,,,,
55|135,0,0,0,0,0,0,0,0,0,0,0,0,0,0,0,0,,,,
3|88,0,0,0,0,0,0,0,0,0,0,0,0,0,0,0,0,,,,
70|78,0,0,0,0,0,1,0,0,0,0,0,0,0,0,0,0,0|0#1|0#2|0#3|0#4|0#5|0#6|0#7|0#8|0#9|0#10|0#11|0#12|0,0|0#1|0#2|0#3|0#4|0#5|0#6|0#7|0#8|0#9|0#10|0#11|0#12|0,0|0#1|0#2|0#3|0#4|0#5|0#6|0#7|0#8|0#9|0#10|0#11|0#12|0,0|0#1|0#2|0#3|0#4|0#5|0#6|0#7|0#8|0#9|0#10|0#11|0#12|0
145|136,0,0,1,0,0,0,1,0,4,0,1,17,1,1,0,0,,,,
51|67,0,0,0,0,0,0,0,0,0,0,0,0,0,0,0,0,,,,
134|2,0,0,0,0,0,0,0,0,0,0,0,0,0,0,0,0,,,,
13|45,0,0,0,0,0,0,0,0,0,0,0,0,0,0,0,0,,,,
34|81,0,0,0,0,0,0,0,0,0,0,0,0,0,0,0,0,,,,
108|4,0,0,0,0,0,0,0,0,0,0,0,0,0,0,0,0,,,,
8|137,0,0,0,0,0,0,0,0,0,0,0,0,0,0,0,0,,,,
143|95,0,0,0,0,0,0,0,0,0,0,0,0,0,0,0,0,,,,
41|50,0,0,0,0,0,0,0,0,1,0,0,0,0,0,0,0,,,,
0|40,0,0,0,0,0,0,0,0,0,0,0,0,0,0,0,0,,,,
93|130,0,0,0,0,0,0,0,0,0,0,0,0,0,0,0,0,,,,
16|123,0,0,0,0,0,0,0,0,0,0,0,0,0,0,0,0,,,,
49|9,0,0,0,0,0,0,0,0,0,0,0,0,0,0,0,0,,,,
103|48,0,0,0,0,0,0,0,1,0,0,0,0,0,0,0,0,0|0#1|0#2|0#3|0#4|0#5|0#6|0#7|0#8|0#9|0#10|0#11|0#12|0,0|0#1|0#2|0#3|0#4|0#5|0#6|0#7|0#8|0#9|0#10|0#11|0#12|0,0|0#1|0#2|0#3|0#4|0#5|0#6|0#7|0#8|0#9|0#10|0#11|0#12|0,0|0#1|0#2|0#3|0#4|0#5|0#6|0#7|0#8|0#9|0#10|0#11|0#12|0
94|147,0,0,0,0,0,0,0,0,0,0,0,0,0,0,0,0,,,,
68|122,0,0,0,0,0,0,0,0,0,0,0,0,0,0,0,0,,,,
106|124,0,0,0,0,0,0,0,0,0,0,0,0,0,0,0,0,,,,
60|61,5,9,2,3,0,1,0,1,1,1,4,3,3,0,0,0,0|0#1|0#2|0#3|0#4|0#5|0#6|0#7|0#8|0#9|0#10|0#11|0#12|0,0|0#1|0#2|0#3|0#4|0#5|0#6|0#7|0#8|0#9|0#10|0#11|0#12|0,0|0#1|0#2|0#3|0#4|0#5|0#6|0#7|1#8|0#9|0#10|0#11|0#12|0,0|0#1|0#2|0#3|0#4|0#5|0#6|0#7|0#8|0#9|0#10|0#11|0#12|0
8|8,0,0,0,0,0,0,0,0,0,0,0,0,0,0,0,0,,,,
122|59,0,0,0,0,0,0,0,0,0,0,0,0,0,0,0,0,,,,
32|56,0,0,0,0,0,0,0,0,0,0,0,0,0,0,0,0,,,,
29|110,0,0,0,0,0,0,0,0,0,0,0,0,0,0,0,0,,,,
44|98,0,0,0,0,0,0,0,0,0,0,0,0,0,0,0,0,,,,
25|87,0,0,0,0,0,0,0,0,0,0,0,0,0,0,0,0,,,,
15|70,0,0,0,0,0,0,0,0,0,0,0,0,0,0,0,0,,,,
53|92,0,1,0,0,0,0,0,0,0,0,0,0,0,0,0,0,0|0#1|0#2|0#3|0#4|0#5|0#6|0#7|0#8|0#9|0#10|0#11|0#12|0,,0|0#1|0#2|0#3|0#4|0#5|0#6|0#7|0#8|0#9|0#10|0#11|0#12|0,
105|73,7,7,9,0,0,0,2,13,1,0,7,0,0,0,0,0,0|0#1|0#2|0#3|4#4|3#5|2#6|1#7|2#8|2#9|2#10|2#11|2#12|0,0|0#1|0#2|0#3|3#4|2#5|0#6|0#7|0#8|0#9|2#10|0#11|0#12|0,0|0#1|0#2|0#3|4#4|2#5|1#6|2#7|1#8|2#9|2#10|2#11|2#12|0,0|0#1|0#2|0#3|3#4|0#5|0#6|0#7|0#8|1#9|1#10|0#11|0#12|0
75|7,0,0,0,0,0,0,0,0,0,0,0,0,0,0,0,0,,,,
99|13,0,0,0,0,0,0,0,0,0,0,0,0,0,0,0,0,,,,
150|64,0,0,0,0,0,0,0,0,0,0,0,0,0,0,0,0,,,,
110|17,0,0,0,0,0,0,0,0,0,0,0,0,0,0,0,0,,,,
69|139,0,0,0,0,0,0,0,0,0,0,0,0,0,0,0,0,,,,
112|42,0,0,0,0,0,0,0,0,0,0,0,0,0,0,0,0,,,,
119|111,0,0,0,0,0,0,1,0,1,0,0,0,0,0,0,0,,,,
131|132,0,0,0,0,0,0,0,0,0,0,0,0,0,0,0,0,,,,
7|120,0,0,0,0,0,0,0,0,0,0,0,0,0,0,0,0,,,,
