93|88,6,6,12,7,0,5,2,4,2,0,4,9,7,0,0,0,0|0#1|0#2|0#3|2#4|2#5|1#6|0#7|0#8|0#9|0#10|0#11|1#12|0,0|0#1|0#2|0#3|2#4|1#5|0#6|0#7|0#8|0#9|0#10|0#11|0#12|0,0|0#1|0#2|0#3|2#4|2#5|0#6|0#7|0#8|0#9|0#10|0#11|2#12|0,0|0#1|0#2|0#3|2#4|1#5|0#6|0#7|0#8|0#9|0#10|0#11|1#12|0
57|91,2,0,7,1,0,0,0,2,1,0,4,0,0,0,0,0,,,,
109|103,0,0,0,0,0,0,0,1,0,0,0,3,0,0,0,0,,,,
148|115,0,0,0,0,0,0,0,0,0,0,0,0,0,0,0,0,,,,
48|97,0,0,0,0,0,0,0,0,0,0,0,0,0,0,0,0,,,,
17|44,0,0,0,0,0,0,0,0,0,0,0,0,0,0,0,0,,,,
19|102,0,0,0,0,0,0,0,0,0,0,0,0,0,0,0,0,,,,
64|60,12,3,4,1,3,0,0,3,0,2,1,16,1,1,0,0,,,,
89|8,0,0,0,0,0,0,0,0,0,0,0,1,0,0,0,0,,,,
135|52,0,0,0,0,0,0,0,0,0,0,0,0,0,0,0,0,,,,
83|71,0,0,0,0,0,0,0,1,1,0,0,6,0,0,1,0,,,,
121|124,0,0,0,0,0,0,0,0,0,0,0,0,0,0,0,0,,,,
109|72,0,1,0,0,0,0,0,1,0,0,0,0,0,0,0,0,0|0#1|0#2|0#3|0#4|0#5|0#6|0#7|0#8|0#9|0#10|0#11|0#12|0,0|0#1|0#2|0#3|0#4|0#5|0#6|0#7|0#8|0#9|0#10|0#11|0#12|0,0|0#1|0#2|0#3|0#4|0#5|0#6|0#7|0#8|0#9|0#10|0#11|0#12|0,0|0#1|0#2|0#3|0#4|0#5|0#6|0#7|0#8|0#9|0#10|0#11|0#12|0
126|58,0,0,0,0,0,0,0,0,0,0,0,0,0,0,0,0,,,,
31|123,0,0,0,0,0,0,0,0,0,0,0,0,0,0,0,0,,,,
123|10,0,0,0,0,0,0,0,0,0,0,0,0,0,0,0,0,,,,
29|86,0,0,0,0,0,0,0,0,0,0,0,0,0,0,0,0,,,,
15|19,0,0,0,0,0,0,0,0,0,0,0,0,0,0,0,0,,,,
44|110,0,0,0,0,0,0,0,0,0,0,0,0,0,0,0,0,,,,
107|47,1,0,2,0,0,0,0,1,0,0,0,0,0,0,0,0,0|0#1|0#2|0#3|0#4|0#5|0#6|0#7|0#8|0#9|0#10|0#11|0#12|0,,0|0#1|0#2|0#3|0#4|0#5|0#6|0#7|0#8|0#9|0#10|0#11|0#12|0,
114|16,0,0,0,0,0,0,0,0,0,0,0,0,0,0,0,0,,,,
62|35,0,0,0,0,0,0,0,0,0,0,0,0,0,0,0,0,,,,
58|114,0,0,0,0,0,0,0,0,0,0,0,0,0,0,0,0,,,,
43|24,0,0,0,0,0,0,0,0,0,0,0,0,0,0,0,0,,,,
152|38,0,0,0,0,0,0,0,0,0,0,0,0,0,0,0,0,,,,
133|27,0,0,0,0,0,0,0,0,0,0,0,0,0,0,0,0,,,,
7|87,0,0,0,0,0,0,0,0,0,0,0,0,0,0,0,0,,,,
145|69,45,17,110,6,12,10,6,11,4,2,33,4,15,0,0,0,,,,
148|3,0,0,0,0,0,0,0,0,0,0,0,0,0,0,0,0,,,,
84|139,0,0,0,0,0,0,0,0,0,0,0,0,0,0,0,0,,,,
135|128,0,0,0,0,0,0,0,0,0,0,0,0,0,0,0,0,,,,
128|83,1,0,0,0,0,0,0,1,3,1,0,3,0,0,0,0,0|0#1|0#2|0#3|0#4|0#5|0#6|0#7|0#8|0#9|0#10|0#11|0#12|0,0|0#1|0#2|0#3|0#4|0#5|0#6|0#7|0#8|0#9|0#10|0#11|0#12|0,0|0#1|0#2|0#3|0#4|0#5|0#6|0#7|0#8|0#9|0#10|0#11|0#12|0,0|0#1|0#2|0#3|0#4|0#5|0#6|0#7|0#8|0#9|0#10|0#11|0#12|0
70|135,0,0,0,0,0,0,0,0,0,0,0,0,0,0,0,0,,,,
2|14,0,0,0,0,0,0,0,0,0,0,0,0,0,0,0,0,,,,
45|127,0,0,0,0,0,0,0,0,0,0,0,0,0,0,0,0,,,,
36|55,0,0,0,0,0,0,0,0,0,0,0,0,0,0,0,0,,,,
134|111,0,0,0,0,0,0,0,0,0,0,0,0,0,0,0,0,,,,
116|41,0,0,0,0,0,0,0,0,0,0,0,0,0,0,0,0,,,,
97|126,0,0,0,0,0,0,0,0,0,0,0,0,0,0,0,0,,,,
74|77,0,0,0,0,0,0,1,0,0,0,0,0,0,0,0,0,,,0|0#1|0#2|0#3|0#4|0#5|0#6|0#7|0#8|0#9|0#10|0#11|0#12|0,
147|94,0,0,0,0,0,0,0,0,0,0,0,0,0,0,0,0,,,,
55|66,0,0,0,0,0,0,0,0,0,0,0,0,0,0,0,0,,,,
24|13,0,0,0,0,0,0,0,0,0,0,0,0,0,0,0,0,,,,
119|89,1,1,1,0,0,1,0,2,29,1,0,0,0,0,0,0,0|0#1|0#2|0#3|0#4|0#5|0#6|0#7|0#8|0#9|0#10|0#11|0#12|0,,0|0#1|0#2|0#3|0#4|0#5|0#6|0#7|0#8|0#9|0#10|0#11|0#12|0,
83|122,0,0,0,0,0,0,0,0,0,0,0,0,0,0,0,0,,,,
38|80,0,0,0,0,0,0,0,0,0,0,0,0,0,0,0,0,,,,
142|21,0,0,0,0,0,0,0,0,0,0,0,0,0,0,0,0,,,,
90|40,0,0,0,0,0,0,0,0,0,0,0,0,0,0,0,0,,,,
81|46,0,0,0,1,0,0,0,0,1,0,0,1,0,0,0,0,0|0#1|0#2|0#3|0#4|0#5|0#6|0#7|0#8|0#9|0#10|0#11|0#12|0,0|0#1|0#2|0#3|0#4|0#5|0#6|0#7|0#8|0#9|0#10|0#11|0#12|0,0|0#1|0#2|0#3|0#4|0#5|0#6|0#7|0#8|0#9|0#10|0#11|0#12|0,0|0#1|0#2|0#3|0#4|0#5|0#6|0#7|0#8|0#9|0#10|0#11|0#12|0
