20|19,0,0,0,0,0,0,0,0,0,0,0,0,0,0,0,0,,,,
0|45,0,0,0,0,0,0,0,0,0,0,0,0,0,0,0,0,,,,
67|110,0,0,0,0,0,0,0,0,0,0,0,0,0,0,0,0,,,,
16|128,0,0,0,0,0,0,0,0,0,0,0,0,0,0,0,0,,,,
119|116,0,0,4,0,1,2,1,0,8,0,1,0,0,0,0,0,,,,
7|125,0,0,0,0,0,0,0,0,0,0,0,0,0,0,0,0,,,,
102|30,0,0,0,0,0,0,0,0,0,0,0,0,0,0,0,0,,,,
140|52,0,0,0,0,0,0,0,0,0,0,0,0,0,0,0,0,,,,
106|129,1,1,5,0,2,2,1,1,1,0,3,2,1,0,0,0,,,,
43|80,0,0,0,0,0,0,0,0,0,0,0,0,0,0,0,0,,,,
22|44,0,0,0,0,0,0,0,0,0,0,0,0,0,0,0,0,,,,
68|127,0,0,0,0,0,0,0,0,0,0,0,0,0,0,0,0,,,,
131|58,0,0,0,0,0,0,0,0,0,0,0,0,0,0,0,0,,,,
108|9,0,0,0,0,0,0,0,2,0,0,0,0,1,0,0,0,,,,
34|86,0,0,0,0,0,0,0,0,0,0,0,0,0,0,0,0,,,,
131|137,1,0,1,0,0,1,1,0,1,0,0,0,1,0,0,0,,,,
105|78,71,8,19,8,5,0,2,2,9,0,10,3,21,0,0,0,0|0#1|0#2|0#3|2#4|1#5|0#6|1#7|1#8|1#9|1#10|1#11|2#12|0,0|0#1|0#2|0#3|2#4|1#5|0#6|0#7|0#8|0#9|0#10|1#11|0#12|0,0|0#1|0#2|0#3|2#4|0#5|0#6|1#7|1#8|2#9|1#10|2#11|2#12|0,0|0#1|0#2|0#3|2#4|0#5|0#6|0#7|0#8|0#9|0#10|1#11|1#12|0
54|123,0,0,0,0,0,0,0,0,0,0,0,0,0,0,0,0,,,,
62|91,0,0,0,1,0,0,0,0,0,0,0,2,0,0,0,0,0|0#1|0#2|0#3|0#4|0#5|0#6|0#7|0#8|0#9|0#10|0#11|0#12|0,0|0#1|0#2|0#3|0#4|0#5|0#6|0#7|0#8|0#9|0#10|0#11|0#12|0,0|0#1|0#2|0#3|0#4|0#5|0#6|0#7|0#8|0#9|0#10|0#11|0#12|0,
133|83,0,4,6,5,0,0,1,1,0,0,1,4,0,0,0,0,0|0#1|0#2|0#3|0#4|0#5|0#6|0#7|0#8|0#9|0#10|0#11|1#12|0,0|0#1|0#2|0#3|0#4|0#5|0#6|0#7|0#8|0#9|0#10|0#11|0#12|0,0|0#1|0#2|0#3|0#4|0#5|0#6|0#7|0#8|0#9|0#10|0#11|1#12|0,0|0#1|0#2|0#3|0#4|0#5|0#6|0#7|0#8|0#9|0#10|0#11|0#12|0
130|120,0,2,4,2,0,1,0,1,1,0,1,3,2,0,0,0,,,,
124|89,0,0,0,0,0,0,0,0,0,0,0,0,0,0,0,0,0|0#1|0#2|0#3|0#4|0#5|0#6|0#7|0#8|0#9|0#10|0#11|0#12|0,,0|0#1|0#2|0#3|0#4|0#5|0#6|0#7|0#8|0#9|0#10|0#11|0#12|0,
2|70,0,0,0,0,0,0,0,0,0,0,0,0,0,0,0,0,,,,
41|136,0,0,0,0,0,0,0,0,0,0,0,0,0,0,0,0,,,,
105|112,0,0,0,0,0,0,0,0,0,0,0,0,0,0,0,0,,,,
152|94,0,0,0,0,0,0,0,0,0,0,0,0,0,0,0,0,,,,
99|18,0,0,0,0,0,0,0,0,0,0,0,0,0,0,0,0,,,,
15|75,0,0,0,0,0,0,0,0,0,0,0,0,0,0,0,0,,,,
150|69,0,0,0,0,0,0,0,0,0,0,0,2,0,0,0,0,,,,
29|115,0,0,0,0,0,0,0,0,0,0,0,0,0,0,0,0,,,,
134|7,0,0,0,0,0,0,0,0,0,0,0,0,0,0,0,0,,,,
114|72,0,0,2,0,0,0,0,0,1,0,0,0,0,0,0,0,0|0#1|0#2|0#3|0#4|0#5|0#6|0#7|0#8|0#9|0#10|0#11|0#12|0,0|0#1|0#2|0#3|0#4|0#5|0#6|0#7|0#8|0#9|0#10|0#11|0#12|0,0|0#1|0#2|0#3|0#4|0#5|0#6|0#7|0#8|1#9|0#10|0#11|0#12|0,0|0#1|0#2|0#3|0#4|0#5|0#6|0#7|0#8|0#9|0#10|0#11|0#12|0
15|111,0,0,0,0,0,0,0,0,0,0,0,0,0,0,0,0,,,,
121|41,0,0,0,0,0,0,0,0,0,0,0,0,0,0,0,0,0|0#1|0#2|0#3|0#4|0#5|0#6|0#7|0#8|0#9|0#10|0#11|0#12|0,,0|0#1|0#2|0#3|0#4|0#5|0#6|0#7|0#8|0#9|0#10|0#11|0#12|0,
60|66,0,0,0,0,0,0,0,0,0,0,0,0,0,0,0,0,,,,
41|55,0,0,0,0,0,0,0,0,0,0,0,0,0,0,0,0,,,,
53|97,0,0,0,0,0,0,0,1,0,0,0,0,0,1,0,0,,0|0#1|0#2|0#3|0#4|0#5|0#6|0#7|0#8|0#9|0#10|0#11|0#12|0,,0|0#1|0#2|0#3|0#4|0#5|0#6|0#7|0#8|0#9|0#10|0#11|0#12|0
144|124,0,0,0,0,0,0,0,0,0,0,0,0,0,0,0,0,,,,
112|47,0,0,0,0,0,0,0,0,0,0,0,5,1,0,0,0,0|0#1|0#2|0#3|0#4|0#5|0#6|0#7|0#8|0#9|0#10|0#11|0#12|0,0|0#1|0#2|0#3|0#4|0#5|0#6|0#7|0#8|0#9|0#10|0#11|0#12|0,0|0#1|0#2|0#3|0#4|0#5|0#6|0#7|0#8|0#9|0#10|0#11|0#12|0,0|0#1|0#2|0#3|0#4|0#5|0#6|0#7|0#8|0#9|0#10|0#11|0#12|0
30|0,0,0,0,0,0,0,0,0,0,0,0,0,0,0,0,0,,,,
93|135,0,0,0,0,0,0,0,0,0,0,0,0,0,0,0,0,,,,
