38|133,0,0,0,0,0,0,0,0,0,0,0,0,0,0,0,0,,,,
85|29,0,2,0,0,0,0,0,0,0,0,0,0,0,0,0,0,,,,
87|54,13,7,19,6,1,7,1,5,0,0,2,16,1,0,0,0,0|0#1|0#2|0#3|3#4|2#5|2#6|2#7|2#8|2#9|2#10|2#11|2#12|0,0|0#1|0#2|0#3|2#4|2#5|2#6|2#7|1#8|1#9|1#10|2#11|1#12|0,0|0#1|0#2|0#3|3#4|2#5|2#6|2#7|2#8|2#9|2#10|2#11|2#12|0,0|0#1|0#2|0#3|2#4|2#5|2#6|1#7|0#8|1#9|1#10|1#11|1#12|0
94|23,0,1,0,0,0,0,0,1,2,0,0,0,0,0,0,0,0|0#1|0#2|0#3|0#4|0#5|0#6|0#7|0#8|0#9|0#10|0#11|0#12|0,0|0#1|0#2|0#3|0#4|0#5|0#6|0#7|0#8|0#9|0#10|0#11|0#12|0,0|0#1|0#2|0#3|0#4|0#5|0#6|0#7|0#8|0#9|0#10|0#11|0#12|0,0|0#1|0#2|0#3|0#4|0#5|0#6|0#7|0#8|0#9|0#10|0#11|0#12|0
114|130,0,0,0,0,0,0,0,0,0,0,0,0,0,0,0,0,,,,
59|49,3,1,7,3,1,1,2,1,2,0,2,6,0,0,0,0,,,,
139|35,0,0,0,0,0,0,0,0,0,0,0,0,0,0,0,0,,,,
99|96,0,0,0,0,0,0,0,0,0,0,0,0,0,0,0,0,,,,
20|97,0,0,0,0,0,0,0,0,0,0,0,0,0,0,0,0,,,,
11|142,0,0,0,0,0,0,0,0,0,0,0,0,0,0,0,0,,,,
66|18,0,0,0,0,0,0,0,0,0,0,0,0,0,0,0,0,,,,
63|141,0,0,0,0,0,0,0,0,0,0,0,0,0,0,0,0,,,,
100|83,0,0,0,0,0,0,0,0,0,0,0,0,1,0,0,0,,,,
77|145,0,0,0,0,0,0,0,0,0,0,0,0,0,0,0,0,,,,
119|1,0,0,0,0,0,0,0,0,0,0,0,0,0,0,0,0,,,,
128|134,0,0,0,0,0,0,0,0,0,0,0,0,0,0,0,0,,,,
8|22,0,0,0,0,0,0,0,0,0,0,0,0,0,0,0,0,,,,
10|80,0,0,0,0,0,0,0,0,0,0,0,0,0,0,0,0,,,,
49|32,0,0,0,0,0,0,0,0,0,0,0,0,0,0,0,0,,,,
86|4,0,0,0,0,0,0,0,0,0,0,0,0,0,0,0,0,,,,
68|43,0,0,0,0,0,0,0,1,0,0,0,0,0,0,0,0,,,,
101|143,0,0,0,0,0,0,0,0,0,0,0,0,0,0,0,0,,,,
25|146,0,0,0,0,0,0,0,0,0,0,0,0,0,0,0,0,,,,
75|12,0,0,0,0,0,0,0,0,0,0,0,0,0,0,0,0,,,,
115|147,0,0,0,0,0,0,0,0,1,0,1,1,0,0,0,0,,,,
