64|26,0,0,0,0,0,0,0,0,0,0,0,0,0,0,0,0,,,,
69|99,0,0,0,0,0,0,0,0,0,0,0,1,0,0,0,0,,,,
45|15,0,0,0,0,0,0,0,0,0,0,0,0,0,0,0,0,,,,
83|37,0,0,0,0,0,0,0,0,0,0,0,1,0,0,0,0,0|0#1|0#2|0#3|0#4|0#5|0#6|0#7|0#8|0#9|0#10|0#11|0#12|0,,0|0#1|0#2|0#3|0#4|0#5|0#6|0#7|0#8|0#9|0#10|0#11|0#12|0,
19|35,0,0,0,0,0,0,0,0,0,0,0,0,0,0,0,0,,,,
135|18,0,0,0,0,0,0,0,0,1,0,0,0,0,0,0,0,,,,
9|78,0,0,0,0,0,0,0,0,0,0,0,0,0,0,0,0,,,,
6|30,0,0,0,0,0,0,0,0,0,0,0,0,0,0,0,0,,,,
73|20,0,0,0,0,0,0,0,0,0,0,0,0,0,0,0,0,,,,
38|46,0,0,0,0,0,0,0,0,0,0,0,0,0,0,0,0,,,,
60|144,0,0,0,0,0,0,0,0,0,0,0,0,0,0,0,0,,,,
78|93,0,0,0,0,0,0,1,0,0,0,0,1,0,0,0,0,,,,
57|57,0,0,0,0,0,0,0,1,0,0,0,0,0,0,1,0,0|0#1|0#2|0#3|0#4|0#5|0#6|0#7|0#8|0#9|0#10|0#11|0#12|0,0|0#1|0#2|0#3|0#4|0#5|0#6|0#7|0#8|0#9|0#10|0#11|0#12|0,0|0#1|0#2|0#3|0#4|0#5|0#6|0#7|0#8|0#9|0#10|0#11|0#12|0,0|0#1|0#2|0#3|0#4|0#5|0#6|0#7|0#8|0#9|0#10|0#11|0#12|0
124|120,0,0,0,0,0,0,0,0,0,0,0,1,0,0,0,0,,,,
107|7,0,0,0,0,0,0,0,0,0,0,0,0,0,0,0,0,,,,
125|137,0,0,0,0,0,0,0,0,0,0,0,0,0,0,0,0,,,,
149|85,0,0,0,0,0,0,0,0,1,0,0,0,0,0,0,0,0|0#1|0#2|0#3|0#4|0#5|0#6|0#7|0#8|0#9|0#10|0#11|0#12|0,,0|0#1|0#2|0#3|0#4|0#5|0#6|0#7|0#8|0#9|0#10|0#11|0#12|0,
21|132,0,0,0,0,0,0,0,0,0,0,0,0,0,0,0,0,,,,
76|68,31,14,29,13,0,7,2,5,1,0,8,3,3,0,0,0,0|0#1|0#2|0#3|2#4|0#5|1#6|1#7|1#8|1#9|1#10|1#11|1#12|0,0|0#1|0#2|0#3|0#4|0#5|0#6|0#7|0#8|0#9|0#10|0#11|0#12|0,0|0#1|0#2|0#3|0#4|0#5|2#6|1#7|1#8|0#9|1#10|1#11|1#12|0,0|0#1|0#2|0#3|0#4|0#5|1#6|0#7|0#8|0#9|0#10|0#11|0#12|0
111|133,0,0,0,0,0,0,0,0,0,0,0,2,0,0,0,0,,,,
109|38,0,0,0,0,0,0,0,0,0,0,0,0,0,0,0,0,,,,
118|32,0,0,0,0,0,0,0,0,0,0,0,0,0,0,0,0,,,,
35|136,0,0,0,0,0,0,0,0,0,0,0,0,0,0,0,0,,,,
92|31,0,0,0,0,0,0,0,0,0,0,0,0,0,0,0,0,,,,
137|43,0,0,0,0,0,0,0,0,0,0,0,0,0,0,0,0,0|0#1|0#2|0#3|0#4|0#5|0#6|0#7|0#8|0#9|0#10|0#11|0#12|0,0|0#1|0#2|0#3|0#4|0#5|0#6|0#7|0#8|0#9|0#10|0#11|0#12|0,0|0#1|0#2|0#3|0#4|0#5|0#6|0#7|0#8|0#9|0#10|0#11|0#12|0,0|0#1|0#2|0#3|0#4|0#5|0#6|0#7|0#8|0#9|0#10|0#11|0#12|0
95|79,0,2,1,0,0,0,0,0,0,0,0,5,2,0,0,0,0|0#1|0#2|0#3|0#4|0#5|0#6|0#7|0#8|0#9|0#10|0#11|1#12|0,0|0#1|0#2|0#3|1#4|0#5|0#6|0#7|0#8|0#9|0#10|0#11|0#12|0,0|0#1|0#2|0#3|1#4|0#5|0#6|0#7|0#8|0#9|0#10|1#11|0#12|0,0|0#1|0#2|0#3|0#4|0#5|0#6|0#7|0#8|0#9|0#10|0#11|0#12|0
47|40,0,0,0,0,0,0,0,0,0,0,0,0,0,0,0,0,,,,
59|82,0,0,0,0,0,0,0,2,1,0,0,0,0,0,0,0,,,,
133|5,0,0,0,0,0,0,0,0,0,0,0,0,0,0,0,0,,,,
144|12,0,0,0,0,0,0,0,0,0,0,0,0,0,0,0,0,,,,
128|49,0,0,0,0,0,0,0,0,0,0,0,0,0,0,0,0,,,,
138|124,0,0,0,0,0,0,0,0,0,0,0,0,0,0,0,0,,,,
150|145,0,0,0,0,0,0,0,0,0,0,0,0,0,0,0,0,,,,
48|123,0,0,0,0,0,0,0,0,0,0,0,0,0,0,0,0,,,,
66|51,0,0,0,0,0,0,0,0,0,0,0,0,0,0,0,0,,,,
87|135,0,0,0,0,0,0,0,0,0,0,0,0,0,0,0,0,,,,
73|131,0,0,0,0,0,0,0,0,0,0,0,0,0,0,0,0,,,,
85|62,0,0,0,0,0,0,0,0,0,0,0,0,0,0,0,0,0|0#1|0#2|0#3|1#4|0#5|0#6|0#7|0#8|0#9|0#10|0#11|0#12|0,0|0#1|0#2|0#3|0#4|0#5|0#6|0#7|0#8|0#9|0#10|0#11|0#12|0,0|0#1|0#2|0#3|0#4|0#5|0#6|0#7|0#8|0#9|0#10|0#11|0#12|0,0|0#1|0#2|0#3|0#4|0#5|0#6|0#7|0#8|0#9|0#10|0#11|0#12|0
