68|126,0,0,0,0,0,0,0,0,0,0,0,0,0,0,0,0,,,,
62|90,0,0,0,1,0,0,0,0,0,0,0,1,1,0,0,0,0|0#1|0#2|0#3|0#4|0#5|0#6|0#7|0#8|0#9|0#10|0#11|0#12|0,,0|0#1|0#2|0#3|0#4|0#5|0#6|0#7|0#8|0#9|0#10|0#11|0#12|0,
0|44,0,0,0,0,0,0,0,0,0,0,0,0,0,0,0,0,,,,
105|111,0,0,0,0,0,0,0,0,0,0,0,0,0,0,0,0,,,,
131|57,0,0,0,0,0,0,1,0,0,0,0,0,0,0,0,0,,,,
134|6,0,0,0,0,0,0,0,0,0,0,0,0,0,0,0,0,,,,
112|46,2,0,1,0,0,2,0,1,0,0,0,8,2,0,0,0,0|0#1|0#2|0#3|0#4|0#5|0#6|0#7|0#8|0#9|0#10|0#11|0#12|0,,0|0#1|0#2|0#3|0#4|0#5|0#6|0#7|0#8|0#9|0#10|0#11|0#12|0,
119|115,5,0,9,0,2,0,1,0,2,0,5,0,2,0,0,0,,,,
60|65,0,0,1,0,2,3,0,0,1,0,2,1,0,0,0,0,,,,
114|71,0,0,0,0,0,0,0,0,1,0,0,0,0,0,0,0,,,,
54|122,0,0,0,0,0,0,0,0,0,0,0,0,0,0,0,0,,,,
108|8,0,0,0,0,0,1,0,1,0,0,0,0,0,0,0,0,,,,
99|17,5,0,3,0,0,0,0,0,0,0,0,7,2,0,0,0,,,,
152|93,0,0,0,0,0,0,0,0,0,0,0,0,0,0,0,0,,,,
105|77,12,1,4,1,0,0,1,3,1,0,0,0,4,0,0,0,0|0#1|0#2|0#3|2#4|0#5|0#6|2#7|1#8|1#9|1#10|0#11|2#12|0,0|0#1|0#2|0#3|1#4|0#5|0#6|0#7|0#8|0#9|0#10|0#11|0#12|0,0|0#1|0#2|0#3|1#4|0#5|1#6|2#7|1#8|1#9|0#10|2#11|1#12|0,0|0#1|0#2|0#3|0#4|0#5|0#6|0#7|0#8|0#9|0#10|0#11|0#12|0
150|68,0,0,0,0,0,0,0,0,0,0,0,0,0,0,0,0,0|0#1|0#2|0#3|0#4|0#5|0#6|0#7|0#8|0#9|0#10|0#11|0#12|0,0|0#1|0#2|0#3|0#4|0#5|0#6|0#7|0#8|0#9|0#10|0#11|0#12|0,0|0#1|0#2|0#3|0#4|0#5|0#6|0#7|0#8|0#9|0#10|0#11|0#12|0,0|0#1|0#2|0#3|0#4|0#5|0#6|0#7|0#8|0#9|0#10|0#11|0#12|0
34|85,0,0,0,0,0,0,0,0,0,0,0,0,0,0,0,0,,,,
80|147,0,0,0,0,0,0,0,0,0,0,0,0,0,0,0,0,,,,
140|51,0,0,0,0,0,0,0,0,0,0,0,0,0,0,0,0,,,,
41|54,0,0,0,0,0,0,0,0,0,0,0,0,0,0,0,0,,,,
143|99,0,0,0,0,0,0,0,0,0,0,0,0,0,0,0,0,,,,
15|110,0,0,0,0,0,0,0,0,0,0,0,0,0,0,0,0,,,,
53|96,0,0,0,0,0,0,1,1,0,0,0,0,0,0,0,0,,,,
13|49,0,0,0,0,0,0,0,0,0,0,0,0,0,0,0,0,,,,
106|128,0,0,0,0,0,0,0,0,0,0,0,0,0,0,0,0,,,,
93|134,0,0,0,0,0,0,0,0,0,0,0,0,0,0,0,0,,,,
7|124,0,0,0,0,0,0,0,0,0,0,0,0,0,0,0,0,,,,
20|18,0,0,0,0,0,0,0,0,0,0,0,0,0,0,0,0,,,,
29|114,0,0,0,0,0,0,0,0,0,0,0,0,0,0,0,0,,,,
55|139,0,0,0,0,0,0,0,0,0,0,0,0,0,0,0,0,,,,
121|40,0,0,0,0,0,0,0,0,0,0,0,0,0,0,0,0,0|0#1|0#2|0#3|0#4|0#5|0#6|0#7|0#8|0#9|0#10|0#11|0#12|0,,0|0#1|0#2|0#3|0#4|0#5|0#6|0#7|0#8|0#9|0#10|0#11|0#12|0,
41|135,0,0,0,0,0,0,0,0,0,0,0,0,0,0,0,0,,,,
124|88,0,0,0,0,0,0,0,0,0,0,0,0,0,0,0,0,,,,
144|123,0,0,0,0,0,0,0,0,0,0,0,0,0,0,0,0,,,,
16|127,0,0,0,0,0,0,0,0,0,0,0,0,0,0,0,0,,,,
131|136,0,0,0,0,0,0,0,0,0,0,0,0,0,0,0,0,,,,
15|74,0,0,0,0,0,0,0,0,0,0,0,0,0,0,0,0,,,,
22|43,0,0,0,0,0,0,0,0,0,0,0,0,0,0,0,0,,,,
133|82,0,0,0,0,0,0,0,0,0,0,0,9,0,0,0,0,0|0#1|0#2|0#3|0#4|0#5|0#6|0#7|0#8|0#9|0#10|0#11|0#12|0,,,
