114|12,0,0,0,0,0,0,0,0,0,0,0,0,0,0,0,0,,,,
133|23,0,0,0,0,0,0,0,0,0,0,0,0,0,0,0,0,,,,
89|4,0,0,0,0,0,0,0,0,0,0,0,0,0,0,0,0,,,,
43|20,0,0,0,0,0,0,0,0,0,0,0,0,0,0,0,0,,,,
93|84,0,0,1,0,0,0,0,1,0,0,0,9,1,0,0,0,0|0#1|0#2|0#3|0#4|0#5|0#6|0#7|0#8|0#9|0#10|0#11|0#12|0,0|0#1|0#2|0#3|0#4|0#5|0#6|0#7|0#8|0#9|0#10|0#11|0#12|0,0|0#1|0#2|0#3|0#4|0#5|0#6|0#7|0#8|0#9|0#10|0#11|0#12|0,0|0#1|0#2|0#3|0#4|0#5|0#6|0#7|0#8|0#9|0#10|0#11|0#12|0
105|18,0,0,0,0,0,0,0,0,0,0,0,0,0,0,0,0,,,,
148|111,1,0,2,0,0,1,0,0,0,0,1,0,0,0,0,0,,,,
29|82,0,0,0,0,0,0,0,0,0,0,0,0,0,0,0,0,,,,
152|34,0,0,0,0,0,0,0,0,0,0,0,0,0,0,0,0,,,,
17|40,0,0,0,0,0,0,0,0,0,0,0,0,0,0,0,0,,,,
36|51,0,0,0,0,0,0,0,0,0,0,0,0,0,0,0,0,,,,
91|59,17,9,12,16,6,2,3,3,10,17,5,180,11,0,0,0,0|0#1|0#2|0#3|4#4|4#5|4#6|4#7|4#8|4#9|4#10|4#11|4#12|0,0|0#1|0#2|0#3|4#4|4#5|4#6|4#7|4#8|4#9|4#10|4#11|4#12|0,0|0#1|0#2|0#3|4#4|4#5|4#6|4#7|4#8|4#9|4#10|4#11|4#12|0,0|0#1|0#2|0#3|4#4|4#5|4#6|4#7|4#8|4#9|4#10|4#11|4#12|0
34|26,0,0,0,0,0,0,0,1,1,0,0,0,0,0,0,0,,0|0#1|0#2|0#3|0#4|0#5|0#6|0#7|0#8|0#9|0#10|0#11|0#12|0,,0|0#1|0#2|0#3|0#4|0#5|0#6|0#7|0#8|0#9|0#10|0#11|0#12|0
15|15,0,0,0,0,0,0,0,0,0,0,0,0,0,0,0,0,,,,
55|62,0,0,0,0,0,0,0,3,0,0,0,0,0,0,0,0,,,,
45|123,0,0,0,0,0,0,0,0,0,0,0,0,0,0,0,0,,,,
135|124,0,0,0,0,0,0,0,0,0,0,0,0,0,0,0,0,,,,
27|57,0,0,0,0,0,0,0,0,0,0,0,0,0,0,0,0,,,,
138|96,0,0,0,0,0,0,0,0,1,0,0,0,0,0,0,0,,,,
149|128,0,0,0,0,0,0,0,0,0,0,0,0,0,0,0,0,,,,
119|85,0,0,0,0,0,0,0,0,0,0,0,18,0,0,0,0,0|0#1|0#2|0#3|0#4|0#5|0#6|0#7|0#8|0#9|0#10|0#11|0#12|0,0|0#1|0#2|0#3|0#4|0#5|0#6|0#7|0#8|0#9|0#10|0#11|0#12|0,0|0#1|0#2|0#3|0#4|0#5|0#6|0#7|0#8|0#9|0#10|0#11|0#12|0,
70|131,0,0,0,0,0,0,0,0,0,0,0,0,0,0,0,0,,,,
7|83,0,0,0,0,0,0,0,0,0,0,0,0,0,0,0,0,,,,
58|110,0,0,0,0,0,0,0,1,0,0,0,0,0,0,0,0,,,,
72|48,0,0,0,0,0,0,0,0,0,0,0,0,0,0,0,0,,,,
32|136,0,0,0,0,0,0,0,0,0,0,0,0,0,0,0,0,,,,
145|65,0,0,0,0,0,0,0,0,0,0,0,0,0,0,0,0,0|0#1|0#2|0#3|0#4|0#5|0#6|0#7|0#8|0#9|0#10|0#11|0#12|0,0|0#1|0#2|0#3|0#4|0#5|0#6|0#7|0#8|0#9|0#10|0#11|0#12|0,0|0#1|0#2|0#3|0#4|0#5|0#6|0#7|0#8|0#9|0#10|0#11|0#12|0,0|0#1|0#2|0#3|0#4|0#5|0#6|0#7|0#8|0#9|0#10|0#11|0#12|0
39|99,0,0,0,0,0,0,0,0,0,0,0,0,0,0,0,0,,,,
74|73,0,0,0,0,0,0,0,0,0,0,0,0,0,0,0,0,,,,
62|31,0,0,0,0,0,0,0,0,1,0,0,0,0,0,0,0,,,,
53|37,0,0,0,0,0,0,0,0,0,0,0,0,0,0,0,0,,,,
2|10,0,0,0,0,0,0,0,0,0,0,0,0,0,0,0,0,,,,
121|8,0,0,0,0,1,1,1,0,5,0,2,0,0,0,0,0,,,,
147|90,0,0,0,0,0,0,0,0,0,0,0,0,0,0,0,0,,,,
124|29,0,0,0,0,0,0,0,0,0,0,0,0,0,0,0,0,,,,
121|120,0,0,0,0,0,0,0,0,0,0,0,1,0,0,0,0,,,,
5|58,0,0,0,0,0,0,0,0,0,0,0,0,0,0,0,0,,,,
81|42,2,1,0,1,0,2,0,1,4,0,1,4,1,0,0,0,0|0#1|0#2|0#3|0#4|0#5|0#6|0#7|0#8|0#9|0#10|0#11|0#12|0,0|0#1|0#2|0#3|0#4|0#5|0#6|0#7|0#8|0#9|0#10|0#11|0#12|0,0|0#1|0#2|0#3|0#4|0#5|0#6|0#7|0#8|0#9|0#10|1#11|0#12|0,0|0#1|0#2|0#3|0#4|0#5|0#6|0#7|0#8|0#9|0#10|0#11|0#12|0
97|122,0,0,0,0,0,0,0,0,0,0,0,0,0,0,0,0,,,,
98|139,0,0,0,0,0,0,0,0,0,0,0,0,0,0,0,0,,,,
46|68,0,0,0,0,0,0,0,0,0,0,0,0,0,0,0,0,,,,
126|54,0,0,0,0,0,0,0,0,0,0,0,0,0,0,0,0,,,,
122|137,0,0,0,0,0,0,0,0,0,0,0,0,0,0,0,0,,,,
48|93,0,0,0,0,0,0,0,0,0,0,0,0,0,0,0,0,,,,
84|135,0,0,0,0,0,0,0,0,0,0,0,0,0,0,0,0,,,,
107|43,0,0,0,0,0,0,0,0,0,0,0,0,0,0,0,0,0|0#1|0#2|0#3|0#4|0#5|0#6|0#7|0#8|0#9|0#10|0#11|0#12|0,0|0#1|0#2|0#3|0#4|0#5|0#6|0#7|0#8|0#9|0#10|0#11|0#12|0,0|0#1|0#2|0#3|0#4|0#5|0#6|0#7|0#8|0#9|0#10|0#11|0#12|0,
65|79,0,0,0,0,0,0,0,0,0,0,0,0,0,0,0,0,,,,
59|127,0,0,0,0,0,0,0,0,0,0,0,0,0,0,0,0,,,,
