110|46,1,0,0,0,0,0,0,0,0,0,0,0,0,0,0,0,0|0#1|0#2|0#3|0#4|0#5|0#6|0#7|0#8|0#9|0#10|0#11|0#12|0,,0|0#1|0#2|0#3|0#4|0#5|0#6|0#7|0#8|0#9|0#10|0#11|0#12|0,
141|118,0,0,0,0,0,0,0,0,0,0,0,0,0,0,0,0,,,,
13|74,0,0,0,0,0,0,0,0,0,0,0,0,0,0,0,0,,,,
20|43,0,0,0,0,0,0,0,0,0,0,0,0,0,0,0,0,,,,
4|119,0,0,0,0,0,0,0,0,0,0,0,0,0,0,0,0,,,,
11|49,0,0,0,0,0,0,0,0,0,0,0,0,0,0,0,0,,,,
51|96,0,0,0,0,0,0,0,0,1,0,0,0,0,0,0,0,,,,
150|93,0,0,0,0,0,0,0,0,0,0,0,0,0,0,0,0,,,,
51|117,0,0,0,0,0,0,0,0,0,0,0,0,0,0,0,0,,,,
102|106,0,0,0,0,0,0,0,0,0,0,0,0,0,0,0,0,,,,
140|101,0,0,0,0,0,0,0,0,0,0,0,0,0,0,0,0,,,,
141|99,0,0,0,0,0,0,0,0,0,0,0,0,0,0,0,0,,,,
12|105,0,0,0,0,0,0,0,0,0,0,0,0,0,0,0,0,,,,
3|102,0,0,0,0,0,0,0,0,0,0,0,0,0,0,0,0,,,,
122|88,0,0,0,0,0,1,0,1,1,0,0,1,0,0,0,0,0|0#1|0#2|0#3|0#4|0#5|0#6|0#7|0#8|0#9|0#10|0#11|0#12|0,,0|0#1|0#2|0#3|0#4|0#5|0#6|0#7|0#8|0#9|0#10|0#11|0#12|0,
90|129,0,0,3,0,1,2,1,1,5,0,0,0,1,0,0,0,,,,
119|140,0,0,0,0,0,0,1,0,0,0,0,0,0,0,0,0,,,,
26|109,0,0,0,0,0,0,0,0,0,0,0,0,0,0,0,0,,,,
112|71,34,3,56,6,0,7,5,7,3,0,20,4,18,0,0,0,0|0#1|0#2|0#3|3#4|2#5|0#6|0#7|0#8|0#9|1#10|1#11|0#12|0,0|0#1|0#2|0#3|2#4|1#5|0#6|0#7|1#8|1#9|0#10|1#11|1#12|0,0|0#1|0#2|0#3|2#4|0#5|0#6|0#7|0#8|0#9|1#10|0#11|0#12|0,0|0#1|0#2|0#3|2#4|0#5|0#6|0#7|1#8|1#9|0#10|1#11|1#12|0
131|82,0,0,0,0,0,0,0,0,0,0,0,0,0,0,0,0,0|0#1|0#2|0#3|0#4|0#5|0#6|0#7|0#8|0#9|0#10|0#11|0#12|0,0|0#1|0#2|0#3|0#4|0#5|0#6|0#7|0#8|0#9|0#10|0#11|0#12|0,0|0#1|0#2|0#3|0#4|0#5|0#6|0#7|0#8|0#9|0#10|0#11|0#12|0,0|0#1|0#2|0#3|0#4|0#5|0#6|0#7|0#8|0#9|0#10|0#11|0#12|0
140|4,0,0,0,0,0,0,0,0,0,0,0,0,0,0,0,0,,,,
32|85,0,0,0,0,0,0,0,0,0,0,0,0,0,0,0,0,,,,
64|104,0,0,0,0,0,0,0,0,1,0,0,0,0,0,0,0,,,,
81|9,1,2,2,0,0,0,0,1,0,0,0,2,0,0,0,0,,,,
97|17,0,0,3,0,0,0,1,0,0,0,0,0,0,0,0,0,,,,
78|108,2,2,3,0,0,1,2,0,2,1,1,0,1,0,0,0,,,,
99|42,0,2,0,0,0,0,0,0,0,0,0,0,0,0,0,0,0|0#1|0#2|0#3|1#4|0#5|1#6|0#7|0#8|0#9|1#10|0#11|1#12|0,0|0#1|0#2|0#3|0#4|0#5|0#6|0#7|0#8|0#9|0#10|0#11|0#12|0,0|0#1|0#2|0#3|0#4|1#5|0#6|0#7|0#8|0#9|0#10|0#11|1#12|0,0|0#1|0#2|0#3|0#4|0#5|0#6|0#7|0#8|0#9|0#10|0#11|0#12|0
50|100,0,0,0,0,0,0,0,0,0,0,0,0,0,0,0,0,,,,
103|77,0,0,0,0,0,0,0,0,0,0,0,0,4,0,0,0,0|0#1|0#2|0#3|0#4|0#5|0#6|0#7|0#8|0#9|0#10|0#11|0#12|0,0|0#1|0#2|0#3|0#4|2#5|2#6|0#7|0#8|0#9|0#10|0#11|0#12|0,0|0#1|0#2|0#3|0#4|0#5|0#6|0#7|0#8|0#9|0#10|0#11|0#12|0,0|0#1|0#2|0#3|0#4|2#5|0#6|0#7|0#8|0#9|0#10|0#11|0#12|0
60|90,1,2,1,0,0,1,1,1,2,1,1,0,0,0,0,0,,,,
114|6,0,0,0,0,0,0,0,0,0,0,0,0,0,0,0,0,,,,
