20|133,0,0,0,0,0,0,0,0,0,0,0,0,0,0,0,0,,,,
94|74,13,4,11,1,0,2,1,2,0,0,20,4,1,0,0,0,0|0#1|0#2|0#3|4#4|3#5|2#6|2#7|2#8|2#9|2#10|2#11|3#12|0,0|0#1|0#2|0#3|4#4|2#5|1#6|2#7|0#8|1#9|2#10|1#11|1#12|0,0|0#1|0#2|0#3|4#4|2#5|2#6|2#7|2#8|2#9|2#10|2#11|3#12|0,0|0#1|0#2|0#3|4#4|2#5|1#6|2#7|0#8|1#9|2#10|1#11|2#12|0
110|134,0,0,0,0,0,0,0,0,0,0,0,0,0,0,0,0,,,,
124|138,0,0,0,0,0,0,0,0,0,0,0,0,0,0,0,0,,,,
28|47,0,0,0,0,0,0,0,0,0,0,0,0,0,0,0,0,,,,
134|13,0,0,0,0,0,0,0,0,0,0,0,0,0,0,0,0,,,,
34|137,0,0,0,0,0,0,0,0,0,0,0,0,0,0,0,0,,,,
8|73,0,0,0,0,0,0,0,0,0,0,0,0,0,0,0,0,,,,
139|86,0,0,0,0,0,0,0,0,0,0,0,0,0,0,0,0,,,,
38|7,0,0,0,0,0,0,0,4,0,0,0,0,0,0,0,0,,,,
37|41,0,0,0,0,0,0,0,0,0,0,0,1,0,0,0,0,,,,0|0#1|0#2|0#3|0#4|0#5|0#6|0#7|0#8|0#9|0#10|0#11|0#12|0
123|121,2,0,4,0,5,2,1,0,7,0,5,3,1,0,0,0,,,,
47|58,0,0,0,0,0,0,0,0,0,0,0,0,0,0,0,0,,,,
86|136,0,0,0,0,0,0,0,1,0,0,0,0,0,0,0,0,,,,
56|52,0,0,0,0,0,0,0,0,0,0,0,0,0,0,0,0,,,,
64|5,0,0,0,0,0,0,0,1,0,0,1,1,0,0,0,0,,,,
148|80,6,2,23,0,3,0,1,3,1,0,8,1,0,0,0,0,,,,
125|19,0,0,0,0,0,0,0,0,0,0,0,0,0,0,0,0,,,,
44|10,0,0,0,0,0,0,0,0,0,0,0,0,0,0,0,0,,,,
72|132,0,0,0,0,0,0,0,0,0,0,0,0,0,0,0,0,,,,
6|48,0,0,0,0,0,0,0,0,0,0,0,0,0,0,0,0,,,,
35|16,0,0,0,0,0,0,0,0,0,0,0,0,0,0,0,0,,,,
75|63,0,0,0,0,0,0,0,0,1,0,2,35,0,0,0,0,0|0#1|0#2|0#3|2#4|1#5|0#6|0#7|0#8|0#9|0#10|0#11|0#12|0,0|0#1|0#2|0#3|0#4|0#5|0#6|0#7|0#8|0#9|0#10|0#11|0#12|0,0|0#1|0#2|0#3|1#4|0#5|0#6|0#7|0#8|0#9|0#10|0#11|0#12|0,0|0#1|0#2|0#3|0#4|0#5|0#6|0#7|0#8|0#9|0#10|0#11|0#12|0
73|38,0,0,0,0,0,0,0,1,0,0,1,38,0,0,0,0,0|0#1|0#2|0#3|0#4|0#5|0#6|0#7|0#8|0#9|0#10|0#11|0#12|0,,0|0#1|0#2|0#3|0#4|0#5|0#6|0#7|0#8|0#9|0#10|0#11|0#12|0,
99|123,0,0,0,0,0,0,0,0,0,0,0,0,0,0,0,0,,,,
82|32,1,1,0,0,0,1,0,2,0,0,1,2,0,0,0,0,0|0#1|0#2|0#3|0#4|0#5|0#6|0#7|0#8|0#9|0#10|0#11|0#12|0,0|0#1|0#2|0#3|0#4|0#5|0#6|0#7|0#8|0#9|0#10|0#11|0#12|0,0|0#1|0#2|0#3|0#4|0#5|0#6|0#7|0#8|0#9|0#10|0#11|0#12|0,0|0#1|0#2|0#3|0#4|0#5|0#6|0#7|0#8|0#9|0#10|0#11|0#12|0
90|3,0,0,0,0,0,0,0,0,0,0,0,0,0,0,0,0,,,,
92|49,0,3,0,0,0,0,0,1,0,0,0,5,1,0,0,0,0|0#1|0#2|0#3|4#4|3#5|2#6|2#7|1#8|2#9|2#10|2#11|2#12|0,0|0#1|0#2|0#3|3#4|2#5|1#6|2#7|1#8|1#9|2#10|2#11|2#12|0,0|0#1|0#2|0#3|4#4|2#5|2#6|2#7|1#8|2#9|2#10|2#11|2#12|0,0|0#1|0#2|0#3|2#4|2#5|1#6|1#7|1#8|2#9|2#10|2#11|2#12|0
68|94,0,0,0,0,0,0,1,0,0,0,0,1,0,0,0,0,,,,
108|33,0,0,0,0,0,0,0,4,0,0,0,0,1,0,0,0,0|0#1|0#2|0#3|0#4|0#5|0#6|0#7|0#8|0#9|0#10|0#11|0#12|0,,0|0#1|0#2|0#3|0#4|0#5|0#6|0#7|0#8|0#9|0#10|0#11|0#12|0,
123|0,1,0,1,0,0,2,0,1,0,0,1,1,0,0,0,0,,,,
47|124,0,0,0,0,0,0,0,0,0,0,0,0,0,0,0,0,,,,
49|83,0,0,0,0,0,0,0,0,0,0,0,0,0,0,0,0,,,,
66|69,0,0,0,0,0,0,0,0,0,0,0,0,0,0,0,0,,,,
33|120,0,0,0,0,0,0,0,0,0,0,0,0,0,0,0,0,,,,
63|21,0,0,0,0,0,0,0,0,0,0,0,0,0,0,0,0,,,,
18|30,0,0,0,0,0,0,0,0,0,0,0,0,0,0,0,0,,,,
54|27,0,0,0,0,0,0,0,0,0,0,0,0,0,0,0,0,,,,
127|44,0,0,0,0,0,0,0,0,0,0,0,0,0,0,0,0,,,,
137|125,0,0,0,0,0,1,0,0,0,0,0,0,0,0,0,0,,,,
146|55,0,0,0,0,0,0,0,0,0,0,0,0,0,0,0,0,,,,
