90|133,0,0,0,0,0,0,0,0,0,0,0,0,0,0,0,0,,,,
78|112,0,0,0,0,0,0,0,0,0,0,0,0,0,0,0,0,,,,
26|113,0,0,0,0,0,0,0,0,0,0,0,0,0,0,0,0,,,,
97|21,0,0,0,0,0,0,0,0,1,0,0,0,1,0,0,0,,,,
110|50,0,0,1,0,1,0,0,0,0,0,0,3,0,0,0,0,0|0#1|0#2|0#3|0#4|0#5|0#6|0#7|0#8|0#9|0#10|0#11|0#12|0,0|0#1|0#2|0#3|0#4|0#5|0#6|0#7|0#8|0#9|0#10|0#11|0#12|0,0|0#1|0#2|0#3|0#4|0#5|0#6|0#7|0#8|0#9|0#10|0#11|0#12|0,0|0#1|0#2|0#3|0#4|0#5|0#6|0#7|0#8|0#9|0#10|0#11|0#12|0
79|129,0,0,0,0,0,0,0,0,0,0,0,0,0,0,0,0,,,,
1|96,0,0,0,0,0,0,0,0,0,0,0,0,0,0,0,0,,,,
52|138,0,0,0,0,0,0,0,0,0,0,0,0,0,0,0,0,,,,
113|98,0,0,0,0,0,0,0,0,0,0,0,0,0,0,0,0,,,,
120|67,0,0,0,0,0,0,0,0,0,0,0,0,5,0,0,0,,,,
11|53,0,0,0,0,0,0,0,0,0,0,0,0,0,0,0,0,,,,
101|56,18,13,22,14,6,2,4,10,3,0,14,9,15,0,0,0,0|0#1|0#2|0#3|4#4|4#5|4#6|4#7|4#8|4#9|4#10|4#11|4#12|0,0|0#1|0#2|0#3|4#4|4#5|4#6|4#7|4#8|4#9|4#10|4#11|4#12|0,0|0#1|0#2|0#3|4#4|4#5|4#6|4#7|4#8|4#9|4#10|4#11|4#12|0,0|0#1|0#2|0#3|4#4|4#5|4#6|4#7|4#8|4#9|4#10|4#11|4#12|0
88|27,1,0,0,0,0,0,2,6,1,0,0,0,0,0,0,0,0|0#1|0#2|0#3|0#4|0#5|0#6|0#7|0#8|0#9|0#10|0#11|0#12|0,0|0#1|0#2|0#3|0#4|0#5|0#6|0#7|0#8|0#9|0#10|0#11|0#12|0,0|0#1|0#2|0#3|0#4|0#5|0#6|0#7|0#8|0#9|0#10|0#11|0#12|0,0|0#1|0#2|0#3|0#4|0#5|0#6|0#7|0#8|0#9|0#10|0#11|0#12|0
122|92,0,0,0,0,0,0,0,0,0,0,0,0,0,0,0,0,,,,
69|16,0,0,0,0,0,0,0,0,0,0,0,0,0,0,0,0,,,,
141|122,0,0,0,0,0,0,0,0,0,0,0,0,0,0,0,0,,,,
122|8,0,0,0,0,0,0,0,0,0,0,0,0,0,0,0,0,,,,
102|110,0,0,0,0,0,0,0,1,0,0,0,0,0,0,0,0,,,,
103|127,0,0,0,0,0,0,0,0,0,0,0,0,0,0,0,0,,,,
65|125,0,0,0,0,0,0,0,0,0,0,0,0,0,0,0,0,,,,
116|114,0,0,0,0,0,0,0,0,0,0,0,0,0,0,0,0,,,,
78|10,0,0,0,0,0,0,0,0,0,0,0,0,0,0,0,0,,,,
13|126,0,0,0,0,0,0,0,0,0,0,0,0,0,0,0,0,,,,
129|101,0,0,0,0,0,0,0,0,0,0,0,0,1,0,0,0,,,,
142|139,0,0,1,0,0,0,0,0,0,0,0,0,1,0,0,0,,,,
103|81,1,0,0,0,0,0,2,2,0,0,0,2,1,0,0,0,0|0#1|0#2|0#3|0#4|0#5|0#6|0#7|0#8|0#9|0#10|0#11|0#12|0,0|0#1|0#2|0#3|0#4|0#5|0#6|0#7|0#8|0#9|0#10|0#11|0#12|0,0|0#1|0#2|0#3|0#4|0#5|0#6|0#7|0#8|0#9|0#10|0#11|0#12|0,0|0#1|0#2|0#3|0#4|0#5|0#6|0#7|0#8|0#9|0#10|0#11|0#12|0
51|121,0,0,0,0,0,0,0,0,0,0,0,0,0,0,0,0,,,,
23|95,0,0,0,0,0,0,0,0,0,0,0,0,0,0,0,0,,,,
4|123,0,0,0,0,0,0,0,0,0,0,0,0,0,0,0,0,,,,
39|100,0,1,0,0,0,1,1,1,4,0,1,1,0,0,0,0,,,,
30|64,0,0,0,0,0,0,0,0,0,0,0,0,0,0,0,0,,,,
