35|139,0,0,0,0,0,0,0,0,0,0,0,0,0,0,0,0,,,,
133|8,0,0,0,0,0,0,0,0,0,0,0,0,0,0,0,0,,,,
144|15,0,0,0,0,0,0,0,0,0,0,0,0,0,0,0,0,,,,
47|43,0,0,0,0,0,0,0,0,0,0,0,0,0,0,0,0,0|0#1|0#2|0#3|0#4|0#5|0#6|0#7|0#8|0#9|0#10|0#11|0#12|0,,,
73|134,0,0,0,0,0,0,0,0,0,0,0,0,0,0,0,0,,,,
87|90,0,0,0,0,0,0,0,1,1,0,0,0,0,0,0,0,,,,
59|85,0,0,0,0,0,0,0,0,0,0,0,0,0,0,0,0,0|0#1|0#2|0#3|0#4|0#5|0#6|0#7|0#8|0#9|0#10|0#11|0#12|0,,,
92|34,0,1,11,0,0,1,1,0,1,0,0,0,1,0,0,0,0|0#1|0#2|0#3|0#4|0#5|0#6|0#7|0#8|0#9|0#10|0#11|0#12|0,,0|0#1|0#2|0#3|0#4|0#5|0#6|0#7|0#8|0#9|0#10|0#11|0#12|0,
146|40,0,0,0,0,0,0,0,0,0,0,0,0,0,0,0,0,,,,
34|122,0,0,0,0,0,0,0,0,0,0,0,0,0,0,0,0,,,,
111|136,0,0,1,0,0,0,0,0,1,0,0,3,1,0,0,0,,,,
45|18,0,0,0,0,0,0,0,0,0,0,0,0,0,0,0,0,,,,
28|32,0,0,0,0,0,0,0,0,0,0,0,0,0,0,0,0,,,,
87|138,0,0,0,0,0,0,0,0,0,0,0,0,0,0,0,0,,,,
21|135,0,0,0,0,0,0,0,0,0,0,0,0,0,0,0,0,,,,
6|33,0,0,0,0,0,0,0,0,0,0,0,0,0,0,0,0,,,,
138|127,0,0,0,0,0,0,0,0,0,0,0,0,0,0,0,0,,,,
124|123,0,0,0,0,0,0,0,0,0,0,0,0,0,0,0,0,,,,
73|23,0,0,0,0,0,0,0,0,0,0,0,0,0,0,0,0,,,,
54|12,0,0,0,0,0,0,0,0,0,0,0,0,0,0,0,0,,,,
78|96,0,0,0,0,0,0,0,0,0,0,0,0,1,0,0,0,0|0#1|0#2|0#3|0#4|0#5|0#6|0#7|0#8|0#9|0#10|0#11|0#12|0,,0|0#1|0#2|0#3|0#4|0#5|0#6|0#7|0#8|0#9|0#10|0#11|0#12|0,
48|126,0,0,0,0,0,0,0,0,0,0,0,0,0,0,0,0,,,,
85|65,1,0,0,1,0,5,0,0,0,0,0,2,0,0,0,0,0|0#1|0#2|0#3|4#4|2#5|2#6|2#7|2#8|2#9|2#10|2#11|2#12|0,0|0#1|0#2|0#3|2#4|2#5|0#6|0#7|1#8|1#9|1#10|0#11|1#12|0,0|0#1|0#2|0#3|3#4|2#5|2#6|2#7|2#8|2#9|2#10|2#11|2#12|0,0|0#1|0#2|0#3|2#4|1#5|0#6|0#7|1#8|1#9|1#10|1#11|2#12|0
149|88,0,0,0,0,0,0,0,0,0,0,0,0,0,0,0,0,,,,
38|49,20,3,36,2,2,1,1,4,1,0,11,2,1,0,0,0,,,,
137|46,0,0,0,0,0,0,0,0,0,0,0,0,0,0,0,0,0|0#1|0#2|0#3|0#4|0#5|0#6|0#7|0#8|0#9|0#10|0#11|0#12|0,,0|0#1|0#2|0#3|0#4|0#5|0#6|0#7|0#8|0#9|0#10|0#11|0#12|0,
64|29,0,0,0,0,0,0,0,0,0,0,0,0,0,0,0,0,,,,0|0#1|0#2|0#3|0#4|0#5|0#6|0#7|0#8|0#9|0#10|0#11|0#12|0
19|38,0,0,0,0,0,0,0,0,0,0,0,0,0,0,0,0,,,,
66|54,7,3,6,0,0,0,0,3,0,0,1,4,0,0,0,0,0|0#1|0#2|0#3|0#4|0#5|0#6|0#7|0#8|0#9|0#10|0#11|0#12|0,,0|0#1|0#2|0#3|0#4|0#5|0#6|0#7|0#8|0#9|0#10|0#11|0#12|0,
137|110,0,0,0,0,0,0,0,0,0,0,0,0,0,0,0,0,,,,
86|121,0,0,0,0,0,0,0,0,0,0,0,0,0,0,0,0,,,,
139|71,0,0,0,0,0,0,0,1,1,0,0,0,0,0,0,0,,,0|0#1|0#2|0#3|0#4|0#5|0#6|0#7|0#8|0#9|0#10|0#11|0#12|0,
60|147,0,0,0,0,0,0,0,0,0,0,0,0,0,0,0,0,,,,
118|35,0,0,0,0,0,0,0,0,0,0,0,0,0,0,0,0,,,,
