53|43,5,0,9,1,1,3,0,1,1,0,3,1,0,0,0,0,,,,
5|64,0,0,0,0,0,0,0,0,0,0,0,0,0,0,0,0,,,,
27|63,0,0,0,0,0,0,0,0,0,0,0,0,0,0,0,0,,,,
59|133,0,0,0,0,0,0,0,0,0,0,0,0,0,0,0,0,,,,
93|90,0,0,0,0,0,0,0,0,1,0,0,0,0,0,0,0,,,,
117|66,0,0,0,0,0,0,0,0,0,0,0,0,0,0,0,0,,,,
84|141,0,0,0,0,0,0,0,0,0,0,0,0,0,0,0,0,,,,
122|143,0,0,0,0,0,0,0,0,0,0,0,0,0,0,0,0,,,,
60|12,0,0,0,0,0,0,0,0,0,0,0,0,0,0,0,0,,,,
136|147,0,0,0,0,0,0,0,0,0,0,0,0,0,0,0,0,,,,
124|35,0,0,0,0,0,0,0,1,1,0,0,0,0,0,0,0,,,,
126|60,0,0,0,0,0,0,0,0,0,0,0,0,0,0,0,0,,,,
25|38,0,0,0,0,0,0,0,0,0,0,0,0,0,0,0,0,,,,
46|74,0,0,0,0,0,0,0,0,0,0,0,0,0,0,0,0,0|0#1|0#2|0#3|0#4|0#5|0#6|0#7|0#8|0#9|0#10|0#11|0#12|0,,0|0#1|0#2|0#3|0#4|0#5|0#6|0#7|0#8|0#9|0#10|0#11|0#12|0,
105|24,5,1,4,0,0,1,0,0,1,0,1,0,0,0,0,0,0|0#1|0#2|0#3|0#4|0#5|0#6|0#7|0#8|0#9|0#10|0#11|0#12|0,0|0#1|0#2|0#3|0#4|0#5|0#6|0#7|0#8|0#9|0#10|0#11|0#12|0,0|0#1|0#2|0#3|0#4|0#5|0#6|0#7|0#8|0#9|0#10|0#11|0#12|0,0|0#1|0#2|0#3|0#4|0#5|0#6|0#7|0#8|0#9|0#10|0#11|0#12|0
70|29,1,1,0,0,0,0,0,0,0,0,0,0,0,0,0,0,,,,
98|145,0,0,0,0,0,0,0,0,0,0,0,0,0,0,0,0,,,,
46|146,0,0,0,0,0,0,0,0,0,0,0,0,0,0,0,0,,,,
152|40,0,0,0,0,0,0,0,0,0,0,0,0,0,0,0,0,,,,
135|130,0,0,0,0,0,0,0,0,0,0,0,0,0,0,0,0,,,,
150|15,0,0,0,0,0,0,0,0,0,0,0,0,0,0,0,0,,,,
44|49,0,0,0,0,0,0,0,0,0,0,0,1,1,0,0,0,0|0#1|0#2|0#3|0#4|0#5|0#6|0#7|0#8|0#9|0#10|0#11|0#12|0,,0|0#1|0#2|0#3|0#4|0#5|0#6|0#7|0#8|0#9|0#10|0#11|0#12|0,
136|77,0,0,0,0,0,0,0,0,0,0,0,0,0,0,0,0,0|0#1|0#2|0#3|0#4|0#5|0#6|0#7|0#8|0#9|0#10|0#11|0#12|0,,0|0#1|0#2|0#3|0#4|0#5|0#6|0#7|0#8|0#9|0#10|0#11|0#12|0,0|0#1|0#2|0#3|0#4|0#5|0#6|0#7|0#8|0#9|0#10|0#11|0#12|0
65|85,0,0,0,0,0,0,0,0,0,0,0,0,0,0,0,0,,,0|0#1|0#2|0#3|0#4|0#5|0#6|0#7|0#8|0#9|0#10|0#11|0#12|0,
3|39,0,0,0,0,0,0,0,0,0,0,0,0,0,0,0,0,,,,
97|8,0,0,0,0,0,0,0,0,0,0,0,0,0,0,0,0,,,,
143|46,0,0,0,0,0,0,0,0,0,0,0,0,0,0,0,0,,,,
32|142,0,0,0,0,0,0,0,0,0,0,0,0,0,0,0,0,,,,
15|21,0,1,0,0,0,0,0,0,0,0,0,0,1,0,0,0,,,,
119|91,0,0,0,0,0,0,0,0,0,0,0,0,0,0,0,0,,0|0#1|0#2|0#3|0#4|0#5|0#6|0#7|0#8|0#9|0#10|0#11|0#12|0,,0|0#1|0#2|0#3|0#4|0#5|0#6|0#7|0#8|0#9|0#10|0#11|0#12|0
51|18,0,0,0,0,0,0,0,0,0,0,0,0,0,0,0,0,,,,
84|96,0,0,0,0,0,0,0,0,0,0,0,0,0,0,0,0,,,,
145|71,0,0,2,0,0,3,0,0,0,0,0,0,0,0,0,0,,,,
149|134,0,0,0,0,0,0,0,0,0,0,0,0,0,0,0,0,,,,
34|32,0,0,0,0,0,0,0,0,0,0,0,0,0,0,0,0,,,,
72|54,1,0,1,0,0,0,0,0,0,0,0,0,0,0,0,0,0|0#1|0#2|0#3|0#4|0#5|0#6|0#7|0#8|0#9|0#10|0#11|0#12|0,,0|0#1|0#2|0#3|0#4|0#5|0#6|0#7|0#8|0#9|0#10|0#11|0#12|0,
18|69,0,0,0,0,0,0,0,0,0,0,0,0,0,0,0,0,,,,
91|65,27,23,80,6,7,8,6,10,1,1,42,2,6,0,0,0,0|0#1|0#2|0#3|4#4|4#5|4#6|4#7|4#8|4#9|4#10|4#11|4#12|0,0|0#1|0#2|0#3|4#4|4#5|3#6|3#7|3#8|2#9|3#10|3#11|3#12|0,0|0#1|0#2|0#3|4#4|4#5|4#6|4#7|4#8|4#9|4#10|4#11|4#12|0,0|0#1|0#2|0#3|4#4|3#5|3#6|3#7|2#8|3#9|3#10|3#11|3#12|0
