12|18,0,0,0,0,0,0,0,0,0,0,0,0,0,0,0,0,,,,
135|99,0,0,0,0,0,0,0,0,0,0,0,0,0,0,0,0,,,,
18|132,0,0,0,0,0,0,0,0,0,0,0,0,0,0,0,0,,,,
106|71,6,1,5,0,0,4,2,27,0,0,8,1,1,2,0,0,0|0#1|0#2|0#3|0#4|2#5|2#6|2#7|2#8|2#9|2#10|1#11|0#12|0,0|0#1|0#2|0#3|0#4|2#5|2#6|1#7|1#8|0#9|0#10|0#11|0#12|0,0|0#1|0#2|0#3|2#4|2#5|2#6|1#7|2#8|1#9|0#10|0#11|0#12|0,0|0#1|0#2|0#3|0#4|2#5|2#6|0#7|1#8|0#9|0#10|0#11|0#12|0
33|54,0,0,0,0,0,0,0,0,0,0,0,0,0,0,0,0,,,,
45|96,0,0,0,0,0,0,0,0,0,0,0,0,0,0,0,0,,,,
133|141,0,0,0,0,0,0,0,0,0,0,0,0,0,0,0,0,,,,
4|86,0,0,0,0,0,0,0,0,0,0,0,0,0,0,0,0,,,,
21|12,0,0,0,0,0,0,0,0,0,0,0,0,0,0,0,0,,,,
40|23,0,0,0,0,0,0,0,0,0,0,0,0,0,0,0,0,,,,
57|144,0,0,0,0,0,0,0,0,0,0,0,0,0,0,0,0,,,,
54|90,25,53,22,1,0,2,3,50,10,0,8,2,1,0,0,0,0|0#1|0#2|0#3|0#4|0#5|0#6|0#7|0#8|0#9|0#10|0#11|0#12|0,0|0#1|0#2|0#3|0#4|0#5|0#6|0#7|0#8|0#9|0#10|0#11|0#12|0,0|0#1|0#2|0#3|0#4|0#5|0#6|0#7|0#8|0#9|0#10|0#11|0#12|0,0|0#1|0#2|0#3|0#4|0#5|0#6|0#7|0#8|0#9|0#10|0#11|0#12|0
118|2,0,0,0,0,0,0,0,0,0,0,0,0,0,0,0,0,,,,
132|51,0,0,0,0,0,0,0,0,0,0,0,0,0,0,0,0,,,,
59|7,0,0,0,0,0,0,0,0,0,0,0,0,0,0,0,0,,,,
108|133,0,0,0,0,0,0,0,0,0,0,0,0,0,0,0,0,,,,
14|43,0,0,0,0,0,0,0,0,0,0,0,0,0,0,0,0,,,,
31|29,0,0,0,0,0,0,0,0,0,0,0,0,0,0,0,0,,,,
130|26,0,0,0,0,0,0,0,0,0,0,0,0,0,0,0,0,,,,
125|82,1,0,0,0,0,0,0,1,1,0,0,0,1,1,0,0,,,,
80|70,0,0,0,0,0,0,0,0,0,0,0,0,0,0,0,0,0|0#1|0#2|0#3|0#4|0#5|0#6|0#7|0#8|0#9|0#10|0#11|0#12|0,0|0#1|0#2|0#3|0#4|0#5|0#6|0#7|0#8|0#9|0#10|0#11|0#12|0,,
71|76,0,0,2,0,0,2,1,1,2,0,1,1,1,0,0,0,0|0#1|0#2|0#3|0#4|0#5|0#6|0#7|0#8|0#9|0#10|0#11|0#12|0,0|0#1|0#2|0#3|0#4|0#5|0#6|0#7|0#8|0#9|0#10|0#11|0#12|0,0|0#1|0#2|0#3|0#4|0#5|0#6|0#7|0#8|0#9|0#10|0#11|0#12|0,
144|93,0,0,0,0,0,0,0,0,0,0,0,0,0,0,0,0,,,,
147|145,0,0,0,0,0,0,0,0,0,0,0,0,1,0,0,0,,,,
52|65,0,0,0,0,0,0,0,0,0,0,0,0,0,0,0,0,,,,
90|87,0,0,0,0,0,0,0,0,0,0,0,0,0,0,0,0,,,,
104|46,0,0,1,0,0,0,0,0,0,0,0,0,0,0,0,0,0|0#1|0#2|0#3|0#4|0#5|0#6|0#7|0#8|0#9|0#10|0#11|0#12|0,0|0#1|0#2|0#3|0#4|0#5|0#6|0#7|0#8|0#9|0#10|0#11|0#12|0,0|0#1|0#2|0#3|0#4|0#5|0#6|0#7|0#8|0#9|0#10|0#11|0#12|0,
26|85,0,0,0,0,0,0,0,0,0,0,0,0,0,0,0,0,,,,
142|68,0,0,0,0,0,0,0,0,0,0,0,0,0,0,0,0,,,,
116|88,182,42,171,27,21,21,14,60,12,6,88,29,46,0,0,0,0|0#1|0#2|0#3|0#4|0#5|1#6|0#7|0#8|0#9|0#10|0#11|0#12|0,0|0#1|0#2|0#3|0#4|0#5|0#6|0#7|0#8|0#9|0#10|0#11|0#12|0,0|0#1|0#2|0#3|0#4|1#5|0#6|0#7|0#8|0#9|0#10|0#11|0#12|0,0|0#1|0#2|0#3|0#4|0#5|0#6|0#7|0#8|0#9|0#10|0#11|0#12|0
43|140,0,0,0,0,0,0,0,0,0,0,0,0,0,0,0,0,,,,
92|109,0,0,0,0,0,0,0,0,0,0,0,0,0,0,0,0,,,,
113|40,0,0,0,0,0,1,0,0,0,0,0,0,0,0,0,0,,,,
144|0,0,0,0,0,0,0,0,0,0,0,0,0,0,0,0,0,,,,
85|5,0,0,0,0,0,0,0,0,0,0,0,0,0,0,0,0,,,,
111|15,0,0,0,0,0,0,0,0,0,0,0,0,0,0,0,0,,,,
123|57,2,9,1,2,0,0,0,1,2,2,0,2,0,0,0,0,,,0|0#1|0#2|0#3|0#4|0#5|0#6|0#7|0#8|0#9|0#10|0#11|0#12|0,
151|62,0,0,0,0,0,0,0,0,0,0,0,0,0,0,0,0,,,,
