13|51,0,0,0,0,0,0,0,0,0,0,0,0,0,0,0,0,,,,
51|73,0,0,0,0,0,0,0,0,0,0,0,0,0,0,0,0,,,,
55|141,0,0,0,0,0,0,0,0,0,0,0,0,0,0,0,0,,,,
12|1,0,0,0,0,0,0,0,0,0,0,0,0,0,0,0,0,,,,
145|142,0,0,0,0,0,0,0,0,0,0,0,0,0,0,0,0,,,,
3|94,0,0,0,0,0,0,0,0,0,0,0,0,0,0,0,0,,,,
8|143,0,0,0,0,0,0,0,0,0,0,0,0,0,0,0,0,,,,
103|54,0,0,2,1,0,2,3,1,2,0,0,13,0,0,0,0,0|0#1|0#2|0#3|4#4|4#5|3#6|3#7|4#8|4#9|4#10|3#11|4#12|0,0|0#1|0#2|0#3|3#4|3#5|2#6|2#7|3#8|2#9|2#10|2#11|2#12|0,0|0#1|0#2|0#3|4#4|4#5|3#6|3#7|4#8|4#9|3#10|3#11|3#12|0,0|0#1|0#2|0#3|3#4|2#5|2#6|2#7|3#8|2#9|2#10|2#11|2#12|0
1|69,0,0,0,0,0,0,0,0,0,0,0,0,0,0,0,0,,,,
106|130,0,0,0,0,0,0,0,0,0,0,0,0,1,0,0,0,,,,
90|106,2,1,3,0,0,3,1,2,0,0,0,1,3,0,0,0,,,,
20|20,0,0,0,0,0,0,0,0,0,0,0,0,0,0,0,0,,,,
110|23,0,0,0,0,0,0,0,0,0,0,0,0,0,0,0,0,,,,
11|26,0,0,0,0,0,0,0,0,0,0,0,0,0,0,0,0,,,,
150|70,0,0,0,0,0,0,0,0,0,0,0,0,0,0,0,0,,,,
122|65,0,0,0,0,0,0,0,0,0,0,0,0,0,0,0,0,0|0#1|0#2|0#3|0#4|0#5|0#6|0#7|0#8|0#9|0#10|0#11|0#12|0,,0|0#1|0#2|0#3|0#4|0#5|0#6|0#7|0#8|0#9|0#10|0#11|0#12|0,
17|146,0,0,0,0,0,0,0,0,0,0,0,0,0,0,0,0,,,,
69|145,0,0,0,0,0,0,0,0,0,0,0,0,0,0,0,0,,,,
101|29,0,0,0,0,0,0,0,0,0,0,0,0,0,0,0,0,,,,
30|37,0,0,0,0,0,0,0,0,0,0,0,0,0,0,0,0,,,,
42|79,0,0,0,0,0,0,0,0,0,0,0,0,0,0,0,0,,,,
124|90,0,0,0,0,0,0,0,0,0,0,0,1,0,0,0,0,,,0|0#1|0#2|0#3|0#4|0#5|0#6|0#7|0#8|0#9|0#10|0#11|0#12|0,
25|93,0,0,0,0,0,0,0,0,0,0,0,0,0,0,0,0,,,,
142|6,0,0,0,0,0,0,0,0,0,0,0,0,0,0,0,0,,,,
70|84,0,0,0,0,0,0,0,1,0,0,0,3,1,0,0,0,,,,
107|147,0,0,0,0,0,0,0,0,0,0,0,0,0,0,0,0,,,,
116|8,0,0,0,0,0,0,0,0,0,0,0,0,0,0,0,0,,,,
16|99,0,0,0,0,0,0,0,0,0,0,0,0,0,0,0,0,,,,
141|76,0,0,0,0,0,0,0,0,0,0,0,0,0,0,0,0,,,,
23|68,0,0,0,0,0,0,0,0,0,0,0,0,0,0,0,0,,,,
115|96,1,1,1,0,0,0,0,1,1,0,0,0,0,0,0,0,,,,
32|62,0,0,0,0,0,0,0,0,0,0,0,0,0,0,0,0,,,,
