107|55,0,3,0,0,0,1,0,4,1,0,0,0,1,1,0,0,0|0#1|0#2|0#3|2#4|1#5|0#6|0#7|0#8|0#9|1#10|0#11|0#12|0,0|0#1|0#2|0#3|2#4|0#5|0#6|1#7|0#8|0#9|0#10|0#11|0#12|0,0|0#1|0#2|0#3|2#4|0#5|0#6|0#7|1#8|2#9|0#10|0#11|1#12|0,0|0#1|0#2|0#3|0#4|0#5|0#6|0#7|0#8|0#9|0#10|0#11|0#12|0
145|77,0,0,0,0,0,0,0,0,0,0,0,0,0,0,0,0,,0|0#1|0#2|0#3|0#4|0#5|0#6|0#7|0#8|0#9|0#10|0#11|0#12|0,,
135|60,0,0,0,0,0,0,0,0,0,0,0,0,0,0,0,0,,,,
93|96,0,0,0,0,0,0,0,0,0,0,0,0,0,0,0,0,,,0|0#1|0#2|0#3|0#4|0#5|0#6|0#7|0#8|0#9|0#10|0#11|0#12|0,
19|110,0,0,0,0,0,0,0,0,0,0,0,0,0,0,0,0,,,,
74|85,0,2,2,0,0,3,0,0,2,0,0,4,1,0,0,0,0|0#1|0#2|0#3|0#4|0#5|0#6|0#7|0#8|0#9|0#10|0#11|0#12|0,,0|0#1|0#2|0#3|0#4|0#5|0#6|0#7|0#8|0#9|0#10|0#11|0#12|0,0|0#1|0#2|0#3|0#4|0#5|0#6|0#7|0#8|0#9|0#10|0#11|0#12|0
52|2,0,0,0,0,0,0,0,0,0,0,0,0,0,0,0,0,,,,
81|54,31,9,98,5,5,6,9,14,14,0,22,30,1,0,0,0,0|0#1|0#2|0#3|2#4|1#5|0#6|0#7|0#8|0#9|1#10|1#11|0#12|0,0|0#1|0#2|0#3|2#4|0#5|0#6|0#7|0#8|0#9|0#10|1#11|0#12|0,0|0#1|0#2|0#3|2#4|0#5|0#6|0#7|1#8|0#9|1#10|0#11|0#12|0,0|0#1|0#2|0#3|1#4|0#5|0#6|0#7|0#8|0#9|1#10|0#11|0#12|0
84|147,0,0,0,0,0,0,0,0,0,0,0,0,0,0,0,0,,,,
119|97,124,41,118,14,23,4,14,18,16,3,73,46,8,0,0,0,0|0#1|0#2|0#3|0#4|0#5|0#6|0#7|0#8|0#9|0#10|0#11|0#12|0,0|0#1|0#2|0#3|0#4|0#5|0#6|0#7|0#8|0#9|0#10|0#11|0#12|0,0|0#1|0#2|0#3|0#4|0#5|0#6|0#7|0#8|0#9|0#10|0#11|0#12|0,0|0#1|0#2|0#3|0#4|0#5|0#6|0#7|0#8|0#9|0#10|0#11|0#12|0
55|74,0,0,0,0,0,0,0,0,0,0,0,0,0,0,0,0,,,,
97|134,0,0,0,0,0,0,0,0,0,0,0,0,0,0,0,0,,,,
114|24,0,0,0,0,0,0,0,0,0,0,0,0,0,0,0,0,,,,
121|132,0,0,0,0,0,0,0,0,0,0,0,0,0,0,0,0,,,,
58|122,0,0,0,0,0,0,0,0,0,0,0,0,0,0,0,0,,,,
133|35,0,0,0,0,0,0,0,0,0,0,0,0,0,0,0,0,,,,
15|27,0,0,0,0,0,0,0,0,0,0,0,0,0,0,0,0,,,,
152|46,0,0,0,0,0,0,0,0,0,0,0,0,0,0,0,0,,,,
45|135,0,0,0,0,0,0,0,0,0,0,0,0,0,0,0,0,,,,
148|123,0,0,0,0,0,0,0,0,0,0,0,0,0,0,0,0,,,,
70|143,0,0,0,0,0,0,0,0,0,0,0,0,0,0,0,0,,,,
34|38,0,0,0,0,0,0,0,0,0,0,0,0,0,0,0,0,,,,
135|136,0,0,0,0,0,0,0,0,0,0,0,0,1,0,0,0,,,,
17|52,0,0,0,0,0,0,0,0,0,0,0,0,0,0,0,0,,,,
7|95,0,0,0,0,0,0,0,0,0,0,0,0,0,0,0,0,,,,
109|111,0,0,0,0,0,0,0,0,0,0,0,0,0,0,0,0,,,,
43|32,1,0,0,0,0,0,0,5,0,0,0,5,0,0,0,0,,,,
29|94,0,0,0,0,0,0,0,1,0,0,0,0,0,0,0,0,,,,
26|4,0,0,0,0,0,0,0,0,0,0,0,0,0,0,0,0,,,,
27|69,0,0,0,0,0,0,0,0,0,0,0,0,0,0,0,0,,,,
36|63,0,0,0,0,0,0,0,0,0,0,0,0,0,0,0,0,,,,
83|130,0,0,0,0,0,0,0,0,0,0,0,0,0,0,0,0,,,,
53|49,0,0,0,0,0,0,0,0,0,0,0,0,0,0,0,0,,,,
59|139,0,0,0,0,0,0,0,0,0,0,0,0,0,0,0,0,,,,
24|21,0,0,0,0,0,0,0,0,0,0,0,0,0,0,0,0,,,,
62|43,0,0,0,0,0,0,0,0,0,0,0,0,0,0,0,0,,,,
60|18,0,0,0,0,0,0,0,0,0,0,0,0,0,0,0,0,,,,
109|80,97,29,224,8,18,16,9,14,6,8,57,28,31,0,0,0,0|0#1|0#2|0#3|1#4|1#5|0#6|1#7|1#8|1#9|2#10|2#11|2#12|0,0|0#1|0#2|0#3|0#4|0#5|0#6|1#7|0#8|0#9|0#10|2#11|0#12|0,0|0#1|0#2|0#3|0#4|0#5|0#6|1#7|1#8|2#9|2#10|2#11|2#12|0,0|0#1|0#2|0#3|0#4|0#5|0#6|0#7|0#8|0#9|0#10|1#11|0#12|0
128|91,0,0,0,0,0,0,0,0,0,0,0,0,2,0,0,0,0|0#1|0#2|0#3|0#4|0#5|0#6|0#7|0#8|0#9|0#10|0#11|0#12|0,0|0#1|0#2|0#3|0#4|0#5|0#6|0#7|0#8|0#9|0#10|0#11|0#12|0,0|0#1|0#2|0#3|0#4|0#5|0#6|0#7|0#8|0#9|0#10|0#11|0#12|0,0|0#1|0#2|0#3|0#4|0#5|0#6|0#7|0#8|0#9|0#10|0#11|0#12|0
2|22,0,0,0,0,0,0,0,0,0,0,0,0,0,0,0,0,,,,
126|66,0,0,0,0,0,0,0,0,2,0,0,3,1,0,0,0,0|0#1|0#2|0#3|0#4|0#5|0#6|0#7|0#8|0#9|0#10|0#11|0#12|0,,0|0#1|0#2|0#3|0#4|0#5|0#6|0#7|0#8|0#9|0#10|0#11|0#12|0,
31|131,0,0,0,0,0,0,0,0,0,0,0,0,0,0,0,0,,,,
