65|136,0,0,0,0,0,0,0,0,0,0,0,0,0,0,0,0,,,,
120|78,0,0,0,0,0,0,0,0,0,0,0,0,1,0,0,0,,0|0#1|0#2|0#3|0#4|0#5|0#6|0#7|0#8|0#9|0#10|0#11|0#12|0,,0|0#1|0#2|0#3|0#4|0#5|0#6|0#7|0#8|0#9|0#10|0#11|0#12|0
78|123,0,0,0,0,0,0,0,0,0,0,0,0,0,0,0,0,,,,
101|67,22,25,84,3,6,3,3,3,2,0,18,13,12,0,0,0,0|0#1|0#2|0#3|4#4|4#5|4#6|4#7|4#8|4#9|4#10|4#11|4#12|0,0|0#1|0#2|0#3|4#4|4#5|4#6|4#7|4#8|4#9|4#10|4#11|4#12|0,0|0#1|0#2|0#3|4#4|4#5|4#6|4#7|4#8|4#9|4#10|4#11|4#12|0,0|0#1|0#2|0#3|4#4|4#5|4#6|4#7|4#8|4#9|4#10|4#11|4#12|0
11|64,0,0,0,0,0,0,0,0,0,0,0,0,0,0,0,0,,,,
90|144,0,0,0,0,0,0,0,0,0,0,0,0,0,0,0,0,,,,
4|134,0,0,0,0,0,0,0,0,0,0,0,0,0,0,0,0,,,,
27|3,0,0,0,0,0,0,0,0,0,0,0,0,0,0,0,0,,,,
103|92,0,0,0,0,0,0,0,0,0,0,0,0,0,0,0,0,,,,
12|120,0,0,0,0,0,0,0,0,0,0,0,0,0,0,0,0,,,,
53|1,0,0,0,0,0,0,0,0,0,0,0,0,0,0,0,0,,,,
51|132,0,0,0,0,0,0,0,0,0,0,0,0,0,0,0,0,,,,
103|138,0,0,0,0,0,0,0,0,0,0,0,0,0,0,0,0,,,,
116|125,0,0,0,0,0,0,0,0,0,0,0,0,0,0,0,0,,,,
13|137,0,0,0,0,0,0,0,0,0,0,0,0,0,0,0,0,,,,
97|32,0,0,0,0,0,0,0,0,0,0,0,0,0,0,0,0,,,,
129|112,58,22,61,8,7,1,0,6,3,0,15,12,3,0,0,0,,,,
141|133,11,4,8,2,0,1,0,1,2,0,2,8,1,0,0,0,,,,
69|27,0,0,11,0,4,1,0,0,1,0,1,0,0,0,0,0,,,0|0#1|0#2|0#3|0#4|0#5|0#6|0#7|0#8|0#9|0#10|0#11|0#12|0,
59|10,0,0,0,0,0,0,0,0,0,0,0,0,0,0,0,0,,,,
102|121,0,0,0,0,0,0,0,0,0,0,0,0,0,0,0,0,,,,
39|111,0,0,0,0,0,0,0,0,0,0,0,0,0,0,0,0,,,,
110|61,0,2,0,0,3,1,0,0,4,0,0,2,1,0,0,0,0|0#1|0#2|0#3|3#4|2#5|2#6|2#7|2#8|2#9|2#10|2#11|2#12|0,0|0#1|0#2|0#3|2#4|2#5|1#6|1#7|2#8|0#9|0#10|2#11|1#12|0,0|0#1|0#2|0#3|2#4|2#5|2#6|2#7|2#8|2#9|2#10|2#11|2#12|0,0|0#1|0#2|0#3|2#4|2#5|2#6|1#7|1#8|0#9|1#10|1#11|2#12|0
30|75,0,0,0,0,0,0,0,0,0,0,0,0,0,0,0,0,,,,
88|38,0,0,0,0,0,0,0,0,0,0,0,0,0,0,0,0,,,,
78|21,0,0,0,0,0,0,0,0,0,0,0,0,0,0,0,0,,,,0|0#1|0#2|0#3|0#4|0#5|0#6|0#7|0#8|0#9|0#10|0#11|0#12|0
26|124,0,0,0,0,0,0,0,0,0,0,0,0,0,0,0,0,,,,
149|13,0,0,0,0,0,0,0,0,0,0,0,0,0,0,0,0,,,,
