53|85,0,0,0,0,0,0,0,1,0,0,0,0,0,0,0,0,,0|0#1|0#2|0#3|0#4|0#5|0#6|0#7|0#8|0#9|0#10|0#11|0#12|0,,
16|116,0,0,0,0,0,0,0,0,0,0,0,0,0,0,0,0,,,,
144|112,0,0,0,0,0,0,0,0,0,0,0,0,0,0,0,0,,,,
107|91,0,0,0,0,0,0,0,0,0,0,0,1,0,0,0,0,,,,
106|117,0,0,2,2,0,0,0,0,0,0,0,2,0,0,0,0,,,,
55|128,0,0,0,0,0,0,0,0,0,0,0,0,0,0,0,0,,,,
140|40,0,0,0,0,0,0,0,0,0,0,0,0,0,0,0,0,,0|0#1|0#2|0#3|0#4|0#5|0#6|0#7|0#8|0#9|0#10|0#11|0#12|0,0|0#1|0#2|0#3|0#4|0#5|0#6|0#7|0#8|0#9|0#10|0#11|0#12|0,0|0#1|0#2|0#3|0#4|0#5|0#6|0#7|0#8|0#9|0#10|0#11|0#12|0
41|124,0,0,0,0,0,0,0,0,0,0,0,0,0,0,0,0,,,,
93|0,0,0,0,0,0,0,0,1,0,0,0,0,1,0,0,0,,,,
34|74,0,0,0,0,0,0,0,0,0,0,0,0,0,0,0,0,,,,
54|111,0,0,0,0,0,0,0,0,0,0,0,0,0,0,0,0,,,,
13|38,0,0,0,0,0,0,0,0,0,0,0,0,0,0,0,0,,,,
0|33,0,0,0,0,0,0,0,0,0,0,0,0,0,0,0,0,,,,
67|2,0,0,0,0,0,0,0,0,0,0,0,0,0,0,0,0,,,,
114|60,0,0,1,0,0,1,0,0,0,0,0,0,0,0,0,0,0|0#1|0#2|0#3|2#4|0#5|0#6|0#7|0#8|0#9|0#10|1#11|1#12|0,0|0#1|0#2|0#3|1#4|0#5|0#6|0#7|0#8|0#9|0#10|0#11|0#12|0,0|0#1|0#2|0#3|1#4|0#5|0#6|0#7|0#8|0#9|0#10|1#11|1#12|0,0|0#1|0#2|0#3|1#4|0#5|0#6|0#7|0#8|0#9|0#10|0#11|0#12|0
68|115,0,0,0,0,0,0,0,0,0,0,0,0,0,0,0,0,,,,
7|113,0,0,0,0,0,0,0,0,0,0,0,0,0,0,0,0,,,,
81|90,4,6,12,0,2,3,1,4,8,0,7,4,2,1,0,0,0|0#1|0#2|0#3|0#4|0#5|0#6|0#7|0#8|0#9|0#10|0#11|0#12|0,0|0#1|0#2|0#3|0#4|0#5|0#6|0#7|0#8|0#9|0#10|0#11|0#12|0,0|0#1|0#2|0#3|0#4|0#5|0#6|0#7|0#8|0#9|0#10|0#11|0#12|0,0|0#1|0#2|0#3|0#4|0#5|0#6|0#7|0#8|0#9|0#10|0#11|0#12|0
105|100,0,0,0,0,0,0,0,0,0,0,0,0,0,0,0,0,,,,
143|88,0,0,0,0,0,0,0,0,0,0,0,0,0,0,0,0,,,,
133|71,0,0,0,0,0,0,0,1,0,0,0,0,0,0,0,0,0|0#1|0#2|0#3|0#4|0#5|0#6|0#7|0#8|0#9|0#10|0#11|0#12|0,0|0#1|0#2|0#3|0#4|0#5|0#6|0#7|0#8|0#9|0#10|0#11|0#12|0,0|0#1|0#2|0#3|0#4|0#5|0#6|0#7|0#8|0#9|0#10|0#11|0#12|0,0|0#1|0#2|0#3|0#4|0#5|0#6|0#7|0#8|0#9|0#10|0#11|0#12|0
124|77,0,0,0,0,0,0,0,0,0,0,0,0,0,0,0,0,,,,
145|129,0,0,0,0,0,0,1,0,1,0,0,0,0,0,0,0,,,,
105|66,1,1,1,0,0,0,0,0,0,0,0,8,2,0,0,0,0|0#1|0#2|0#3|1#4|1#5|0#6|1#7|0#8|1#9|1#10|2#11|1#12|0,0|0#1|0#2|0#3|0#4|0#5|1#6|0#7|0#8|0#9|0#10|1#11|0#12|0,0|0#1|0#2|0#3|1#4|1#5|1#6|0#7|0#8|1#9|2#10|2#11|0#12|0,0|0#1|0#2|0#3|0#4|0#5|0#6|0#7|0#8|0#9|0#10|1#11|0#12|0
32|49,0,0,0,0,0,0,0,0,0,0,0,0,0,0,0,0,,,,
152|82,0,0,0,0,0,0,0,0,0,0,0,0,1,0,0,0,,,,
72|96,0,0,0,0,0,0,0,0,0,0,0,0,0,0,0,0,,,,
41|43,0,0,0,0,0,0,0,0,1,0,0,0,3,0,0,0,,,,
29|103,0,0,0,0,0,0,0,0,0,0,0,0,0,0,0,0,,,,
60|54,0,0,1,0,0,0,0,0,0,0,0,0,0,0,0,0,,,,
131|46,0,0,0,0,0,0,0,1,0,0,0,0,0,0,0,0,,,,
80|136,0,0,0,0,0,0,0,2,0,0,0,0,0,0,0,0,,,,
131|125,0,0,0,1,0,0,0,0,0,0,0,4,0,0,0,0,,,,
93|123,0,0,0,0,0,0,0,0,0,0,0,0,0,0,0,0,,,,
15|63,0,0,0,0,0,0,0,0,0,0,0,0,0,0,0,0,,,,
112|35,0,0,0,0,0,0,0,0,0,0,0,0,0,0,0,0,,,,
150|57,0,0,0,0,0,0,0,0,0,0,0,0,0,0,0,0,,,,
22|32,0,0,0,0,0,0,0,0,0,0,0,0,0,0,0,0,,,,
119|104,0,0,0,0,0,0,0,0,1,0,0,1,0,0,0,0,0|0#1|0#2|0#3|0#4|0#5|0#6|0#7|0#8|0#9|0#10|0#11|0#12|0,0|0#1|0#2|0#3|0#4|0#5|0#6|0#7|0#8|0#9|0#10|0#11|0#12|0,0|0#1|0#2|0#3|0#4|0#5|0#6|0#7|0#8|0#9|0#10|0#11|0#12|0,0|0#1|0#2|0#3|0#4|0#5|0#6|0#7|0#8|0#9|0#10|0#11|0#12|0
