150|144,0,0,0,0,0,0,0,0,0,0,0,0,0,0,0,0,,,,
138|123,0,0,0,0,0,0,0,0,0,0,0,0,0,0,0,0,,,,
45|14,0,0,0,0,0,0,0,0,0,0,0,0,0,0,0,0,,,,
128|48,0,0,0,0,0,0,0,0,0,0,0,0,0,0,0,0,,,,
19|34,0,0,0,0,0,0,0,0,0,0,0,0,0,0,0,0,,,,
85|61,7,1,19,0,0,1,1,5,0,0,2,22,0,0,0,0,0|0#1|0#2|0#3|2#4|0#5|0#6|0#7|0#8|0#9|0#10|0#11|0#12|0,0|0#1|0#2|0#3|1#4|0#5|0#6|0#7|0#8|0#9|0#10|0#11|0#12|0,0|0#1|0#2|0#3|1#4|0#5|0#6|0#7|0#8|0#9|0#10|0#11|0#12|0,0|0#1|0#2|0#3|1#4|0#5|0#6|0#7|0#8|0#9|0#10|0#11|0#12|0
135|17,0,0,0,0,0,0,0,0,0,0,0,0,0,0,0,0,,,,
109|37,0,0,0,0,0,0,0,0,0,0,0,0,0,0,0,0,0|0#1|0#2|0#3|0#4|0#5|0#6|0#7|0#8|0#9|0#10|0#11|0#12|0,0|0#1|0#2|0#3|0#4|0#5|0#6|0#7|0#8|0#9|0#10|0#11|0#12|0,0|0#1|0#2|0#3|0#4|0#5|0#6|0#7|0#8|0#9|0#10|0#11|0#12|0,0|0#1|0#2|0#3|0#4|0#5|0#6|0#7|0#8|0#9|0#10|0#11|0#12|0
57|56,1,0,2,0,0,0,0,1,0,0,0,1,0,0,1,0,0|0#1|0#2|0#3|0#4|0#5|0#6|0#7|0#8|0#9|0#10|0#11|0#12|0,0|0#1|0#2|0#3|0#4|0#5|0#6|0#7|0#8|0#9|0#10|0#11|0#12|0,0|0#1|0#2|0#3|0#4|0#5|0#6|0#7|0#8|0#9|0#10|0#11|0#12|0,0|0#1|0#2|0#3|0#4|0#5|0#6|0#7|0#8|0#9|0#10|0#11|0#12|0
118|31,0,0,0,0,0,0,0,0,0,0,0,0,0,0,0,0,,,,
48|122,0,0,0,0,0,0,0,0,0,0,0,0,0,0,0,0,,,,
9|77,0,0,0,0,0,0,0,0,0,0,0,0,0,0,0,0,,,,
60|143,0,0,0,0,0,0,0,0,0,0,0,0,0,0,0,0,,,,
144|11,0,0,0,0,0,0,0,0,0,0,0,0,0,0,0,0,,,,
133|4,0,0,0,0,2,2,1,0,4,0,0,0,0,0,0,0,,,,
64|25,0,0,0,0,0,0,0,0,0,0,0,0,0,0,0,0,,,,
73|130,0,0,0,0,0,0,0,0,0,0,0,0,0,0,0,0,,,,
92|30,0,0,0,0,0,0,0,0,0,0,0,0,0,0,0,0,,,,
66|50,0,0,0,0,0,0,0,0,0,0,0,0,0,0,0,0,,,,
95|78,0,0,4,1,0,1,1,1,1,0,0,2,0,0,0,0,0|0#1|0#2|0#3|2#4|2#5|1#6|2#7|1#8|1#9|2#10|2#11|2#12|0,0|0#1|0#2|0#3|1#4|0#5|0#6|0#7|0#8|0#9|0#10|0#11|0#12|0,0|0#1|0#2|0#3|2#4|1#5|2#6|2#7|0#8|2#9|2#10|1#11|2#12|0,0|0#1|0#2|0#3|1#4|0#5|0#6|1#7|0#8|0#9|0#10|0#11|0#12|0
137|42,0,0,0,0,0,0,0,0,0,0,0,0,0,0,0,0,,,,
125|136,0,0,0,0,0,0,0,0,0,0,0,0,0,0,0,0,,,,
83|36,0,0,0,0,0,0,0,0,0,0,0,0,0,0,0,0,,,,
59|81,0,0,0,0,0,0,0,0,0,0,0,0,0,0,0,0,,,,
147|59,0,0,0,0,0,0,0,0,0,0,0,0,0,0,0,0,,,,
35|135,0,0,0,0,0,0,0,0,0,0,0,0,0,0,0,0,,,,
21|131,0,0,0,0,0,0,0,0,0,0,0,0,0,0,0,0,,,,
78|92,0,0,0,0,0,0,0,2,2,0,0,0,1,0,0,0,0|0#1|0#2|0#3|0#4|0#5|0#6|0#7|0#8|0#9|0#10|0#11|0#12|0,,0|0#1|0#2|0#3|0#4|0#5|0#6|0#7|0#8|0#9|0#10|0#11|0#12|0,
111|132,0,0,0,0,2,2,1,0,1,0,1,0,1,0,0,0,,,,
87|134,0,0,0,0,0,0,0,0,0,0,0,0,0,0,0,0,,,,
49|139,0,0,0,0,0,0,0,0,0,0,0,0,0,0,0,0,,,,
74|147,0,0,0,0,0,0,0,0,0,0,0,0,0,0,0,0,,,,
69|98,16,3,69,5,2,5,3,8,1,1,22,2,1,0,0,0,,,,
107|6,0,0,0,0,0,0,0,0,0,0,0,0,0,0,0,0,,,,
76|67,141,41,407,30,22,22,23,22,3,11,101,27,22,0,0,0,0|0#1|0#2|0#3|2#4|0#5|1#6|1#7|1#8|1#9|1#10|1#11|1#12|0,0|0#1|0#2|0#3|1#4|0#5|1#6|1#7|0#8|0#9|0#10|0#11|0#12|0,0|0#1|0#2|0#3|2#4|0#5|1#6|1#7|1#8|1#9|1#10|1#11|1#12|0,0|0#1|0#2|0#3|0#4|0#5|1#6|1#7|0#8|0#9|0#10|0#11|0#12|0
38|45,0,0,0,0,0,0,0,0,0,0,0,0,0,0,0,0,,,,
74|9,0,0,0,0,0,0,0,0,0,0,0,0,0,0,0,0,,,,
149|84,0,0,0,0,0,0,0,0,0,0,0,0,0,0,0,0,0|0#1|0#2|0#3|0#4|0#5|0#6|0#7|0#8|0#9|0#10|0#11|0#12|0,0|0#1|0#2|0#3|0#4|0#5|0#6|0#7|0#8|0#9|0#10|0#11|0#12|0,0|0#1|0#2|0#3|0#4|0#5|0#6|0#7|0#8|0#9|0#10|0#11|0#12|0,0|0#1|0#2|0#3|0#4|0#5|0#6|0#7|0#8|0#9|0#10|0#11|0#12|0
