142|147,0,0,0,0,0,1,1,0,1,0,0,0,0,0,0,0,,,,
116|122,0,0,0,0,0,0,0,0,0,0,0,0,0,0,0,0,,,,
27|0,0,0,0,0,0,0,0,0,0,0,0,0,0,0,0,0,,,,
88|35,0,0,0,0,0,0,0,0,0,0,0,0,0,0,0,0,,,,
101|64,122,40,164,1,26,21,23,41,10,22,125,166,45,9,0,0,0|0#1|0#2|0#3|4#4|4#5|4#6|4#7|4#8|4#9|4#10|4#11|4#12|0,0|0#1|0#2|0#3|4#4|4#5|4#6|4#7|4#8|4#9|4#10|4#11|4#12|0,0|0#1|0#2|0#3|4#4|4#5|4#6|4#7|4#8|4#9|4#10|4#11|4#12|0,0|0#1|0#2|0#3|4#4|4#5|4#6|4#7|4#8|4#9|4#10|4#11|4#12|0
117|139,0,0,0,0,0,0,0,0,0,0,0,1,0,0,0,0,,,,
65|133,0,0,0,0,0,0,0,0,0,0,0,0,0,0,0,0,,,,
78|120,0,0,0,0,0,0,0,0,0,0,0,0,0,0,0,0,,,,
27|138,0,0,0,0,0,0,0,0,0,0,0,0,0,0,0,0,,,,
30|72,0,0,0,0,0,0,0,0,0,0,0,0,0,0,0,0,,,,
13|134,0,0,0,0,0,0,0,0,0,0,0,0,0,0,0,0,,,,
52|146,0,0,0,0,0,0,0,0,0,0,0,0,0,0,0,0,,,,
149|10,0,0,0,0,0,0,0,0,0,0,0,0,0,0,0,0,,,,
69|24,0,0,0,0,0,0,0,0,0,0,0,0,0,0,0,0,,,,
26|121,0,0,0,0,0,0,0,0,0,0,0,0,0,0,0,0,,,,
90|141,0,0,0,0,0,0,0,0,0,0,0,0,0,0,0,0,,,,
21|78,0,0,0,0,0,0,0,0,0,0,0,0,0,0,0,0,,,,
79|137,0,0,0,0,0,0,0,0,0,0,0,0,0,0,0,0,,,,
4|131,0,0,0,0,0,0,0,0,0,0,0,0,0,0,0,0,,,,
11|61,0,0,0,0,0,0,0,0,0,0,0,0,0,0,0,0,,,,
40|89,0,0,0,0,0,0,0,0,0,0,0,0,0,0,0,0,,,,
141|130,0,0,0,0,0,0,0,0,0,0,0,0,0,0,0,0,,,,
103|135,0,0,0,0,0,0,0,0,0,0,0,0,0,0,0,0,,,,
120|75,1,0,9,0,2,4,1,1,2,0,4,1,1,0,0,0,,,,
