68|48,25,3,75,4,3,2,14,4,9,0,13,5,6,0,0,0,0|0#1|0#2|0#3|0#4|0#5|0#6|0#7|0#8|0#9|0#10|0#11|0#12|0,0|0#1|0#2|0#3|0#4|0#5|0#6|0#7|0#8|0#9|0#10|0#11|0#12|0,0|0#1|0#2|0#3|0#4|0#5|0#6|0#7|0#8|0#9|0#10|0#11|0#12|0,0|0#1|0#2|0#3|0#4|0#5|0#6|0#7|0#8|0#9|0#10|0#11|0#12|0
127|122,0,0,0,0,0,0,0,0,0,0,0,0,0,0,0,0,,,,
8|27,0,0,0,0,0,0,0,0,0,0,0,0,0,0,0,0,,,,
87|59,0,0,1,1,0,1,0,0,1,0,0,3,1,0,0,0,0|0#1|0#2|0#3|4#4|2#5|2#6|2#7|2#8|2#9|3#10|3#11|2#12|0,0|0#1|0#2|0#3|3#4|2#5|2#6|2#7|2#8|2#9|2#10|2#11|2#12|0,0|0#1|0#2|0#3|4#4|2#5|2#6|3#7|2#8|3#9|3#10|2#11|2#12|0,0|0#1|0#2|0#3|2#4|2#5|2#6|1#7|2#8|2#9|2#10|2#11|2#12|0
89|120,0,0,0,0,0,0,0,0,0,0,0,0,0,0,0,0,,,,
75|17,0,0,0,0,0,0,0,0,0,0,0,0,0,0,0,0,,,,
84|11,0,1,0,0,0,0,0,0,0,0,0,0,0,0,0,0,,,,
10|85,0,0,0,0,0,0,0,0,0,0,0,0,0,0,0,0,,,,
11|147,0,0,0,0,0,0,0,0,0,0,0,0,0,0,0,0,,,,
37|121,0,0,0,0,0,0,0,0,0,0,0,0,0,0,0,0,,,,
129|23,0,0,0,0,0,0,0,0,0,0,0,0,0,0,0,0,,,,
58|31,1,0,4,0,0,1,0,0,1,0,2,0,0,0,0,0,,,,
39|20,0,0,0,0,0,0,0,0,0,0,0,0,0,0,0,0,,,,
89|84,0,0,0,0,0,0,0,0,0,0,0,0,0,0,0,0,,,,
86|9,0,0,0,0,0,0,0,0,0,0,0,0,0,0,0,0,,,,
24|134,0,0,0,0,0,0,0,0,0,0,0,0,0,0,0,0,,,,
100|88,0,0,0,0,0,0,0,0,0,0,0,0,0,0,0,0,,,,
128|139,0,0,0,0,0,0,0,0,0,0,0,0,0,0,0,0,,,,
114|135,1,0,1,0,3,1,0,1,2,0,0,3,2,0,0,0,,,,
100|131,0,0,0,0,0,0,0,0,0,0,0,0,0,0,0,0,,,,
2|144,0,0,0,0,0,0,0,0,0,0,0,0,0,0,0,0,,,,
10|130,0,0,0,0,0,0,0,0,0,0,0,0,0,0,0,0,,,,
63|146,0,0,0,0,0,0,0,0,0,0,0,0,0,0,0,0,,,,
96|53,0,0,0,0,0,0,0,0,0,0,0,3,3,0,0,0,0|0#1|0#2|0#3|4#4|4#5|4#6|4#7|3#8|4#9|4#10|4#11|4#12|0,0|0#1|0#2|0#3|3#4|3#5|2#6|2#7|2#8|2#9|3#10|2#11|2#12|0,0|0#1|0#2|0#3|4#4|4#5|4#6|3#7|4#8|4#9|4#10|4#11|4#12|0,0|0#1|0#2|0#3|3#4|2#5|2#6|2#7|2#8|2#9|2#10|2#11|3#12|0
94|28,0,0,0,0,0,0,0,0,0,0,0,0,0,0,0,0,,,,
148|34,0,0,0,0,0,0,0,0,0,0,0,0,0,0,0,0,,,,
49|37,0,0,0,0,0,0,0,0,0,0,0,0,0,0,0,0,,,,
38|138,0,0,0,0,0,0,0,0,0,0,0,0,0,0,0,0,,,,
119|6,0,0,0,0,0,0,0,0,0,0,0,0,0,0,0,0,,,,
152|130,0,0,0,0,0,0,0,0,0,0,0,0,0,0,0,0,,,,
77|42,0,0,0,0,0,0,0,1,0,0,0,0,0,0,0,0,0|0#1|0#2|0#3|0#4|0#5|0#6|0#7|0#8|0#9|0#10|0#11|0#12|0,,0|0#1|0#2|0#3|0#4|0#5|0#6|0#7|0#8|0#9|0#10|0#11|0#12|0,
145|4,0,0,0,0,0,0,0,0,0,0,0,0,0,0,0,0,,,,
76|133,0,0,0,0,0,0,0,0,0,0,0,0,0,0,0,0,,,,
