37|31,0,0,0,0,0,0,0,0,0,0,0,0,0,0,1,0,,,,
99|113,0,0,0,0,0,0,0,0,0,0,0,0,0,0,0,0,,,,
75|53,7,0,9,3,0,0,0,3,1,0,0,4,2,0,0,0,0|0#1|0#2|0#3|0#4|0#5|0#6|0#7|0#8|0#9|0#10|0#11|0#12|0,0|0#1|0#2|0#3|0#4|0#5|0#6|0#7|0#8|0#9|0#10|0#11|0#12|0,0|0#1|0#2|0#3|0#4|0#5|0#6|0#7|0#8|0#9|0#10|0#11|0#12|0,0|0#1|0#2|0#3|0#4|0#5|0#6|0#7|0#8|0#9|0#10|0#11|0#12|0
82|22,0,0,3,0,1,0,0,1,0,0,1,0,0,0,0,0,,,,
8|63,0,0,0,0,0,0,0,0,0,0,0,0,0,0,0,0,,,,
6|38,0,0,0,0,0,0,0,0,0,0,0,0,0,0,0,0,,,,
139|76,0,0,0,0,0,0,0,0,0,0,0,0,0,0,0,0,,,,
123|111,0,0,0,0,0,0,0,0,0,0,0,0,0,0,0,0,,,,
146|45,0,0,0,0,0,1,1,0,5,0,2,0,0,0,0,0,,,,
68|84,0,0,0,0,0,1,0,1,0,0,0,1,0,0,1,0,,0|0#1|0#2|0#3|0#4|0#5|0#6|0#7|0#8|0#9|0#10|0#11|0#12|0,0|0#1|0#2|0#3|0#4|0#5|0#6|0#7|0#8|0#9|0#10|0#11|0#12|0,
124|128,0,0,0,0,0,0,0,0,0,0,0,0,0,0,0,0,,,,
28|37,0,0,0,0,0,0,0,1,0,0,0,0,0,0,0,0,,,,
108|23,0,0,0,0,0,0,0,0,0,0,0,0,0,0,0,0,,,,
47|48,0,0,0,0,0,0,0,0,0,0,0,0,0,0,0,0,,,,
148|70,0,0,1,0,0,0,0,0,0,0,0,1,1,0,0,0,,,,
18|20,0,0,0,0,0,0,0,0,0,0,0,0,0,0,0,0,,,,
127|34,0,0,0,0,0,0,0,0,1,0,0,0,0,0,0,0,0|0#1|0#2|0#3|0#4|0#5|0#6|0#7|0#8|0#9|0#10|0#11|0#12|0,,0|0#1|0#2|0#3|0#4|0#5|0#6|0#7|0#8|0#9|0#10|0#11|0#12|0,
92|39,1,1,0,0,0,0,0,1,1,0,0,3,0,0,0,0,0|0#1|0#2|0#3|0#4|0#5|0#6|0#7|0#8|0#9|0#10|0#11|0#12|0,0|0#1|0#2|0#3|0#4|0#5|0#6|0#7|0#8|0#9|0#10|0#11|0#12|0,0|0#1|0#2|0#3|0#4|0#5|0#6|0#7|0#8|0#9|0#10|0#11|0#12|0,0|0#1|0#2|0#3|0#4|0#5|0#6|0#7|0#8|0#9|0#10|0#11|0#12|0
33|110,0,0,0,0,0,0,0,0,0,0,0,0,0,0,0,0,,,,
49|73,0,0,0,0,0,0,0,0,0,0,0,0,0,0,0,0,,,,
63|11,0,0,0,0,0,0,0,0,0,0,0,0,0,0,0,0,,,,
86|126,0,0,0,0,0,0,0,0,0,0,0,0,0,0,0,0,,,,
73|28,0,0,0,0,0,0,0,0,0,0,0,0,0,0,0,0,,,,
94|64,137,53,258,12,14,49,16,22,7,14,115,14,22,3,0,0,0|0#1|0#2|0#3|4#4|4#5|4#6|4#7|4#8|4#9|4#10|4#11|4#12|0,0|0#1|0#2|0#3|4#4|4#5|4#6|4#7|4#8|4#9|4#10|4#11|4#12|0,0|0#1|0#2|0#3|4#4|4#5|4#6|4#7|4#8|4#9|4#10|4#11|4#12|0,0|0#1|0#2|0#3|4#4|4#5|4#6|4#7|4#8|4#9|4#10|4#11|4#12|0
87|95,0,0,0,0,1,1,0,0,0,0,0,0,4,0,0,0,0|0#1|0#2|0#3|0#4|0#5|0#6|0#7|0#8|0#9|0#10|0#11|0#12|0,,0|0#1|0#2|0#3|0#4|0#5|0#6|0#7|0#8|0#9|0#10|0#11|0#12|0,
54|17,6,0,4,0,1,1,2,0,0,0,0,4,1,0,1,0,,,,
73|139,0,0,0,0,0,0,0,0,0,0,0,0,0,0,0,0,,,,
20|123,0,0,0,0,0,0,0,0,0,0,0,0,0,0,0,0,,,,
56|42,0,0,0,0,0,0,0,0,0,0,0,0,0,0,0,0,0|0#1|0#2|0#3|0#4|0#5|0#6|0#7|0#8|0#9|0#10|0#11|0#12|0,,0|0#1|0#2|0#3|0#4|0#5|0#6|0#7|0#8|0#9|0#10|0#11|0#12|0,
66|59,0,0,0,0,0,0,0,0,0,0,0,2,1,0,0,0,0|0#1|0#2|0#3|0#4|0#5|0#6|0#7|0#8|0#9|0#10|0#11|0#12|0,0|0#1|0#2|0#3|0#4|0#5|0#6|0#7|0#8|0#9|0#10|0#11|0#12|0,0|0#1|0#2|0#3|0#4|0#5|0#6|0#7|0#8|0#9|0#10|0#11|0#12|0,0|0#1|0#2|0#3|0#4|0#5|0#6|0#7|0#8|0#9|0#10|0#11|0#12|0
34|127,0,0,0,0,0,0,0,0,0,0,0,0,0,0,0,0,,,,
137|115,0,0,0,0,0,0,0,0,0,0,0,0,0,0,0,0,,,,
72|122,0,0,0,0,0,0,0,0,0,0,0,0,0,0,0,0,,,,
110|124,0,0,0,0,0,0,0,0,0,0,0,5,0,0,0,0,,,,
47|114,0,0,0,0,0,0,0,0,0,0,0,0,0,0,0,0,,,,
