42|70,0,0,0,0,0,0,0,0,0,0,0,0,0,0,0,0,,,,
1|60,0,0,0,0,0,0,0,0,0,0,0,0,0,0,0,0,,,,
71|98,0,0,0,0,0,0,0,0,0,0,0,0,0,0,0,0,,,,
16|90,0,0,0,0,0,0,0,0,0,0,0,0,0,0,0,0,,,,
113|62,0,1,0,0,0,0,0,0,0,0,0,16,0,0,0,0,0|0#1|0#2|0#3|0#4|0#5|0#6|0#7|0#8|0#9|0#10|0#11|0#12|0,,0|0#1|0#2|0#3|0#4|0#5|0#6|0#7|0#8|0#9|0#10|0#11|0#12|0,0|0#1|0#2|0#3|0#4|0#5|0#6|0#7|0#8|0#9|0#10|0#11|0#12|0
52|87,0,2,0,0,0,0,0,0,0,0,0,0,0,0,0,0,0|0#1|0#2|0#3|0#4|0#5|0#6|0#7|0#8|0#9|0#10|0#11|0#12|0,0|0#1|0#2|0#3|0#4|0#5|0#6|0#7|0#8|0#9|0#10|0#11|0#12|0,0|0#1|0#2|0#3|0#4|0#5|0#6|0#7|0#8|0#9|0#10|0#11|0#12|0,
14|65,0,0,0,0,0,0,0,0,0,0,0,0,0,0,0,0,,,,
80|92,0,0,0,0,0,0,0,1,0,0,0,0,0,0,0,0,,,,
57|4,0,0,0,0,0,0,0,0,0,0,0,0,1,0,0,0,,,,
104|68,0,1,2,0,1,6,1,1,0,0,0,2,1,0,0,0,0|0#1|0#2|0#3|4#4|4#5|4#6|3#7|4#8|3#9|4#10|3#11|3#12|0,0|0#1|0#2|0#3|4#4|3#5|3#6|2#7|3#8|2#9|2#10|2#11|2#12|0,0|0#1|0#2|0#3|4#4|4#5|4#6|4#7|4#8|4#9|3#10|3#11|4#12|0,0|0#1|0#2|0#3|4#4|3#5|3#6|3#7|2#8|2#9|2#10|2#11|2#12|0
52|102,0,0,0,0,0,0,0,0,0,0,0,0,0,0,0,0,,,,
120|31,0,0,0,0,0,0,0,0,0,0,0,0,0,0,0,0,,,,
91|114,0,0,0,0,0,0,0,0,0,0,0,0,0,0,0,0,,,,
104|108,0,0,0,0,0,0,0,0,0,0,0,0,0,0,0,0,,,,
111|37,5,1,2,3,0,0,0,0,0,0,0,1,0,0,0,0,0|0#1|0#2|0#3|0#4|0#5|0#6|0#7|0#8|0#9|0#10|0#11|0#12|0,,0|0#1|0#2|0#3|0#4|0#5|0#6|0#7|0#8|0#9|0#10|0#11|0#12|0,0|0#1|0#2|0#3|0#4|0#5|0#6|0#7|0#8|0#9|0#10|0#11|0#12|0
5|104,0,0,0,0,0,0,0,0,0,0,0,0,0,0,0,0,,,,
14|107,0,0,0,0,0,0,0,0,0,0,0,0,0,0,0,0,,,,
21|34,0,0,0,0,0,0,0,0,0,0,0,0,0,0,0,0,,,,
33|76,0,0,0,0,0,0,0,0,0,0,0,0,0,0,0,0,,,,
53|119,0,0,0,0,0,0,0,0,0,0,0,0,0,0,0,0,,,,
66|106,0,0,0,0,0,0,0,1,0,0,0,0,0,0,0,0,,,,
106|93,0,0,0,0,0,0,0,0,0,0,0,0,0,0,0,0,0|0#1|0#2|0#3|0#4|0#5|0#6|0#7|0#8|0#9|0#10|0#11|0#12|0,0|0#1|0#2|0#3|0#4|0#5|0#6|0#7|0#8|0#9|0#10|0#11|0#12|0,0|0#1|0#2|0#3|0#4|0#5|0#6|0#7|0#8|0#9|0#10|0#11|0#12|0,0|0#1|0#2|0#3|0#4|0#5|0#6|0#7|0#8|0#9|0#10|0#11|0#12|0
123|79,0,0,0,0,0,0,0,0,0,0,0,0,0,0,0,0,,,,
40|45,0,0,0,0,0,0,0,0,1,0,0,0,0,0,0,0,,,,
101|20,0,0,0,0,0,0,1,1,1,0,0,0,0,0,0,0,,,,
142|103,0,0,0,0,0,0,0,0,0,0,0,0,0,0,0,0,,,,
61|81,0,0,0,0,0,0,0,0,0,0,0,0,0,0,0,0,,,,
132|73,0,0,0,0,0,0,0,0,0,0,0,0,0,0,0,0,,,,
151|84,0,0,0,0,0,0,0,0,0,0,0,0,1,0,0,0,,,,
130|48,0,0,0,0,0,0,0,0,0,0,0,0,0,0,0,0,,,,
83|2,0,0,0,0,0,0,0,0,0,0,0,0,0,0,0,0,,,,
