27|17,0,0,0,0,0,0,0,0,0,0,0,0,0,0,0,0,,,,
74|33,6,3,1,0,0,0,0,2,1,0,1,0,0,0,0,0,,,0|0#1|0#2|0#3|0#4|0#5|0#6|0#7|0#8|0#9|0#10|0#11|0#12|0,
46|28,0,0,0,0,0,0,0,0,0,0,0,0,0,0,0,0,,,,
36|143,0,0,0,0,0,0,0,0,0,0,0,0,0,0,0,0,,,,
39|59,0,0,0,0,0,0,0,0,0,0,0,0,0,0,0,0,,,,
138|56,0,3,6,0,1,0,0,1,4,0,3,0,3,0,0,0,0|0#1|0#2|0#3|0#4|0#5|0#6|0#7|0#8|0#9|0#10|0#11|0#12|0,0|0#1|0#2|0#3|0#4|0#5|0#6|0#7|0#8|0#9|0#10|0#11|0#12|0,0|0#1|0#2|0#3|0#4|0#5|0#6|0#7|0#8|0#9|0#10|0#11|0#12|0,0|0#1|0#2|0#3|0#4|0#5|0#6|0#7|0#8|0#9|0#10|0#11|0#12|0
74|0,2,0,2,1,0,0,0,0,0,0,1,0,1,0,0,0,,,,
48|2,0,0,0,0,0,0,0,0,0,0,0,0,0,0,0,0,,,,
55|22,0,0,0,0,0,0,0,0,0,0,1,1,0,0,0,0,,,,
126|14,0,0,0,0,0,0,0,0,0,0,0,0,0,0,0,0,,,,
67|64,0,0,0,0,0,0,0,0,0,0,0,2,0,0,1,0,,,,
119|45,0,0,0,0,0,0,0,0,1,0,0,0,0,0,0,0,,,,
7|1,0,0,0,0,0,1,1,1,0,0,0,1,0,0,0,0,,,,
29|42,0,0,0,0,0,0,0,0,0,0,0,0,0,0,0,0,,,,
91|19,0,0,0,0,0,0,0,0,0,0,0,0,0,0,0,0,,,,
65|39,2,0,15,0,4,2,2,1,0,0,6,0,1,0,0,0,0|0#1|0#2|0#3|0#4|0#5|0#6|0#7|0#8|0#9|0#10|0#11|0#12|0,0|0#1|0#2|0#3|0#4|0#5|0#6|0#7|0#8|0#9|0#10|0#11|0#12|0,0|0#1|0#2|0#3|0#4|0#5|0#6|0#7|0#8|0#9|0#10|0#11|0#12|0,0|0#1|0#2|0#3|0#4|0#5|0#6|0#7|0#8|0#9|0#10|0#11|0#12|0
88|142,0,0,0,0,0,0,0,0,0,0,0,0,0,0,0,0,,,,
139|131,0,0,0,0,0,0,0,1,0,0,0,0,0,0,0,0,,,,
86|75,7,5,11,0,0,0,0,2,0,0,3,22,2,0,0,0,0|0#1|0#2|0#3|2#4|2#5|0#6|2#7|2#8|2#9|2#10|2#11|2#12|0,0|0#1|0#2|0#3|2#4|0#5|0#6|0#7|1#8|0#9|0#10|1#11|0#12|0,0|0#1|0#2|0#3|2#4|2#5|2#6|2#7|1#8|2#9|2#10|2#11|2#12|0,0|0#1|0#2|0#3|0#4|0#5|0#6|0#7|0#8|1#9|1#10|0#11|0#12|0
48|53,62,7,128,5,8,9,7,9,22,2,32,6,2,0,0,0,0|0#1|0#2|0#3|0#4|0#5|0#6|0#7|0#8|0#9|0#10|0#11|0#12|0,0|0#1|0#2|0#3|0#4|0#5|0#6|0#7|0#8|0#9|0#10|0#11|0#12|0,0|0#1|0#2|0#3|0#4|0#5|0#6|0#7|0#8|0#9|0#10|0#11|0#12|0,0|0#1|0#2|0#3|0#4|0#5|0#6|0#7|0#8|0#9|0#10|0#11|0#12|0
126|144,0,0,0,0,0,0,0,0,0,0,0,0,0,0,0,0,,,,
5|18,0,0,0,0,0,0,0,0,0,0,0,0,0,0,0,0,,,,
93|44,0,0,0,2,0,0,0,0,2,0,0,1,0,0,0,0,0|0#1|0#2|0#3|0#4|0#5|0#6|0#7|0#8|0#9|0#10|0#11|0#12|0,,0|0#1|0#2|0#3|0#4|0#5|0#6|0#7|0#8|0#9|0#10|0#11|0#12|0,
145|25,0,0,0,0,0,0,0,0,0,0,0,0,0,0,0,0,,,,
147|50,0,0,0,0,0,0,0,0,0,0,0,0,0,0,0,0,,,,
49|130,0,0,0,0,0,0,0,0,0,0,0,0,0,0,0,0,,,,
36|11,0,0,0,0,0,0,0,0,0,0,0,0,0,0,0,0,,,,
71|108,0,0,0,0,0,0,0,0,0,0,0,0,0,0,0,0,,,,
112|140,118,29,214,10,14,9,19,25,35,5,89,13,7,1,4,0,,,,
7|43,0,0,0,0,0,0,0,0,4,0,0,0,0,0,0,0,,,,
