136|7,0,0,0,0,0,0,0,0,0,0,0,0,0,0,0,0,,,,
122|39,0,0,0,0,0,0,0,0,0,0,0,0,0,0,0,0,,,,
51|47,0,0,16,0,0,0,0,1,0,0,3,0,1,0,0,0,0|0#1|0#2|0#3|0#4|0#5|0#6|0#7|0#8|0#9|0#10|0#11|0#12|0,0|0#1|0#2|0#3|0#4|0#5|0#6|0#7|0#8|0#9|0#10|0#11|0#12|0,0|0#1|0#2|0#3|0#4|0#5|0#6|0#7|0#8|0#9|0#10|0#11|0#12|0,
42|128,0,0,0,0,0,0,0,0,0,0,0,0,0,0,0,0,,,,
7|100,0,0,0,0,0,0,0,0,0,0,0,0,0,0,0,0,,,,
124|64,0,0,0,0,0,0,0,0,1,0,0,0,0,0,0,0,0|0#1|0#2|0#3|0#4|0#5|0#6|0#7|0#8|0#9|0#10|0#11|0#12|0,,0|0#1|0#2|0#3|0#4|0#5|0#6|0#7|0#8|0#9|0#10|0#11|0#12|0,
27|92,0,0,0,0,0,0,0,0,0,0,0,0,0,0,0,0,,,,
145|116,0,0,0,0,0,0,0,0,0,0,0,0,0,0,0,0,,,,
106|104,0,0,0,0,0,0,0,0,0,0,0,0,0,0,0,0,,,,
105|53,1,1,2,0,0,0,0,17,2,2,0,3,3,0,0,0,0|0#1|0#2|0#3|1#4|1#5|0#6|2#7|2#8|2#9|2#10|1#11|0#12|0,0|0#1|0#2|0#3|0#4|1#5|0#6|1#7|0#8|1#9|0#10|0#11|0#12|0,0|0#1|0#2|0#3|2#4|0#5|1#6|2#7|2#8|2#9|1#10|0#11|0#12|0,0|0#1|0#2|0#3|0#4|0#5|0#6|0#7|0#8|1#9|0#10|0#11|0#12|0
60|41,0,0,0,0,0,0,0,0,0,0,0,0,0,0,0,0,0|0#1|0#2|0#3|0#4|0#5|0#6|0#7|0#8|0#9|0#10|0#11|0#12|0,,0|0#1|0#2|0#3|0#4|0#5|0#6|0#7|0#8|0#9|0#10|0#11|0#12|0,
143|75,0,0,0,0,0,0,0,0,0,0,0,0,0,0,0,0,,,,
3|68,0,0,0,0,0,0,0,0,0,0,0,0,0,0,0,0,,,,
80|123,0,0,0,0,0,0,0,0,0,0,0,0,0,0,0,0,,,,
0|20,0,0,0,0,0,0,0,0,0,0,0,0,0,0,0,0,,,,
53|72,0,0,0,0,0,0,0,0,0,0,0,0,0,0,0,0,,,,
150|44,0,0,0,0,0,0,0,0,0,0,0,0,0,0,0,0,,,,
91|94,0,0,0,0,0,0,0,0,0,0,0,0,0,0,0,0,,,,
34|61,0,0,0,0,0,0,0,0,0,0,0,0,0,0,0,0,,,,
32|36,0,0,0,0,0,0,0,0,0,0,0,0,0,0,0,0,,,,
68|102,0,0,1,1,0,0,1,0,0,0,0,0,2,0,0,0,,,,
15|50,0,0,0,0,0,0,0,0,0,0,0,0,0,0,0,0,,,,
16|103,0,0,0,0,0,0,0,0,0,0,0,0,0,0,0,0,,,,
55|115,0,0,0,0,0,0,0,0,0,0,0,0,0,0,0,0,,,,
112|22,0,0,0,0,0,0,0,0,0,0,0,0,0,0,0,0,,,,
132|129,0,0,0,0,0,0,0,0,0,0,0,0,0,0,0,0,,,,
18|98,0,0,0,0,0,0,0,0,0,0,0,0,0,0,0,0,,,,
63|89,10,2,13,4,1,2,2,9,1,0,5,0,3,0,0,0,,0|0#1|0#2|0#3|0#4|0#5|0#6|0#7|0#8|0#9|0#10|0#11|0#12|0,,0|0#1|0#2|0#3|0#4|0#5|0#6|0#7|0#8|0#9|0#10|0#11|0#12|0
103|28,0,0,0,0,0,0,0,0,0,0,0,0,0,0,0,0,0|0#1|0#2|0#3|0#4|0#5|0#6|0#7|0#8|0#9|0#10|0#11|0#12|0,0|0#1|0#2|0#3|0#4|0#5|0#6|0#7|0#8|0#9|0#10|0#11|0#12|0,0|0#1|0#2|0#3|0#4|0#5|0#6|0#7|0#8|0#9|0#10|0#11|0#12|0,0|0#1|0#2|0#3|0#4|0#5|0#6|0#7|0#8|0#9|0#10|0#11|0#12|0
41|111,0,0,0,0,0,0,0,0,0,0,0,0,0,0,0,0,,,,
32|0,0,0,0,0,0,0,0,0,0,0,0,0,0,0,0,0,,,,
44|78,0,0,0,0,0,0,0,0,0,0,0,0,0,0,0,0,,,,
8|117,0,0,0,0,0,0,0,0,0,0,0,0,0,0,0,0,,,,
25|67,0,0,0,0,0,0,0,0,0,0,0,0,0,0,0,0,,,,
94|127,0,0,0,0,0,0,0,0,0,0,0,0,0,0,0,0,,,,
5|93,0,0,0,0,0,0,0,0,0,0,0,0,0,0,0,0,,,,
131|112,47,14,23,3,4,0,0,6,4,0,15,31,14,0,0,0,,,,
117|95,1,0,4,0,0,2,1,0,6,0,1,13,1,1,0,0,0|0#1|0#2|0#3|0#4|0#5|0#6|0#7|0#8|0#9|0#10|0#11|0#12|0,0|0#1|0#2|0#3|0#4|0#5|0#6|0#7|0#8|0#9|0#10|0#11|0#12|0,0|0#1|0#2|0#3|0#4|0#5|0#6|0#7|0#8|0#9|0#10|0#11|0#12|0,0|0#1|0#2|0#3|0#4|0#5|0#6|0#7|0#8|0#9|0#10|0#11|0#12|0
13|25,1,0,1,0,0,0,0,0,0,0,0,0,0,0,0,0,,,,
69|119,0,0,0,0,0,0,0,0,0,0,0,0,0,0,0,0,,,,
72|83,0,0,0,0,0,1,0,0,0,0,0,0,0,0,0,0,,,,
41|30,0,0,0,0,0,0,0,0,0,0,0,0,0,0,0,0,,,,
93|110,0,0,0,0,0,1,0,0,0,0,0,0,0,0,0,0,,,,
70|58,0,0,0,0,0,0,0,0,0,0,0,0,0,0,0,0,,,,
131|33,0,0,0,0,0,0,0,0,0,0,0,0,0,0,0,0,,,,
