13|57,0,0,0,0,0,0,0,0,0,0,0,0,0,0,0,0,,,,
16|135,0,0,0,0,0,0,0,0,0,0,0,0,0,0,0,0,,,,
20|26,0,0,0,0,0,0,0,0,0,0,0,0,0,0,0,0,,,,
99|25,0,0,0,0,0,0,0,0,0,0,0,0,0,0,0,0,,,,
150|76,0,0,0,0,0,0,0,0,0,0,0,0,0,0,0,0,,,,
15|82,0,0,0,0,0,0,0,0,0,0,0,0,0,0,0,0,,,,
7|132,0,0,0,0,0,0,0,0,0,0,0,0,0,0,0,0,,,,
131|65,0,0,0,0,0,0,0,0,0,0,0,0,0,0,0,0,,,,
93|142,0,0,0,0,0,0,0,0,0,0,0,0,0,0,0,0,,,,
41|62,0,0,0,0,0,0,0,0,1,0,1,0,0,0,0,0,,,,
133|90,0,0,0,0,0,0,0,0,0,0,0,0,0,0,0,0,0|0#1|0#2|0#3|0#4|0#5|0#6|0#7|0#8|0#9|0#10|0#11|0#12|0,,,
119|123,0,0,0,0,0,0,0,0,0,0,0,0,0,0,0,0,,,,
0|52,0,0,0,0,0,0,0,0,0,0,0,0,0,0,0,0,,,,
51|79,12,5,0,0,0,0,0,5,7,1,2,2,2,0,0,0,,,,
55|147,0,0,0,0,0,0,0,0,0,0,0,0,0,0,0,0,,,,
110|29,0,0,0,0,0,0,0,0,0,0,0,0,0,0,0,0,,,,
105|85,1,1,8,0,2,1,1,1,7,0,3,2,7,0,0,0,,,,
144|131,0,0,0,0,0,0,0,0,0,0,0,0,0,0,0,0,,,,
25|99,0,0,0,0,0,0,0,0,0,0,0,0,0,0,0,0,,,,
12|7,0,0,0,0,0,0,0,0,0,0,0,0,0,0,0,0,,,,
131|144,0,0,0,0,0,0,0,0,0,0,0,0,0,0,0,0,,,,
68|134,0,0,0,0,0,0,0,0,0,0,0,0,0,0,0,0,,,,
22|51,11,7,2,0,0,0,0,16,7,1,3,0,2,0,0,0,,,,
106|136,0,0,0,0,0,1,0,0,0,0,0,1,0,0,0,0,,,,
112|54,0,3,0,0,0,1,0,0,0,0,0,5,0,0,0,0,,,,
32|68,0,0,0,0,0,0,0,0,0,0,0,0,0,0,0,0,,,,
34|93,0,0,0,0,0,0,0,0,0,0,0,0,0,0,0,0,,,,
54|130,0,0,0,0,0,0,0,0,0,0,0,0,0,0,0,0,,,,
100|12,0,0,0,0,0,0,0,0,0,0,0,0,0,0,0,0,,,,
41|143,0,0,0,0,0,0,0,0,0,0,0,0,0,0,0,0,,,,
29|122,0,0,0,0,0,0,0,0,0,0,0,0,0,0,0,0,,,,
60|73,0,0,0,0,0,0,0,0,0,0,0,0,0,0,0,0,,,,
124|96,0,0,0,0,0,0,0,0,0,0,0,0,0,0,0,0,,,,
