40|39,0,0,0,0,0,0,0,1,0,1,0,0,0,0,0,0,,,,
122|50,1,0,0,0,0,0,0,7,0,0,0,0,0,0,0,0,,,,
9|145,0,0,0,0,0,0,0,0,0,0,0,0,0,0,0,0,,,,
35|95,0,0,0,0,0,0,0,0,0,0,0,0,0,0,0,0,,,,
14|59,0,1,0,0,0,0,0,3,0,0,0,0,1,0,0,0,,,,
30|22,0,0,0,0,0,0,0,0,0,0,0,0,0,0,0,0,,,,
42|64,0,0,0,0,0,0,0,0,0,0,0,0,0,0,0,0,,,,
106|87,0,0,0,0,0,1,1,0,1,0,0,0,0,0,0,0,,,,
125|98,0,0,0,0,0,2,0,0,1,0,0,1,0,0,0,0,,,,
1|54,0,0,0,0,0,0,0,0,0,0,0,0,0,0,0,0,,,,
132|140,0,0,0,0,0,0,0,0,0,0,0,0,0,0,0,0,,,,
11|11,0,0,0,0,0,0,0,0,0,0,0,0,0,0,0,0,,,,
21|28,0,0,0,0,0,0,0,0,0,0,0,0,0,0,0,0,,,,
22|9,0,0,0,0,0,0,0,0,0,0,0,0,0,0,0,0,,,,
141|61,0,0,0,0,0,0,0,0,0,0,0,0,0,0,0,0,0|0#1|0#2|0#3|0#4|0#5|0#6|0#7|0#8|0#9|0#10|0#11|0#12|0,,,
91|108,1,0,0,1,0,0,1,0,1,0,0,0,0,0,0,0,,,,
113|56,0,0,0,0,0,1,0,0,0,0,0,0,0,0,0,0,0|0#1|0#2|0#3|0#4|0#5|0#6|0#7|0#8|0#9|0#10|0#11|0#12|0,,,
17|131,0,0,0,0,0,0,0,0,0,0,0,0,0,0,0,0,,,,
23|53,0,0,0,0,0,0,0,0,0,0,0,0,0,0,0,0,,,,
49|0,0,0,0,0,0,0,0,0,0,0,0,0,0,0,0,0,,,,
56|143,0,0,0,0,0,0,0,0,0,0,0,0,0,0,0,0,,,,
61|75,0,0,0,0,0,0,0,2,0,0,0,0,0,0,0,0,,,,
69|130,0,0,0,0,0,0,0,0,0,0,0,0,0,0,0,0,,,,
107|132,0,0,0,0,0,0,0,0,0,0,0,0,0,0,0,0,,,,
134|92,0,0,0,0,0,0,0,0,0,0,0,0,0,0,0,0,,,,
132|67,0,0,0,0,0,0,0,0,0,0,0,0,0,0,0,0,,,,
16|84,0,0,0,0,0,0,0,0,0,0,0,0,0,0,0,0,,,,
146|144,0,0,0,0,0,0,0,0,0,0,0,0,0,0,0,0,,,,
115|81,0,0,0,0,0,0,0,0,0,0,0,4,0,0,0,0,,,,
120|25,0,0,0,0,0,0,0,0,0,0,0,0,0,0,0,0,,,,
80|86,0,1,0,0,0,0,0,1,1,0,0,2,1,0,0,0,,,,
151|78,0,0,0,0,0,0,0,0,0,0,0,0,0,0,0,0,,,,
101|14,12,1,17,5,0,0,0,1,0,0,1,0,0,0,0,0,,,,
