11|51,0,0,0,0,0,0,0,0,0,0,0,0,0,0,0,0,,,,
4|121,0,0,0,0,0,0,0,0,0,0,0,0,0,0,0,0,,,,
116|112,0,0,0,0,0,0,0,0,0,0,0,0,0,0,0,0,,,,
5|138,0,0,0,0,0,0,0,0,0,0,0,0,0,0,0,0,,,,
52|136,0,0,0,0,0,0,0,0,0,0,0,0,0,0,0,0,,,,
14|99,0,0,0,0,0,0,0,0,0,0,0,0,0,0,0,0,,,,
113|96,0,0,0,0,0,0,0,0,0,0,0,1,0,0,0,0,,,,
88|25,5,3,4,0,0,0,0,1,0,0,1,0,0,0,0,0,0|0#1|0#2|0#3|0#4|0#5|0#6|0#7|2#8|0#9|0#10|0#11|0#12|0,0|0#1|0#2|0#3|0#4|0#5|0#6|1#7|1#8|0#9|0#10|0#11|0#12|0,0|0#1|0#2|0#3|0#4|0#5|0#6|1#7|1#8|0#9|0#10|0#11|0#12|0,0|0#1|0#2|0#3|0#4|0#5|1#6|1#7|1#8|0#9|0#10|0#11|0#12|0
122|6,0,0,0,0,0,0,0,0,0,0,0,0,0,0,0,0,,,,
13|124,0,0,0,0,0,0,0,0,0,0,0,0,0,0,0,0,,,,
90|131,0,0,0,0,0,0,0,0,0,0,0,0,0,0,0,0,,,,
27|128,0,0,0,0,0,0,0,0,0,0,0,0,0,0,0,0,,,,
79|127,0,0,0,0,0,0,0,0,0,0,0,0,0,0,0,0,,,,
69|14,0,0,0,0,0,0,0,0,0,0,0,0,0,0,0,0,,,,
26|111,0,0,0,0,0,0,0,0,1,0,0,0,0,0,0,0,,,,
40|79,0,0,0,0,0,0,0,0,0,0,0,0,0,0,0,0,,,,
120|65,0,1,3,0,2,4,0,1,2,0,3,0,1,0,0,0,0|0#1|0#2|0#3|3#4|2#5|2#6|2#7|2#8|2#9|2#10|2#11|2#12|0,0|0#1|0#2|0#3|2#4|0#5|0#6|1#7|0#8|0#9|0#10|0#11|0#12|0,0|0#1|0#2|0#3|2#4|2#5|2#6|2#7|2#8|2#9|2#10|2#11|2#12|0,0|0#1|0#2|0#3|2#4|0#5|1#6|0#7|0#8|0#9|0#10|0#11|1#12|0
21|68,0,0,0,0,0,0,0,0,0,0,0,0,0,0,0,0,,,,
30|62,0,0,0,0,0,0,0,0,0,0,0,0,0,0,0,0,,,,
141|120,0,0,0,0,0,0,0,0,0,0,0,0,0,0,0,0,,,,
122|90,0,0,0,0,0,0,0,0,0,0,0,0,0,0,0,0,,,,
103|125,0,0,0,0,0,0,0,0,0,0,0,1,0,0,0,0,,,,
1|94,0,0,0,0,0,0,0,0,0,0,0,0,0,0,0,0,,,,
117|129,0,0,0,0,0,0,0,0,0,0,0,0,0,0,0,0,,,,
65|123,0,0,0,0,0,0,0,0,0,0,0,0,0,0,0,0,,,,
142|137,0,0,0,0,0,0,0,1,1,0,0,0,0,0,0,0,,,,
101|54,1,0,0,2,0,3,0,0,5,0,1,1,1,1,0,0,0|0#1|0#2|0#3|4#4|4#5|4#6|4#7|4#8|4#9|4#10|4#11|4#12|0,0|0#1|0#2|0#3|4#4|4#5|3#6|3#7|3#8|3#9|4#10|3#11|4#12|0,0|0#1|0#2|0#3|4#4|4#5|4#6|4#7|4#8|4#9|4#10|4#11|4#12|0,0|0#1|0#2|0#3|4#4|4#5|4#6|3#7|3#8|4#9|4#10|3#11|4#12|0
23|93,0,0,0,0,0,0,0,0,0,0,0,0,0,0,0,0,,,,
78|110,0,0,0,0,0,0,1,0,0,0,0,0,0,0,0,0,,,,
