35|106,0,0,0,0,0,0,0,0,0,0,0,0,0,0,0,0,,,,
47|10,36,14,26,5,0,3,1,7,0,1,10,13,17,0,1,0,,,,
76|38,1,0,0,0,0,0,0,0,0,0,0,0,0,0,0,0,,,,
97|74,32,36,48,6,4,9,7,7,1,3,26,2,6,0,0,0,0|0#1|0#2|0#3|4#4|4#5|2#6|3#7|2#8|2#9|4#10|4#11|4#12|0,0|0#1|0#2|0#3|4#4|3#5|2#6|2#7|2#8|2#9|2#10|2#11|2#12|0,0|0#1|0#2|0#3|4#4|3#5|3#6|3#7|2#8|3#9|4#10|3#11|4#12|0,0|0#1|0#2|0#3|4#4|2#5|2#6|2#7|2#8|2#9|3#10|2#11|3#12|0
9|48,0,0,0,0,0,0,0,0,0,0,0,0,0,0,0,0,,,,
69|69,0,0,0,0,0,0,0,0,0,0,0,0,0,0,0,0,,,,
0|129,0,0,0,0,0,0,0,0,0,0,0,0,0,0,0,0,,,,
127|2,0,0,0,0,0,0,0,0,0,0,0,0,0,0,0,0,,,,
128|19,0,0,0,0,0,0,0,0,0,0,0,0,0,0,0,0,,,,
111|103,0,0,0,0,0,0,0,0,0,0,0,0,0,0,0,0,,,,
150|115,0,0,0,0,0,0,0,0,0,0,0,0,0,0,0,0,,,,
66|21,0,0,0,0,0,0,0,0,0,0,0,0,0,0,0,0,,,,
87|105,0,0,0,0,0,0,0,0,0,0,0,0,0,0,0,0,,,,
38|16,0,0,0,0,0,0,0,0,0,0,0,0,1,0,0,0,,,,
74|118,0,0,0,0,0,0,0,0,0,0,0,0,0,0,0,0,,,,
149|55,0,0,0,0,0,0,0,0,0,0,0,0,0,0,0,0,,0|0#1|0#2|0#3|0#4|0#5|0#6|0#7|0#8|0#9|0#10|0#11|0#12|0,,
85|32,2,0,2,0,0,0,0,0,0,0,0,4,0,0,0,0,,,,
59|52,0,0,0,0,0,0,0,0,0,0,0,0,0,0,0,0,,,,
125|107,2,3,13,1,5,0,0,3,5,0,5,7,1,0,0,0,,,,
21|102,0,0,0,0,0,0,0,0,0,0,0,0,0,0,0,0,,,,
68|7,0,0,0,0,0,0,0,0,0,0,0,0,0,0,0,0,,,,
22|119,0,0,0,0,0,0,0,0,0,0,0,0,0,0,0,0,,,,
57|27,0,0,0,0,0,0,0,0,0,0,0,0,0,0,0,0,,,,
60|114,3,1,2,0,0,0,0,5,0,0,0,0,1,0,0,0,,,,
73|101,0,0,0,0,0,0,0,0,0,0,0,0,0,0,0,0,,,,
94|5,0,0,0,0,0,0,0,0,0,0,0,0,0,0,0,0,,,,
137|13,0,0,0,0,0,0,0,0,0,0,0,0,0,0,0,0,,,,
95|49,0,0,1,0,0,0,0,0,0,0,0,8,0,0,0,0,0|0#1|0#2|0#3|0#4|0#5|0#6|0#7|0#8|0#9|1#10|0#11|0#12|0,0|0#1|0#2|0#3|0#4|0#5|0#6|0#7|0#8|0#9|0#10|0#11|0#12|0,0|0#1|0#2|0#3|0#4|0#5|0#6|0#7|0#8|1#9|0#10|0#11|0#12|0,0|0#1|0#2|0#3|0#4|0#5|0#6|0#7|0#8|0#9|0#10|0#11|0#12|0
78|63,1,0,2,0,0,1,1,2,2,0,0,40,6,0,0,0,0|0#1|0#2|0#3|0#4|0#5|0#6|0#7|0#8|1#9|0#10|0#11|0#12|0,0|0#1|0#2|0#3|0#4|0#5|0#6|0#7|0#8|0#9|0#10|0#11|0#12|0,0|0#1|0#2|0#3|0#4|0#5|0#6|0#7|1#8|0#9|0#10|0#11|0#12|0,0|0#1|0#2|0#3|0#4|0#5|0#6|0#7|0#8|0#9|0#10|0#11|0#12|0
