44|113,0,0,0,0,0,0,0,0,0,0,0,0,2,0,0,0,,,,
31|126,0,0,0,0,0,0,0,0,0,0,0,0,0,0,0,0,,,,
134|114,4,0,0,0,0,0,0,0,0,0,0,0,1,0,0,0,,,,
57|94,0,0,0,0,0,0,0,0,0,0,0,0,0,0,0,0,0|0#1|0#2|0#3|0#4|0#5|0#6|0#7|0#8|0#9|0#10|0#11|0#12|0,0|0#1|0#2|0#3|0#4|0#5|0#6|0#7|0#8|0#9|0#10|0#11|0#12|0,0|0#1|0#2|0#3|0#4|0#5|0#6|0#7|0#8|0#9|0#10|0#11|0#12|0,0|0#1|0#2|0#3|0#4|0#5|0#6|0#7|0#8|0#9|0#10|0#11|0#12|0
64|63,0,0,0,0,0,1,0,1,0,0,0,0,0,0,0,0,,,,
43|27,0,0,0,0,0,0,0,0,0,0,0,0,0,0,0,0,,,,
121|127,0,0,0,0,0,0,0,0,0,0,0,0,0,0,0,0,,,,
90|43,0,0,0,0,0,0,0,0,0,0,0,1,0,0,0,0,0|0#1|0#2|0#3|0#4|0#5|0#6|0#7|0#8|0#9|0#10|0#11|0#12|0,,0|0#1|0#2|0#3|0#4|0#5|0#6|0#7|0#8|0#9|0#10|0#11|0#12|0,
26|41,0,0,0,0,0,0,0,0,1,0,0,0,0,0,0,0,,,,
19|72,0,0,0,0,0,0,0,0,0,0,0,0,0,0,0,0,,,,
62|38,0,0,0,0,0,0,0,0,0,0,0,0,0,0,0,0,,,,
83|74,0,4,3,0,0,0,0,1,0,0,0,4,0,0,0,0,0|0#1|0#2|0#3|0#4|0#5|0#6|0#7|0#8|0#9|0#10|0#11|0#12|0,0|0#1|0#2|0#3|0#4|0#5|0#6|0#7|0#8|0#9|0#10|0#11|0#12|0,0|0#1|0#2|0#3|0#4|0#5|0#6|0#7|0#8|0#9|0#10|0#11|0#12|0,0|0#1|0#2|0#3|0#4|0#5|0#6|0#7|0#8|0#9|0#10|0#11|0#12|0
83|125,0,0,0,0,0,0,0,0,0,0,0,0,0,0,0,0,,,,
148|118,0,0,0,0,0,0,0,0,0,0,0,0,0,0,0,0,,,,
109|75,2,3,3,0,0,0,0,0,0,0,1,0,1,0,0,0,0|0#1|0#2|0#3|1#4|1#5|0#6|1#7|1#8|1#9|0#10|0#11|1#12|0,0|0#1|0#2|0#3|0#4|0#5|0#6|0#7|0#8|0#9|0#10|0#11|0#12|0,0|0#1|0#2|0#3|0#4|1#5|0#6|0#7|1#8|1#9|0#10|1#11|0#12|0,0|0#1|0#2|0#3|0#4|0#5|0#6|0#7|0#8|0#9|0#10|0#11|0#12|0
128|86,2,0,0,0,0,1,0,3,0,0,0,0,0,0,0,0,,,,
36|58,0,0,0,0,0,0,0,0,0,0,0,0,0,0,0,0,,0|0#1|0#2|0#3|0#4|0#5|0#6|0#7|0#8|0#9|0#10|0#11|0#12|0,,0|0#1|0#2|0#3|0#4|0#5|0#6|0#7|0#8|0#9|0#10|0#11|0#12|0
120|110,0,0,0,0,0,0,0,0,1,0,0,0,0,0,0,0,,,,
55|69,0,0,0,0,0,0,0,0,0,0,0,1,0,0,0,0,,,,
17|47,0,0,0,0,0,0,0,0,0,0,0,0,0,0,0,0,,,,
33|10,3,0,0,0,0,0,0,0,0,0,0,0,0,0,0,0,,,,
29|89,0,0,0,0,0,0,0,0,0,0,0,0,0,0,0,0,,,,
38|83,0,0,0,0,0,0,0,0,0,0,0,0,0,0,0,0,,,,
2|17,0,0,0,0,0,0,0,0,0,0,0,0,0,0,0,0,,,,
71|32,0,0,0,0,0,0,0,0,1,0,0,0,0,0,0,0,,,,
135|55,0,0,0,0,0,0,0,0,0,0,0,0,0,0,0,0,,,,
109|106,0,0,0,0,0,0,0,0,1,0,0,0,0,0,0,0,,,,
142|24,0,0,0,0,0,0,0,0,0,0,0,0,0,0,0,0,,,,
96|112,0,0,0,0,0,0,0,0,0,0,0,0,0,0,0,0,,,,
116|44,0,0,0,0,0,0,0,0,0,0,0,0,0,0,0,0,,,,
24|16,0,0,0,0,0,0,0,0,0,0,0,0,0,0,0,0,,,,
147|101,0,0,0,0,0,0,0,0,0,0,0,0,0,0,0,0,,,,
148|6,0,0,0,0,0,0,0,0,0,0,0,0,0,0,0,0,,,,
57|100,154,54,434,5,30,14,17,25,6,24,100,19,27,0,0,0,0|0#1|0#2|0#3|0#4|0#5|0#6|0#7|0#8|0#9|0#10|0#11|0#12|0,0|0#1|0#2|0#3|0#4|0#5|0#6|0#7|0#8|0#9|0#10|0#11|0#12|0,0|0#1|0#2|0#3|0#4|0#5|0#6|0#7|0#8|0#9|0#10|0#11|0#12|0,0|0#1|0#2|0#3|0#4|0#5|0#6|0#7|0#8|0#9|0#10|0#11|0#12|0
97|129,0,1,0,0,0,0,0,0,1,0,0,0,0,0,0,0,,,,
52|21,0,0,0,0,0,0,0,0,0,0,0,0,0,0,0,0,,,,
18|1,0,0,0,0,0,0,0,0,0,0,0,0,0,0,0,0,,,,
81|49,0,4,0,0,0,0,0,2,1,0,0,1,0,0,0,0,0|0#1|0#2|0#3|0#4|0#5|0#6|0#7|0#8|0#9|0#10|0#11|0#12|0,,0|0#1|0#2|0#3|0#4|0#5|0#6|0#7|0#8|0#9|0#10|0#11|0#12|0,
123|13,0,0,0,0,0,0,0,0,0,0,0,0,0,0,0,0,,,,
45|52,0,0,0,0,0,1,0,0,0,0,0,0,2,0,0,0,0|0#1|0#2|0#3|0#4|0#5|0#6|0#7|0#8|0#9|0#10|0#11|0#12|0,0|0#1|0#2|0#3|0#4|0#5|0#6|0#7|0#8|0#9|0#10|0#11|0#12|0,0|0#1|0#2|0#3|0#4|0#5|0#6|0#7|0#8|0#9|0#10|0#11|0#12|0,
147|97,0,0,0,0,0,0,0,0,0,0,0,0,0,0,0,0,,,,
137|80,0,0,0,0,0,0,0,0,0,0,0,0,0,0,0,0,,,,
4|42,0,0,0,0,0,0,0,0,0,0,0,0,0,0,0,0,,,,
19|105,0,0,0,0,0,0,0,0,0,0,0,0,0,0,0,0,,,,
70|138,0,0,0,0,0,0,0,0,0,0,0,0,0,0,0,0,,,,
114|19,0,0,0,0,0,0,0,0,0,0,0,0,0,0,0,0,,,,
58|117,0,0,0,0,0,0,0,0,0,0,0,0,0,0,0,0,,,,
