79|65,53,10,46,3,7,7,3,7,50,3,24,5,3,0,0,0,0|0#1|0#2|0#3|1#4|2#5|2#6|2#7|2#8|2#9|2#10|2#11|2#12|0,0|0#1|0#2|0#3|0#4|1#5|1#6|1#7|2#8|0#9|1#10|1#11|2#12|0,0|0#1|0#2|0#3|0#4|2#5|2#6|2#7|2#8|2#9|2#10|2#11|2#12|0,0|0#1|0#2|0#3|1#4|1#5|1#6|2#7|1#8|1#9|1#10|1#11|2#12|0
1|125,0,0,0,0,0,0,0,0,0,0,0,0,0,0,0,0,,,,
88|101,2,1,1,1,0,0,1,2,0,0,0,1,2,0,0,0,0|0#1|0#2|0#3|0#4|0#5|0#6|0#7|0#8|0#9|0#10|0#11|0#12|0,,0|0#1|0#2|0#3|0#4|0#5|0#6|0#7|0#8|0#9|0#10|0#11|0#12|0,
36|102,0,0,0,0,0,0,0,0,0,0,0,0,0,0,0,0,,,,
89|118,0,0,0,0,0,0,0,0,0,0,0,0,0,0,0,0,,,,
78|9,0,0,0,0,0,0,0,0,0,0,0,0,0,0,0,0,,,,
100|129,0,0,0,0,0,0,0,0,0,0,0,0,0,0,0,0,,,,
61|110,0,0,0,0,0,0,0,0,0,0,0,0,0,0,0,0,,,,
75|114,0,0,0,0,0,0,0,0,0,0,0,0,0,0,0,0,,,,
23|115,0,0,0,0,0,0,0,0,0,0,0,0,0,0,0,0,,,,
151|111,0,0,0,0,0,0,0,0,0,0,0,0,0,0,0,0,,,,
113|116,0,0,0,0,0,0,0,0,0,0,0,1,0,0,0,0,,,,
10|128,0,0,0,0,0,0,0,0,0,0,0,0,0,0,0,0,,,,
152|128,0,0,0,0,0,0,0,0,0,0,0,0,0,0,0,0,,,,
137|4,0,0,0,0,0,0,0,0,0,0,0,0,0,0,0,0,,,,
58|29,0,0,0,0,0,0,0,0,0,0,0,0,0,0,0,0,,,,
98|76,5,4,14,2,0,3,3,3,1,0,5,0,0,0,0,0,0|0#1|0#2|0#3|0#4|0#5|0#6|0#7|0#8|0#9|0#10|0#11|0#12|0,0|0#1|0#2|0#3|0#4|0#5|0#6|0#7|0#8|0#9|0#10|0#11|0#12|0,0|0#1|0#2|0#3|0#4|0#5|0#6|0#7|0#8|0#9|0#10|0#11|0#12|0,0|0#1|0#2|0#3|0#4|0#5|0#6|0#7|0#8|0#9|0#10|0#11|0#12|0
62|127,0,0,0,0,0,0,0,0,0,0,0,0,0,0,0,0,,,,
48|12,2,1,0,5,0,0,0,0,1,0,0,27,0,0,0,0,,,,
39|18,0,0,0,0,0,0,0,0,0,0,0,0,0,0,0,0,,,,
37|119,0,0,0,0,0,0,0,0,0,0,0,0,0,0,0,0,,,,
86|34,0,0,0,0,0,0,0,0,0,0,0,0,0,0,0,0,,,,
126|103,0,0,0,0,0,0,0,0,0,0,0,0,0,0,0,0,,,,
138|15,0,0,0,0,0,0,0,0,0,0,0,0,0,0,0,0,,,,
67|23,0,0,0,0,0,0,0,0,0,0,0,0,0,0,0,0,,,,
