101|7,0,0,0,0,0,0,0,0,0,0,0,0,0,0,0,0,,,,
95|1,0,0,0,0,0,0,0,0,0,0,0,0,0,0,0,0,,,,
136|95,0,0,0,0,0,0,0,0,0,0,0,0,0,0,0,0,,,,
80|112,0,0,0,0,0,0,0,0,0,0,0,0,0,0,0,0,,,,
94|116,0,1,0,0,0,0,0,0,0,0,0,0,0,0,0,0,,,,
145|105,0,0,0,0,0,0,0,0,0,0,0,0,0,0,0,0,,,,
37|98,0,0,0,0,0,0,0,0,0,0,0,0,0,0,0,0,,,,
63|78,1,0,0,0,0,0,0,2,0,0,0,0,1,0,0,0,0|0#1|0#2|0#3|0#4|0#5|0#6|0#7|0#8|0#9|0#10|0#11|0#12|0,,0|0#1|0#2|0#3|0#4|0#5|0#6|0#7|0#8|0#9|0#10|0#11|0#12|0,
82|89,0,0,0,0,0,0,0,0,0,0,0,0,0,0,0,0,0|0#1|0#2|0#3|0#4|0#5|0#6|0#7|0#8|0#9|0#10|0#11|0#12|0,0|0#1|0#2|0#3|0#4|0#5|0#6|0#7|0#8|0#9|0#10|0#11|0#12|0,0|0#1|0#2|0#3|0#4|0#5|0#6|0#7|0#8|0#9|0#10|0#11|0#12|0,0|0#1|0#2|0#3|0#4|0#5|0#6|0#7|0#8|0#9|0#10|0#11|0#12|0
124|53,0,0,0,0,0,0,0,0,0,0,0,0,0,0,0,0,0|0#1|0#2|0#3|0#4|0#5|0#6|0#7|0#8|0#9|0#10|0#11|0#12|0,0|0#1|0#2|0#3|0#4|0#5|0#6|0#7|0#8|0#9|0#10|0#11|0#12|0,0|0#1|0#2|0#3|0#4|0#5|0#6|0#7|0#8|0#9|0#10|0#11|0#12|0,0|0#1|0#2|0#3|0#4|0#5|0#6|0#7|0#8|0#9|0#10|0#11|0#12|0
69|108,0,0,0,0,0,0,0,0,0,0,0,0,0,0,0,0,,,,
122|28,0,0,0,0,0,0,0,0,0,0,0,0,0,0,0,0,,,,
150|33,0,0,0,0,0,0,0,0,0,0,0,0,0,0,0,0,,,,
51|36,0,0,0,0,0,0,0,0,0,0,0,0,0,0,0,0,,,,
44|67,0,0,0,0,0,0,0,0,0,0,0,0,0,0,0,0,,,,
143|64,0,0,0,0,0,0,0,0,0,0,0,0,0,0,0,0,,,,
46|92,0,0,0,0,0,0,0,0,0,0,0,0,0,0,0,0,,,,
32|25,0,0,0,0,0,0,0,0,0,0,0,0,0,0,0,0,,,,
117|84,0,0,0,1,0,0,0,0,0,1,1,1,0,0,0,0,,,,
5|82,0,0,0,0,0,0,0,0,0,0,0,0,0,0,0,0,,,,
13|14,0,0,0,0,0,0,0,0,0,0,0,0,0,0,0,0,,,,
132|118,14,19,7,2,6,9,0,1,12,1,6,2,10,0,0,0,,,,
18|87,0,0,0,0,0,0,0,0,0,0,0,0,0,0,0,0,,,,
55|104,0,0,0,0,0,0,0,0,0,0,0,0,0,0,0,0,,,,
131|22,0,0,0,0,0,0,0,0,0,0,0,0,0,0,0,0,,,,
91|83,0,0,0,0,0,0,1,0,0,0,0,2,0,0,0,0,0|0#1|0#2|0#3|0#4|1#5|1#6|0#7|0#8|0#9|0#10|0#11|0#12|0,0|0#1|0#2|0#3|0#4|0#5|0#6|0#7|0#8|0#9|0#10|0#11|0#12|0,0|0#1|0#2|0#3|0#4|0#5|0#6|0#7|0#8|0#9|0#10|0#11|0#12|0,
112|11,0,0,0,0,0,0,0,0,0,0,0,0,0,0,0,0,,,,
72|72,0,0,1,1,0,0,0,0,0,0,0,1,1,0,0,0,0|0#1|0#2|0#3|0#4|0#5|0#6|0#7|0#8|0#9|0#10|0#11|0#12|0,,0|0#1|0#2|0#3|0#4|0#5|0#6|0#7|0#8|0#9|0#10|0#11|0#12|0,
105|42,0,1,0,0,0,0,0,3,1,0,0,0,0,0,0,0,0|0#1|0#2|0#3|0#4|0#5|1#6|0#7|0#8|0#9|0#10|0#11|0#12|0,0|0#1|0#2|0#3|0#4|0#5|0#6|0#7|0#8|0#9|0#10|0#11|0#12|0,0|0#1|0#2|0#3|0#4|0#5|1#6|0#7|0#8|0#9|0#10|0#11|0#12|0,0|0#1|0#2|0#3|0#4|0#5|0#6|0#7|0#8|0#9|0#10|0#11|0#12|0
41|100,0,0,0,0,0,0,0,0,0,0,0,1,0,0,0,0,,,,
131|101,11,1,26,0,0,2,0,0,1,0,2,1,3,0,0,0,,,,
17|109,0,0,0,0,0,0,0,0,0,0,0,0,0,0,0,0,,,,
60|30,0,0,0,0,0,0,0,0,0,0,0,0,0,0,0,0,,,,
70|47,0,0,0,0,0,0,0,0,0,0,0,0,0,0,0,0,,,,
42|117,0,0,0,0,0,0,0,0,0,0,0,0,0,0,0,0,,,,
3|57,0,0,0,0,0,0,0,0,0,0,0,0,0,0,0,0,,,,
103|17,0,0,0,0,0,0,0,0,1,0,0,0,0,0,0,0,,,,
8|106,0,0,0,0,0,0,0,0,0,0,0,0,0,0,0,0,,,,
81|129,0,0,0,0,0,0,0,0,0,0,0,0,0,0,0,0,,,,
115|59,0,0,0,0,0,1,0,0,0,0,0,0,0,0,0,0,0|0#1|0#2|0#3|0#4|0#5|0#6|0#7|0#8|0#9|0#10|0#11|0#12|0,0|0#1|0#2|0#3|0#4|0#5|0#6|0#7|0#8|0#9|0#10|0#11|0#12|0,0|0#1|0#2|0#3|0#4|0#5|0#6|0#7|0#8|0#9|0#10|0#11|0#12|0,0|0#1|0#2|0#3|0#4|0#5|0#6|0#7|0#8|0#9|0#10|0#11|0#12|0
53|61,0,0,0,0,0,0,0,1,0,0,0,0,0,0,0,0,,,,
141|39,0,0,0,0,0,0,0,0,0,0,0,0,0,0,0,0,,,,
69|3,0,0,0,0,0,0,0,0,0,0,0,0,0,0,0,0,,,,
27|81,0,0,0,0,0,0,0,0,0,0,0,0,0,0,0,0,,,,
25|56,0,0,0,0,0,0,0,0,0,0,0,0,0,0,0,0,,,,
34|50,0,0,0,0,0,0,0,0,0,0,0,0,1,0,0,0,,,,
