35|22,0,0,0,0,0,0,0,0,0,0,0,0,0,0,0,0,,,,
139|92,0,0,0,0,0,0,0,0,0,0,0,0,0,0,0,0,,,,
48|147,0,0,0,0,0,0,0,0,0,0,0,0,1,0,0,0,,,,
72|9,0,0,0,0,0,0,0,0,0,0,0,0,0,0,0,0,,,,
118|56,0,0,0,0,0,0,0,0,0,0,0,0,0,0,0,0,,,,
28|53,0,0,0,0,0,0,0,0,0,0,0,0,0,0,0,0,,,,
110|140,1,0,0,0,0,0,0,0,0,0,0,4,0,0,0,0,,,,
54|33,0,0,0,0,0,0,0,0,0,0,0,3,0,0,0,0,,,,
131|4,0,0,0,0,0,0,0,0,0,0,0,0,0,0,0,0,,,,
71|19,0,0,0,0,0,0,0,0,0,0,0,0,0,0,0,0,,,,
137|67,0,0,0,0,0,0,0,0,0,0,0,0,0,0,0,0,0|0#1|0#2|0#3|0#4|0#5|0#6|0#7|0#8|0#9|0#10|0#11|0#12|0,0|0#1|0#2|0#3|0#4|0#5|0#6|0#7|0#8|0#9|0#10|0#11|0#12|0,0|0#1|0#2|0#3|0#4|0#5|0#6|0#7|0#8|0#9|0#10|0#11|0#12|0,0|0#1|0#2|0#3|0#4|0#5|0#6|0#7|0#8|0#9|0#10|0#11|0#12|0
6|54,0,0,0,0,0,0,0,0,0,0,0,0,0,0,0,0,,,,
127|50,0,0,0,0,0,0,0,0,0,0,0,0,0,0,0,0,,,,
45|39,0,0,0,0,0,0,0,0,0,0,0,0,0,0,0,0,,,,
73|44,0,0,1,0,0,0,0,1,0,0,0,0,1,0,0,0,0|0#1|0#2|0#3|0#4|0#5|0#6|0#7|0#8|0#9|0#10|0#11|0#12|0,0|0#1|0#2|0#3|0#4|0#5|0#6|0#7|0#8|0#9|0#10|0#11|0#12|0,0|0#1|0#2|0#3|0#4|0#5|0#6|0#7|0#8|0#9|0#10|0#11|0#12|0,0|0#1|0#2|0#3|0#4|0#5|0#6|0#7|0#8|0#9|0#10|0#11|0#12|0
144|36,0,1,0,0,0,0,0,0,1,0,0,0,0,0,0,0,,0|0#1|0#2|0#3|0#4|0#5|0#6|0#7|0#8|0#9|0#10|0#11|0#12|0,,0|0#1|0#2|0#3|0#4|0#5|0#6|0#7|0#8|0#9|0#10|0#11|0#12|0
34|143,0,0,0,0,0,0,0,0,0,0,0,0,0,0,0,0,,,,
99|0,0,0,0,0,0,0,0,0,0,0,0,0,0,0,0,0,,,,
105|6,0,0,0,0,0,0,0,0,0,0,0,0,0,0,0,0,,,,
66|75,0,0,0,0,0,0,1,0,0,0,0,0,0,0,0,0,,,,
86|142,0,0,0,0,0,0,0,0,0,0,0,0,0,0,0,0,,,,
106|14,0,0,0,0,0,0,0,0,0,0,0,0,0,0,0,0,,,,
146|61,0,0,0,0,0,0,0,0,0,0,0,0,0,0,0,0,,,,
80|13,7,4,3,1,4,9,0,1,4,0,2,0,1,0,0,0,,,,
26|28,0,0,0,0,0,0,0,0,0,0,0,0,0,0,0,0,,,,
92|55,0,0,3,12,0,1,0,0,0,0,0,10,8,0,0,0,0|0#1|0#2|0#3|4#4|4#5|4#6|4#7|4#8|4#9|4#10|4#11|4#12|0,0|0#1|0#2|0#3|4#4|3#5|3#6|3#7|3#8|3#9|3#10|2#11|3#12|0,0|0#1|0#2|0#3|4#4|4#5|4#6|4#7|4#8|4#9|4#10|4#11|4#12|0,0|0#1|0#2|0#3|4#4|3#5|3#6|3#7|3#8|2#9|2#10|3#11|3#12|0
124|144,0,0,0,0,0,0,0,0,0,0,0,0,0,0,0,0,,,,
47|130,0,0,0,0,0,0,0,0,0,0,0,0,0,0,0,0,,,,
85|86,44,14,119,1,4,6,1,16,2,0,24,4,9,0,0,0,0|0#1|0#2|0#3|0#4|0#5|0#6|0#7|0#8|0#9|0#10|0#11|0#12|0,,0|0#1|0#2|0#3|0#4|0#5|0#6|0#7|0#8|0#9|0#10|0#11|0#12|0,
137|131,0,0,0,0,0,0,0,0,0,0,0,0,0,0,0,0,,,,
125|25,0,0,0,0,0,0,0,0,0,0,0,0,0,0,0,0,,,,
4|29,0,0,0,0,0,0,0,0,0,0,0,0,0,0,0,0,,,,
16|11,0,0,0,0,0,0,0,0,0,0,0,0,0,0,0,0,,,,
19|59,0,1,0,0,0,1,1,1,0,0,1,0,0,0,0,0,,,,
47|64,0,0,0,0,0,0,0,1,0,0,1,0,0,0,0,0,,,,
94|80,0,0,0,0,0,0,0,0,0,0,0,2,2,0,0,0,0|0#1|0#2|0#3|1#4|0#5|0#6|1#7|0#8|0#9|0#10|1#11|1#12|0,0|0#1|0#2|0#3|0#4|0#5|0#6|0#7|0#8|0#9|0#10|0#11|0#12|0,0|0#1|0#2|0#3|2#4|0#5|1#6|0#7|0#8|0#9|1#10|2#11|2#12|0,0|0#1|0#2|0#3|0#4|0#5|0#6|0#7|0#8|0#9|0#10|0#11|0#12|0
