88|73,18,7,46,4,1,6,2,4,1,0,9,69,2,1,0,0,0|0#1|0#2|0#3|3#4|1#5|2#6|2#7|2#8|2#9|2#10|2#11|2#12|0,0|0#1|0#2|0#3|2#4|0#5|0#6|1#7|1#8|0#9|2#10|2#11|1#12|0,0|0#1|0#2|0#3|2#4|2#5|2#6|2#7|2#8|2#9|2#10|2#11|2#12|0,0|0#1|0#2|0#3|1#4|0#5|0#6|0#7|1#8|1#9|1#10|2#11|2#12|0
100|4,0,0,0,0,0,0,0,0,0,0,0,0,0,0,0,0,,,,
86|48,1,0,0,0,0,0,0,2,0,0,0,0,0,0,0,0,,0|0#1|0#2|0#3|0#4|0#5|0#6|0#7|0#8|0#9|0#10|0#11|0#12|0,0|0#1|0#2|0#3|0#4|0#5|0#6|0#7|0#8|0#9|0#10|0#11|0#12|0,0|0#1|0#2|0#3|0#4|0#5|0#6|0#7|0#8|0#9|0#10|0#11|0#12|0
119|18,0,0,0,0,0,0,0,0,0,0,0,0,0,0,0,0,,,,
0|8,0,0,0,0,0,0,0,0,0,0,0,0,0,0,0,0,,,,
57|20,0,0,0,0,0,0,0,0,0,0,0,1,1,0,0,0,,,,
93|17,0,0,0,0,0,0,0,0,0,0,0,0,0,0,0,0,,,,
128|12,0,0,0,0,0,0,0,0,0,0,0,0,0,0,0,0,,,,
41|9,0,0,0,0,0,0,0,0,0,0,0,0,0,0,0,0,,,,
29|15,0,0,1,0,0,0,0,0,0,0,0,0,1,0,0,0,,,,
9|41,0,0,0,0,0,0,0,0,0,0,0,0,0,0,0,0,,,,
112|113,0,0,0,0,0,0,0,0,0,0,0,2,0,0,0,0,,,,
68|0,0,0,0,0,0,0,0,0,0,0,0,0,0,0,0,0,,,,
74|111,0,0,0,0,0,0,0,0,0,0,0,0,0,0,0,0,,,,
88|115,0,2,0,0,0,0,0,0,3,0,1,0,1,0,0,0,,,,
147|23,0,0,0,0,0,0,0,0,0,0,0,0,0,0,0,0,0|0#1|0#2|0#3|0#4|0#5|0#6|0#7|0#8|0#9|0#10|0#11|0#12|0,,0|0#1|0#2|0#3|0#4|0#5|0#6|0#7|0#8|0#9|0#10|0#11|0#12|0,
22|112,0,0,0,0,0,0,0,0,0,0,0,0,0,0,0,0,,,,
61|124,0,0,0,0,0,0,0,0,0,0,0,0,0,0,0,0,,,,
125|100,0,0,1,0,1,1,1,1,8,1,1,4,1,0,0,0,0|0#1|0#2|0#3|0#4|0#5|0#6|0#7|0#8|0#9|0#10|0#11|0#12|0,,0|0#1|0#2|0#3|0#4|0#5|0#6|0#7|0#8|0#9|0#10|0#11|0#12|0,0|0#1|0#2|0#3|0#4|0#5|0#6|0#7|0#8|0#9|0#10|0#11|0#12|0
126|117,0,0,2,0,0,0,0,0,1,0,0,0,0,0,0,0,,,,
1|139,0,0,0,0,0,0,0,0,0,0,0,0,0,0,0,0,,,,
23|129,0,0,0,0,0,0,0,0,0,0,0,0,0,0,0,0,,,,
79|79,0,0,0,0,0,0,0,0,0,0,0,0,0,0,0,0,0|0#1|0#2|0#3|0#4|0#5|0#6|0#7|0#8|0#9|0#10|0#11|0#12|0,,0|0#1|0#2|0#3|0#4|0#5|0#6|0#7|0#8|0#9|0#10|0#11|0#12|0,
95|42,0,0,0,0,0,0,0,0,0,0,0,0,0,0,0,0,0|0#1|0#2|0#3|0#4|0#5|0#6|0#7|0#8|0#9|0#10|0#11|0#12|0,0|0#1|0#2|0#3|0#4|0#5|0#6|0#7|0#8|0#9|0#10|0#11|0#12|0,,0|0#1|0#2|0#3|0#4|0#5|0#6|0#7|0#8|0#9|0#10|0#11|0#12|0
69|62,0,0,1,0,0,0,1,0,1,0,0,0,0,0,0,0,,,,
151|125,0,0,0,0,0,0,0,0,0,0,0,0,0,0,0,0,,,,
0|122,0,0,0,0,0,0,0,0,0,0,0,0,0,0,0,0,,,,
49|103,0,0,0,0,0,0,0,0,0,0,0,0,1,0,0,0,,,,0|0#1|0#2|0#3|0#4|0#5|0#6|0#7|0#8|0#9|0#10|0#11|0#12|0
36|116,0,0,0,0,0,0,0,0,0,0,0,0,0,0,0,0,,,,
138|29,0,0,0,0,0,0,0,0,0,0,0,0,0,0,0,0,,,,
7|16,0,0,0,0,0,0,0,0,0,0,0,0,0,0,0,0,,,,
76|31,0,0,0,0,0,1,0,0,0,0,0,0,0,0,0,0,0|0#1|0#2|0#3|0#4|0#5|0#6|0#7|0#8|0#9|0#10|0#11|0#12|0,,0|0#1|0#2|0#3|0#4|0#5|0#6|0#7|0#8|0#9|0#10|0#11|0#12|0,0|0#1|0#2|0#3|0#4|0#5|0#6|0#7|0#8|0#9|0#10|0#11|0#12|0
75|128,0,0,0,0,0,0,0,0,0,0,0,0,0,0,0,0,,,,
139|104,0,0,0,0,0,0,0,0,0,0,0,0,0,0,0,0,,,,
48|26,0,0,0,0,0,0,0,0,0,0,0,0,0,0,0,0,,,,
67|37,0,0,2,0,1,1,0,0,0,0,0,0,1,0,0,0,0|0#1|0#2|0#3|0#4|0#5|0#6|0#7|0#8|0#9|0#10|0#11|0#12|0,,0|0#1|0#2|0#3|0#4|0#5|0#6|0#7|0#8|0#9|0#10|0#11|0#12|0,
