113|82,0,0,4,0,0,0,0,0,0,0,0,16,0,0,0,0,0|0#1|0#2|0#3|0#4|0#5|0#6|0#7|0#8|0#9|0#10|0#11|0#12|0,0|0#1|0#2|0#3|0#4|0#5|0#6|0#7|0#8|0#9|0#10|0#11|0#12|0,0|0#1|0#2|0#3|0#4|0#5|0#6|0#7|0#8|0#9|0#10|0#11|0#12|0,0|0#1|0#2|0#3|0#4|0#5|0#6|0#7|0#8|0#9|0#10|0#11|0#12|0
40|65,0,0,0,0,0,0,0,0,0,0,0,0,0,0,0,0,,,,
21|54,0,0,0,0,0,0,0,0,0,0,0,0,0,0,0,0,,,,
101|40,0,0,0,0,0,0,0,0,1,0,0,1,0,0,0,0,,,,
5|124,0,0,0,0,0,0,0,0,0,0,0,0,0,0,0,0,,,,
13|110,0,0,0,0,0,0,0,0,0,0,0,0,0,0,0,0,,,,
27|114,0,0,0,0,0,0,0,0,0,0,0,0,0,0,0,0,,,,
117|115,0,0,0,0,0,0,0,0,0,0,0,0,0,0,0,0,,,,
14|127,0,0,0,0,0,0,0,0,0,0,0,0,0,0,0,0,,,,
123|99,0,0,0,0,0,0,0,0,0,0,0,0,0,0,0,0,0|0#1|0#2|0#3|0#4|0#5|0#6|0#7|0#8|0#9|0#10|0#11|0#12|0,0|0#1|0#2|0#3|0#4|0#5|0#6|0#7|0#8|0#9|0#10|0#11|0#12|0,0|0#1|0#2|0#3|0#4|0#5|0#6|0#7|0#8|0#9|0#10|0#11|0#12|0,
98|28,0,0,0,0,0,0,0,0,0,0,0,0,0,0,0,0,0|0#1|0#2|0#3|0#4|0#5|0#6|0#7|0#8|0#9|0#10|0#11|0#12|0,,0|0#1|0#2|0#3|0#4|0#5|0#6|0#7|0#8|0#9|0#10|0#11|0#12|0,
33|96,0,0,0,0,0,0,0,0,0,0,0,0,0,0,0,0,,,,
142|123,0,0,0,0,0,0,0,0,0,0,0,0,0,0,0,0,,,,
104|88,0,1,0,0,0,3,2,0,1,0,0,4,0,0,0,0,0|0#1|0#2|0#3|0#4|0#5|0#6|0#7|0#8|0#9|0#10|0#11|0#12|0,0|0#1|0#2|0#3|0#4|0#5|0#6|0#7|0#8|0#9|0#10|0#11|0#12|0,0|0#1|0#2|0#3|0#4|0#5|0#6|0#7|0#8|0#9|0#10|0#11|0#12|0,0|0#1|0#2|0#3|0#4|0#5|0#6|0#7|0#8|0#9|0#10|0#11|0#12|0
52|122,0,0,0,0,0,0,0,0,0,0,0,0,0,0,0,0,,,,
29|1,0,0,0,0,0,0,0,0,0,0,0,0,0,0,0,0,,,,
79|113,0,0,0,0,0,0,0,0,0,0,0,0,0,0,0,0,,,,
103|111,0,0,0,0,0,0,0,0,1,0,0,0,0,0,0,0,,,,
53|139,0,0,0,0,0,0,0,0,0,0,0,0,0,0,0,0,,,,
104|128,0,0,0,0,0,0,0,0,0,0,0,0,0,0,0,0,,,,
91|134,0,0,0,0,0,0,0,0,0,0,0,0,0,0,0,0,,,,
130|68,0,0,0,0,0,0,0,0,0,0,0,0,0,0,0,0,,,,
79|17,0,0,0,0,0,0,0,0,0,0,0,0,0,0,0,0,,,,
88|11,0,0,0,0,0,0,0,0,0,0,0,0,0,0,0,0,,,,
132|93,0,0,0,0,0,0,0,0,1,0,0,0,0,0,0,0,,,,
14|85,0,0,0,0,0,0,0,0,0,0,0,0,0,0,0,0,,,,
42|90,0,0,0,0,0,0,0,0,0,0,0,0,0,0,0,0,,,0|0#1|0#2|0#3|0#4|0#5|0#6|0#7|0#8|0#9|0#10|0#11|0#12|0,
1|80,0,0,0,0,0,0,0,0,0,0,0,0,0,0,0,0,,,,
111|57,0,0,0,0,0,1,0,1,0,0,0,1,0,0,0,0,0|0#1|0#2|0#3|0#4|0#5|0#6|0#7|0#8|0#9|0#10|0#11|0#12|0,0|0#1|0#2|0#3|0#4|0#5|0#6|0#7|0#8|0#9|0#10|0#11|0#12|0,0|0#1|0#2|0#3|0#4|0#5|0#6|0#7|0#8|0#9|0#10|0#11|0#12|0,0|0#1|0#2|0#3|0#4|0#5|0#6|0#7|0#8|0#9|0#10|0#11|0#12|0
66|126,0,0,0,0,0,0,0,0,0,0,0,0,0,0,0,0,,,,
120|51,3,0,0,0,0,0,0,3,0,0,0,0,1,0,0,0,,,,
