49|74,0,0,0,0,0,0,0,0,0,0,0,0,0,0,0,0,0|0#1|0#2|0#3|0#4|0#5|0#6|0#7|0#8|0#9|0#10|0#11|0#12|0,,0|0#1|0#2|0#3|0#4|0#5|0#6|0#7|0#8|0#9|0#10|0#11|0#12|0,
129|60,0,0,0,0,0,0,0,0,0,0,0,0,0,0,0,0,,,,
18|21,0,0,0,0,0,0,0,0,0,0,0,0,0,0,0,0,,,,
20|124,0,0,0,0,0,0,0,0,0,0,0,0,0,0,0,0,,,,
108|24,0,0,0,0,0,0,0,0,0,0,0,0,0,0,0,0,,,,
54|18,0,0,0,0,0,0,0,0,0,0,0,0,0,0,0,0,,,,
6|39,0,0,0,0,0,0,0,0,0,0,0,0,0,0,0,0,,,,
85|110,0,0,0,0,0,0,0,0,0,0,0,0,0,0,0,0,,,,
110|125,6,0,4,3,2,2,1,0,7,0,2,1,2,0,0,0,,,,
146|46,0,0,0,0,0,0,0,0,0,0,0,0,0,0,0,0,,0|0#1|0#2|0#3|0#4|0#5|0#6|0#7|0#8|0#9|0#10|0#11|0#12|0,,0|0#1|0#2|0#3|0#4|0#5|0#6|0#7|0#8|0#9|0#10|0#11|0#12|0
87|96,0,0,0,1,0,0,0,0,0,0,0,0,1,0,0,0,0|0#1|0#2|0#3|0#4|0#5|0#6|1#7|0#8|0#9|1#10|1#11|1#12|0,0|0#1|0#2|0#3|0#4|0#5|0#6|0#7|0#8|0#9|0#10|0#11|0#12|0,0|0#1|0#2|0#3|0#4|0#5|1#6|0#7|1#8|1#9|1#10|1#11|1#12|0,0|0#1|0#2|0#3|0#4|0#5|0#6|1#7|0#8|0#9|0#10|0#11|1#12|0
47|49,0,0,0,0,0,0,0,0,0,0,0,0,0,0,0,0,,,,
47|115,0,0,0,0,0,0,0,0,0,0,0,0,0,0,0,0,,,,
75|54,0,0,1,0,0,0,1,0,0,0,0,3,0,1,0,0,,,,
37|32,0,0,0,0,0,0,0,0,0,0,0,0,0,0,0,0,0|0#1|0#2|0#3|0#4|0#5|0#6|0#7|0#8|0#9|0#10|0#11|0#12|0,,0|0#1|0#2|0#3|0#4|0#5|0#6|0#7|0#8|0#9|0#10|0#11|0#12|0,
86|127,0,0,0,0,0,0,0,0,0,0,0,0,0,0,0,0,,,,
68|85,0,1,4,0,0,1,1,1,3,0,0,2,2,0,1,0,0|0#1|0#2|0#3|0#4|0#5|0#6|0#7|0#8|0#9|0#10|0#11|0#12|0,,0|0#1|0#2|0#3|0#4|0#5|0#6|0#7|0#8|0#9|0#10|0#11|0#12|0,
8|64,0,0,0,0,0,0,0,0,0,0,0,0,0,0,0,0,,,,
82|23,0,0,0,0,0,0,0,0,0,0,0,0,0,0,0,0,,,,
73|29,0,0,0,0,0,0,0,1,0,0,1,0,0,0,0,0,,,,
63|12,0,0,0,0,0,0,0,0,0,0,0,0,0,0,0,0,,,,
72|123,0,0,0,0,0,0,0,0,0,0,0,0,0,0,0,0,,,,
96|90,0,0,0,0,0,0,0,0,0,0,0,0,0,0,0,0,,,,
99|114,0,0,0,0,0,0,0,1,1,0,0,0,0,0,0,0,,,,
28|38,0,0,0,0,0,0,0,0,0,0,0,0,0,0,0,0,,,,
139|77,0,0,0,0,0,0,0,0,0,0,0,0,1,0,0,0,0|0#1|0#2|0#3|0#4|0#5|0#6|0#7|0#8|0#9|0#10|0#11|0#12|0,,0|0#1|0#2|0#3|0#4|0#5|0#6|0#7|0#8|0#9|0#10|0#11|0#12|0,
127|35,0,0,0,0,0,0,0,0,0,0,0,0,0,0,0,0,0|0#1|0#2|0#3|0#4|0#5|0#6|0#7|0#8|0#9|0#10|0#11|0#12|0,,0|0#1|0#2|0#3|0#4|0#5|0#6|0#7|0#8|0#9|0#10|0#11|0#12|0,
94|65,82,49,110,6,24,17,8,30,1,6,64,7,16,0,0,0,0|0#1|0#2|0#3|4#4|4#5|4#6|4#7|4#8|4#9|4#10|4#11|4#12|0,0|0#1|0#2|0#3|4#4|4#5|4#6|4#7|4#8|4#9|4#10|4#11|4#12|0,0|0#1|0#2|0#3|4#4|4#5|4#6|4#7|4#8|4#9|4#10|4#11|4#12|0,0|0#1|0#2|0#3|4#4|4#5|4#6|4#7|4#8|4#9|4#10|4#11|4#12|0
137|116,0,0,0,0,0,0,0,0,0,0,0,0,0,0,0,0,,,,
34|128,0,0,0,0,0,0,0,0,0,0,0,0,0,0,0,0,,,,
56|43,0,0,0,0,0,0,0,0,0,0,0,0,0,0,0,0,,,,
124|129,0,0,0,0,0,0,0,0,0,0,0,0,0,0,0,0,,,,
148|71,0,0,0,0,0,0,0,0,1,0,0,0,0,0,0,0,0|0#1|0#2|0#3|0#4|0#5|0#6|0#7|0#8|0#9|0#10|0#11|0#12|0,0|0#1|0#2|0#3|0#4|0#5|0#6|0#7|0#8|0#9|0#10|0#11|0#12|0,0|0#1|0#2|0#3|0#4|0#5|0#6|0#7|0#8|0#9|0#10|0#11|0#12|0,0|0#1|0#2|0#3|0#4|0#5|0#6|0#7|0#8|0#9|0#10|0#11|0#12|0
123|112,0,0,0,0,0,0,0,0,0,0,0,0,0,0,0,0,,,,
33|111,0,0,0,0,0,0,0,0,0,0,0,0,0,0,0,0,,,,
