18|13,0,0,0,0,0,0,0,0,0,0,0,0,0,0,0,0,,,,
21|1,0,0,0,0,0,0,0,0,0,0,0,0,0,0,0,0,,,,
87|88,0,0,0,0,0,0,0,0,0,0,0,0,0,0,0,0,,,,
20|116,0,0,0,0,0,0,0,0,0,0,0,0,0,0,0,0,,,,
137|108,0,0,0,0,0,0,0,0,0,0,0,0,0,0,0,0,,,,
123|104,0,0,0,0,0,0,0,0,0,0,0,0,0,0,0,0,0|0#1|0#2|0#3|0#4|0#5|0#6|0#7|0#8|0#9|0#10|0#11|0#12|0,,0|0#1|0#2|0#3|0#4|0#5|0#6|0#7|0#8|0#9|0#10|0#11|0#12|0,
47|107,0,0,0,0,0,0,0,0,0,0,0,0,0,0,0,0,,,,
146|38,0,0,0,0,0,0,0,0,0,0,0,0,0,0,0,0,0|0#1|0#2|0#3|0#4|0#5|0#6|0#7|0#8|0#9|0#10|0#11|0#12|0,,0|0#1|0#2|0#3|0#4|0#5|0#6|0#7|0#8|0#9|0#10|0#11|0#12|0,
37|24,0,0,0,0,0,0,0,0,0,0,0,0,0,0,0,0,,,0|0#1|0#2|0#3|0#4|0#5|0#6|0#7|0#8|0#9|0#10|0#11|0#12|0,
127|27,0,0,0,0,0,0,0,0,0,0,0,0,0,0,0,0,,,,
33|103,0,0,0,0,0,0,0,0,0,0,0,0,0,0,0,0,,,,
125|8,0,0,0,0,0,0,0,0,0,0,0,0,0,0,0,0,,,,
85|102,0,0,0,0,0,0,0,0,0,0,0,0,0,0,0,0,,,,
84|40,0,0,0,0,0,0,0,0,0,0,0,0,0,0,0,0,,,,
8|56,0,0,0,0,0,0,0,0,0,0,0,0,0,0,0,0,,,,
58|60,1,0,0,0,0,1,0,1,0,0,0,0,0,0,0,0,0|0#1|0#2|0#3|0#4|0#5|0#6|0#7|0#8|0#9|0#10|0#11|0#12|0,,0|0#1|0#2|0#3|0#4|0#5|0#6|0#7|0#8|0#9|0#10|0#11|0#12|0,
99|106,0,0,0,0,0,0,0,0,0,0,0,0,0,0,0,0,,,,
77|71,1,5,3,0,0,0,0,2,1,0,0,0,0,0,0,0,0|0#1|0#2|0#3|0#4|0#5|0#6|0#7|0#8|0#9|0#10|0#11|0#12|0,0|0#1|0#2|0#3|0#4|0#5|0#6|0#7|0#8|0#9|0#10|0#11|0#12|0,0|0#1|0#2|0#3|0#4|0#5|0#6|0#7|0#8|0#9|0#10|0#11|0#12|0,0|0#1|0#2|0#3|0#4|0#5|0#6|0#7|0#8|0#9|0#10|0#11|0#12|0
136|21,0,0,0,0,0,0,0,0,0,0,0,0,0,0,0,0,0|0#1|0#2|0#3|0#4|0#5|0#6|0#7|0#8|0#9|0#10|0#11|0#12|0,0|0#1|0#2|0#3|0#4|0#5|0#6|0#7|0#8|0#9|0#10|0#11|0#12|0,0|0#1|0#2|0#3|0#4|0#5|0#6|0#7|0#8|0#9|0#10|0#11|0#12|0,0|0#1|0#2|0#3|0#4|0#5|0#6|0#7|0#8|0#9|0#10|0#11|0#12|0
151|6,0,0,1,0,0,1,0,1,0,0,0,6,1,0,0,0,,,,
117|10,0,0,0,0,0,0,0,0,0,0,0,0,0,0,0,0,,,,
72|115,0,0,0,0,0,0,0,0,0,0,0,0,0,0,0,0,,,,
68|77,0,0,0,0,0,0,0,0,0,0,0,0,0,0,0,0,,,,
82|15,0,0,0,0,0,0,0,0,0,0,0,0,0,0,0,0,,,,
94|57,4,0,17,2,0,1,1,1,0,0,0,2,3,0,0,0,0|0#1|0#2|0#3|4#4|4#5|4#6|4#7|4#8|4#9|4#10|4#11|4#12|0,0|0#1|0#2|0#3|4#4|4#5|4#6|4#7|4#8|4#9|4#10|3#11|4#12|0,0|0#1|0#2|0#3|4#4|4#5|4#6|4#7|4#8|4#9|4#10|4#11|4#12|0,0|0#1|0#2|0#3|4#4|4#5|4#6|4#7|4#8|4#9|4#10|3#11|3#12|0
49|66,0,1,0,0,0,0,0,0,0,0,0,0,0,0,0,0,,,,
96|82,0,0,0,0,0,1,1,0,1,0,0,0,0,0,0,0,,,,
86|119,0,0,0,0,0,0,0,0,0,0,0,0,0,0,0,0,,,,
108|16,0,0,0,0,0,0,0,0,0,0,0,0,0,0,0,0,,,,
129|52,0,0,0,0,0,0,0,0,1,0,0,0,0,0,0,0,,,,
139|69,0,0,0,0,0,0,0,0,0,0,0,0,0,0,0,0,,,,
56|35,0,0,0,0,0,0,0,0,0,0,0,0,0,0,0,0,,,,
75|46,0,0,0,0,0,0,0,0,0,0,0,0,0,0,1,0,,,,
110|117,0,0,0,0,0,0,0,0,0,0,0,2,0,0,0,0,,,,
148|63,0,0,0,0,0,0,0,0,0,0,0,0,0,0,0,0,,0|0#1|0#2|0#3|0#4|0#5|0#6|0#7|0#8|0#9|0#10|0#11|0#12|0,,
