118|133,0,0,0,0,0,0,0,0,0,0,0,0,0,0,0,0,,,,
37|0,0,0,0,0,0,0,0,0,0,0,0,0,0,0,0,0,,,,
50|83,0,1,0,0,0,1,0,2,0,0,1,1,0,0,0,0,0|0#1|0#2|0#3|0#4|0#5|0#6|0#7|0#8|0#9|0#10|0#11|0#12|0,,0|0#1|0#2|0#3|0#4|0#5|0#6|0#7|0#8|0#9|0#10|0#11|0#12|0,
143|141,0,0,0,0,0,0,0,0,0,0,0,0,0,0,0,0,,,,
31|72,0,0,0,0,0,0,0,0,0,0,0,0,0,0,0,0,,,,
89|35,0,0,0,0,0,0,0,0,0,0,0,0,0,0,0,0,,,0|0#1|0#2|0#3|0#4|0#5|0#6|0#7|0#8|0#9|0#10|0#11|0#12|0,
105|146,0,3,0,0,0,0,0,1,1,0,1,1,2,0,0,0,,,,
10|9,0,0,0,0,0,0,0,0,0,0,0,0,0,0,0,0,,,,
102|64,163,49,322,4,35,76,33,42,5,23,113,141,24,5,0,0,0|0#1|0#2|0#3|4#4|4#5|4#6|4#7|4#8|4#9|4#10|4#11|4#12|0,0|0#1|0#2|0#3|4#4|4#5|4#6|4#7|4#8|4#9|4#10|4#11|4#12|0,0|0#1|0#2|0#3|4#4|4#5|4#6|4#7|4#8|4#9|4#10|4#11|4#12|0,0|0#1|0#2|0#3|4#4|4#5|4#6|4#7|4#8|4#9|4#10|4#11|4#12|0
15|145,0,0,0,0,0,0,0,0,0,0,0,0,0,0,0,0,,,,
0|79,0,0,0,0,0,0,0,0,0,0,0,0,0,0,0,0,,,,
100|39,0,0,0,0,0,0,0,0,0,0,0,0,0,0,0,0,0|0#1|0#2|0#3|0#4|0#5|0#6|0#7|0#8|0#9|0#10|0#11|0#12|0,0|0#1|0#2|0#3|0#4|0#5|0#6|0#7|0#8|0#9|0#10|0#11|0#12|0,0|0#1|0#2|0#3|0#4|0#5|0#6|0#7|0#8|0#9|0#10|0#11|0#12|0,
10|36,0,0,0,0,0,0,0,0,0,0,0,0,0,0,0,0,,,,
12|61,0,0,0,0,0,0,0,0,0,0,0,0,0,0,0,0,,,,
121|75,0,0,0,0,0,0,0,0,0,0,0,0,0,0,0,0,,,,
28|132,0,0,0,0,0,0,0,0,0,0,0,0,0,0,0,0,,,,
67|144,0,0,0,0,0,0,0,0,0,0,0,0,0,0,0,0,,,,
53|140,0,0,0,0,0,0,0,0,0,0,0,0,0,0,0,0,,,,
140|86,0,0,0,0,0,0,0,0,0,0,0,0,0,0,0,0,,,,
22|78,0,1,0,0,0,0,0,0,0,0,0,0,2,0,0,0,,,,
6|142,0,0,0,0,0,0,0,0,0,0,0,0,0,0,0,0,,,,
41|89,0,0,0,0,0,0,0,0,0,0,0,0,0,0,0,0,,,,
