104|44,0,0,0,0,0,0,0,0,0,0,0,4,0,0,0,0,0|0#1|0#2|0#3|0#4|0#5|0#6|0#7|0#8|0#9|0#10|0#11|0#12|0,,,
4|84,0,0,0,0,0,0,0,0,0,0,0,0,0,0,0,0,,,,
18|130,0,0,0,0,0,0,0,0,0,0,0,0,0,0,0,0,,,,
21|10,0,0,0,0,0,0,1,0,0,0,0,1,1,0,0,0,,,,
111|13,0,0,0,0,0,0,0,0,0,0,0,0,0,0,0,0,,,,
26|83,0,0,0,0,0,0,0,0,0,0,0,0,0,0,0,0,,,,
144|91,0,0,0,0,0,0,0,0,0,0,0,0,0,0,0,0,,,,
17|89,0,0,0,0,0,0,0,0,0,0,0,0,0,0,0,0,,,,
40|108,0,0,0,0,0,0,0,0,0,0,0,0,0,0,0,0,,,,
52|63,0,0,0,0,0,0,0,1,0,0,0,0,0,0,0,0,,,,
33|52,0,0,0,0,0,0,0,0,0,0,0,0,0,0,0,0,,,,
135|97,0,0,0,0,0,0,0,0,0,0,0,0,0,0,0,0,,,,
71|74,0,0,0,0,0,1,0,0,0,0,0,0,0,0,0,0,,,,
50|38,1,0,8,0,1,1,1,1,1,0,4,1,0,0,0,0,,,,
2|59,0,0,0,0,0,0,0,0,0,0,0,0,0,0,0,0,,,,
116|86,0,0,0,0,0,0,0,0,0,0,0,4,1,0,0,0,0|0#1|0#2|0#3|1#4|0#5|0#6|0#7|0#8|0#9|0#10|0#11|0#12|0,0|0#1|0#2|0#3|0#4|0#5|0#6|0#7|0#8|0#9|0#10|0#11|0#12|0,0|0#1|0#2|0#3|0#4|0#5|0#6|0#7|0#8|0#9|0#10|0#11|0#12|0,0|0#1|0#2|0#3|0#4|0#5|0#6|0#7|0#8|0#9|0#10|0#11|0#12|0
102|19,0,0,0,0,0,0,0,0,0,0,0,0,0,0,0,0,,,,
130|24,0,0,0,0,0,0,0,0,0,0,0,0,0,0,0,0,,,,
43|69,0,0,0,0,0,0,0,0,0,0,0,0,0,0,0,0,0|0#1|0#2|0#3|0#4|0#5|0#6|0#7|0#8|0#9|0#10|0#11|0#12|0,,0|0#1|0#2|0#3|0#4|0#5|0#6|0#7|0#8|0#9|0#10|0#11|0#12|0,
130|109,30,9,44,20,3,4,1,7,3,0,21,8,12,0,0,0,,,,
12|16,0,0,0,0,0,0,0,0,1,0,0,0,0,0,0,0,,,,
108|131,0,0,0,0,0,0,0,0,0,0,0,1,0,0,0,0,,,,
118|0,0,0,0,0,0,0,0,0,0,0,0,0,0,0,0,0,,,,
14|41,0,0,0,0,0,0,0,0,0,0,0,0,0,0,0,0,,,,
24|58,0,0,0,0,0,0,0,0,0,0,0,0,0,0,0,0,,,,
123|55,0,0,0,0,0,0,0,1,0,0,0,0,0,0,0,0,,,,
31|27,0,0,0,0,0,0,1,0,1,0,0,3,4,0,0,0,0|0#1|0#2|0#3|0#4|0#5|0#6|0#7|0#8|0#9|0#10|0#11|0#12|0,,,0|0#1|0#2|0#3|0#4|0#5|0#6|0#7|0#8|0#9|0#10|0#11|0#12|0
57|142,0,0,0,0,0,0,0,0,0,0,0,0,0,0,0,0,,,,
85|3,0,0,0,0,0,0,0,0,0,0,0,0,0,0,0,0,,,,
59|5,0,0,0,0,0,0,0,0,0,0,0,0,0,0,0,0,,,,
125|80,0,0,0,0,0,0,0,0,0,0,0,0,0,0,0,0,,,,
92|107,0,0,0,0,0,0,0,0,0,0,0,0,0,0,0,0,,,,
90|85,0,0,0,0,0,0,0,0,0,0,0,1,0,0,0,0,,,0|0#1|0#2|0#3|0#4|0#5|0#6|0#7|0#8|0#9|0#10|0#11|0#12|0,
151|60,0,0,0,0,0,0,0,0,0,0,0,0,0,0,0,0,,,,
45|94,0,0,0,0,0,0,0,0,0,0,0,0,0,0,0,0,,,,
142|66,0,0,0,0,0,0,0,0,0,0,0,1,0,0,0,0,,,,
19|147,0,0,0,0,0,0,0,0,0,0,0,0,0,0,0,0,,,,
147|143,0,0,0,0,0,0,0,0,0,0,0,0,0,0,0,0,,,,
40|21,0,0,0,0,0,0,0,0,0,0,0,0,0,0,0,0,,,,
