88|107,0,0,0,0,0,0,1,0,1,0,0,0,0,0,0,0,,,,
9|33,0,0,0,0,0,0,0,0,0,0,0,0,0,0,0,0,,,,
151|117,0,0,0,0,0,0,0,0,0,0,0,0,0,0,0,0,,,,
88|65,6,0,3,6,0,0,0,0,0,2,1,166,7,3,0,0,0|0#1|0#2|0#3|4#4|4#5|4#6|4#7|4#8|4#9|4#10|4#11|4#12|0,0|0#1|0#2|0#3|4#4|3#5|2#6|2#7|3#8|3#9|3#10|3#11|3#12|0,0|0#1|0#2|0#3|4#4|4#5|4#6|4#7|4#8|4#9|4#10|4#11|4#12|0,0|0#1|0#2|0#3|3#4|3#5|2#6|3#7|2#8|3#9|3#10|3#11|3#12|0
95|34,0,0,0,0,0,0,0,0,0,0,0,0,0,0,0,0,,,,
150|100,0,0,0,0,0,0,0,0,0,0,0,0,0,0,0,0,,,,
112|105,0,0,0,0,0,0,0,0,0,0,0,0,0,0,0,0,,,,
57|12,0,0,0,0,0,0,0,0,0,0,0,0,0,0,0,0,,,,
76|23,0,0,0,0,0,0,0,0,0,0,0,0,0,0,0,0,0|0#1|0#2|0#3|0#4|0#5|0#6|0#7|0#8|0#9|0#10|0#11|0#12|0,,0|0#1|0#2|0#3|0#4|0#5|0#6|0#7|0#8|0#9|0#10|0#11|0#12|0,
33|3,0,0,0,0,0,0,0,0,0,0,0,0,0,0,0,0,,,,
0|114,0,0,0,0,0,0,0,0,0,0,0,0,0,0,0,0,,,,
61|116,0,0,0,0,0,0,0,0,0,0,0,0,0,0,0,0,,,,
48|18,0,0,0,0,0,0,0,0,0,0,0,0,0,0,0,0,,,,
126|109,0,0,0,0,0,0,0,0,0,0,0,1,1,0,0,0,,,,
67|29,0,0,0,0,0,0,0,0,0,0,0,0,0,0,0,0,,,,
22|104,0,0,0,0,0,0,0,0,0,0,0,0,0,0,0,0,,,,
74|103,0,0,0,0,0,0,0,0,0,0,0,0,0,0,0,0,,,,
147|15,0,0,0,0,0,0,0,0,0,0,0,0,0,0,0,0,,,,
11|91,0,0,0,0,0,0,0,0,0,0,0,0,0,0,0,0,,,,
149|40,0,0,0,0,0,0,0,0,0,0,0,0,0,0,0,0,,,,
36|108,0,0,0,0,0,0,0,0,0,0,0,0,0,0,0,0,,,,
69|54,0,0,0,0,0,0,1,0,0,0,0,1,0,0,0,0,,0|0#1|0#2|0#3|0#4|0#5|0#6|0#7|0#8|0#9|0#10|0#11|0#12|0,,0|0#1|0#2|0#3|0#4|0#5|0#6|0#7|0#8|0#9|0#10|0#11|0#12|0
101|94,0,0,0,0,0,0,0,0,0,0,0,0,0,0,0,0,,,,
