25|36,0,0,0,0,0,0,0,0,0,0,0,0,0,0,0,0,,,,
136|75,0,0,0,0,0,0,0,0,0,0,0,0,0,0,0,0,,,,
150|13,0,0,0,0,0,0,0,0,0,0,0,0,0,0,0,0,,,,
60|10,0,0,0,0,0,0,0,0,0,0,0,0,0,0,0,0,,,,
5|62,0,0,0,0,0,0,0,0,0,0,0,0,0,0,0,0,,,,
51|16,0,0,0,0,0,0,0,0,0,0,0,0,0,0,0,0,,,,
82|69,0,0,1,0,0,0,0,1,0,0,0,0,0,0,0,0,0|0#1|0#2|0#3|0#4|4#5|4#6|4#7|4#8|2#9|0#10|0#11|0#12|0,0|0#1|0#2|0#3|0#4|2#5|2#6|2#7|2#8|0#9|0#10|0#11|0#12|0,0|0#1|0#2|0#3|2#4|4#5|4#6|4#7|3#8|0#9|0#10|0#11|0#12|0,0|0#1|0#2|0#3|0#4|2#5|2#6|2#7|1#8|0#9|0#10|0#11|0#12|0
98|143,0,0,0,0,0,0,0,0,0,0,0,0,0,0,0,0,,,,
143|44,0,0,0,0,0,0,0,0,0,0,0,0,0,0,0,0,,,,
81|109,0,0,0,0,0,0,0,0,0,0,0,0,0,0,0,0,,,,
115|39,0,0,0,0,0,0,0,0,0,0,0,0,0,0,0,0,,,,
141|19,0,0,0,0,0,0,0,0,0,0,0,0,0,0,0,0,,,,
72|52,0,0,0,0,0,0,0,0,0,0,0,0,0,0,0,0,,,,
122|141,0,0,0,0,0,0,0,0,0,0,0,0,0,0,0,0,,,,
18|67,0,0,0,0,0,0,0,0,0,0,0,0,0,0,0,0,,,,
136|145,0,0,0,0,0,0,0,0,0,0,0,0,1,0,0,0,,,,
44|47,1,2,4,0,0,1,0,0,6,0,0,4,0,0,0,0,,,,
84|94,0,0,0,0,0,0,0,0,1,0,0,0,0,0,0,0,,0|0#1|0#2|0#3|0#4|0#5|0#6|0#7|0#8|0#9|0#10|0#11|0#12|0,,
63|58,0,2,112,1,3,0,11,1,1,0,0,6,9,0,0,0,0|0#1|0#2|0#3|0#4|0#5|0#6|0#7|0#8|0#9|0#10|0#11|0#12|0,0|0#1|0#2|0#3|0#4|0#5|0#6|0#7|0#8|0#9|0#10|0#11|0#12|0,0|0#1|0#2|0#3|0#4|0#5|0#6|0#7|0#8|0#9|0#10|0#11|0#12|0,
124|33,0,0,0,0,0,0,1,0,6,0,0,0,0,0,0,0,,,,
46|144,0,0,0,0,0,0,0,0,0,0,0,0,1,0,0,0,,,,
70|27,0,0,0,0,0,0,0,0,0,0,0,0,0,0,0,0,,,,
149|132,0,0,0,0,0,2,0,0,0,0,0,0,0,0,0,0,,,,
46|72,1,0,0,0,0,0,0,1,0,0,1,1,0,0,0,0,,0|0#1|0#2|0#3|0#4|0#5|0#6|0#7|0#8|0#9|0#10|0#11|0#12|0,,0|0#1|0#2|0#3|0#4|0#5|0#6|0#7|0#8|0#9|0#10|0#11|0#12|0
34|30,0,0,0,0,0,0,0,0,0,0,0,1,0,0,0,0,0|0#1|0#2|0#3|0#4|0#5|0#6|0#7|0#8|0#9|0#10|0#11|0#12|0,,,
56|89,0,0,0,0,0,0,0,0,1,0,0,0,0,0,0,0,,,,
65|83,0,0,0,0,0,0,0,0,0,0,0,0,0,0,0,0,,,,
59|131,0,0,0,0,0,0,0,0,0,0,0,0,0,0,0,0,,,,
37|78,0,0,0,0,0,0,0,4,0,0,0,0,0,0,0,0,,,,
105|22,0,0,0,0,0,0,0,0,0,0,0,0,1,0,0,0,,,,
53|41,0,0,0,0,0,0,0,0,0,0,0,0,0,0,0,0,,,,
117|64,0,0,2,0,0,0,0,0,0,0,0,2,0,0,0,0,,,,
27|61,0,0,0,0,0,0,0,0,0,0,0,0,0,0,0,0,,,,
32|140,0,0,0,0,0,0,0,0,0,0,0,0,0,0,0,0,,,,
97|6,0,0,0,0,0,0,0,0,0,0,0,0,0,0,0,0,,,,
91|63,62,34,110,17,3,16,6,28,2,1,54,0,23,0,0,0,0|0#1|0#2|0#3|4#4|4#5|4#6|4#7|4#8|4#9|4#10|4#11|4#12|0,0|0#1|0#2|0#3|4#4|4#5|4#6|4#7|4#8|4#9|4#10|4#11|4#12|0,0|0#1|0#2|0#3|4#4|4#5|4#6|4#7|4#8|4#9|4#10|4#11|4#12|0,0|0#1|0#2|0#3|4#4|4#5|4#6|4#7|4#8|4#9|4#10|4#11|4#12|0
3|37,0,0,0,0,0,0,0,0,0,0,0,0,0,0,0,0,,,,
