25|113,0,0,0,0,0,0,0,0,0,0,0,0,0,0,0,0,,,,
64|125,0,0,0,0,0,0,0,0,0,0,0,0,0,0,0,0,,,,
77|112,0,0,1,0,0,0,0,0,0,0,0,0,1,0,0,0,,,,
112|2,0,0,2,0,0,0,1,1,5,0,1,0,0,0,0,0,,,,
115|114,0,0,0,0,0,0,0,0,0,0,0,0,0,0,0,0,,,,
0|90,0,0,0,0,0,0,0,0,0,0,0,0,0,0,0,0,,,,
51|138,0,0,0,0,0,0,0,0,0,0,0,0,0,0,0,0,,,,
59|16,0,0,0,0,0,0,0,0,0,0,0,0,0,0,0,0,,,,
97|38,6,1,15,0,3,3,2,0,7,0,2,0,2,0,0,0,0|0#1|0#2|0#3|0#4|0#5|0#6|0#7|0#8|0#9|0#10|0#11|0#12|0,0|0#1|0#2|0#3|0#4|0#5|0#6|0#7|0#8|0#9|0#10|0#11|0#12|0,0|0#1|0#2|0#3|0#4|0#5|0#6|0#7|0#8|0#9|0#10|0#11|0#12|0,
68|10,0,0,0,0,0,0,0,0,0,0,0,0,0,0,0,0,,,,
3|123,0,0,0,0,0,0,0,0,0,0,0,0,0,0,0,0,,,,
101|110,5,0,17,0,4,2,1,3,2,0,3,1,1,0,0,0,,,,
13|95,0,0,0,0,0,0,0,0,0,0,0,0,0,0,0,0,,,,
103|98,0,0,0,0,0,0,0,1,0,0,0,0,0,0,0,0,,,0|0#1|0#2|0#3|0#4|0#5|0#6|0#7|0#8|0#9|0#10|0#11|0#12|0,
100|50,3,15,2,0,2,0,0,5,0,1,1,1,1,0,0,0,0|0#1|0#2|0#3|4#4|3#5|3#6|3#7|2#8|2#9|3#10|3#11|3#12|0,0|0#1|0#2|0#3|2#4|2#5|2#6|2#7|2#8|2#9|2#10|2#11|2#12|0,0|0#1|0#2|0#3|4#4|3#5|2#6|3#7|2#8|3#9|3#10|3#11|3#12|0,0|0#1|0#2|0#3|2#4|2#5|2#6|2#7|2#8|2#9|2#10|2#11|2#12|0
78|129,0,0,0,0,0,0,0,0,0,0,0,0,0,0,0,0,,,,
78|27,0,0,0,0,0,0,0,0,0,0,0,6,0,0,0,0,0|0#1|0#2|0#3|0#4|0#5|0#6|0#7|0#8|0#9|0#10|0#11|0#12|0,,0|0#1|0#2|0#3|0#4|0#5|0#6|0#7|0#8|0#9|0#10|0#11|0#12|0,
140|122,0,0,0,0,0,0,0,0,0,0,0,0,0,0,0,0,,,,
102|127,0,0,0,0,0,0,0,0,0,0,0,0,0,0,0,0,,,,
53|7,0,0,0,0,1,1,0,0,0,0,0,0,0,0,0,0,,,,
38|100,0,0,0,0,0,0,0,0,0,0,0,0,0,0,0,0,,,,
129|118,5,4,11,1,2,2,1,2,0,0,9,18,0,1,0,0,,,,
149|19,0,0,0,0,0,0,0,0,0,0,0,0,0,0,0,0,,,,
141|139,0,0,0,0,0,0,0,0,1,0,0,0,0,0,0,0,,,,
87|21,0,0,0,0,0,0,1,0,7,0,1,0,0,0,0,0,,,0|0#1|0#2|0#3|0#4|0#5|0#6|0#7|0#8|0#9|0#10|0#11|0#12|0,
128|101,0,0,0,0,0,0,0,0,0,0,0,0,0,0,0,0,,,,
99|63,290,99,565,0,75,79,6,85,111,89,176,228,68,5,0,0,0|0#1|0#2|0#3|4#4|4#5|4#6|4#7|4#8|4#9|4#10|4#11|4#12|0,0|0#1|0#2|0#3|4#4|4#5|4#6|4#7|4#8|4#9|4#10|4#11|4#12|0,0|0#1|0#2|0#3|4#4|4#5|4#6|4#7|4#8|4#9|4#10|4#11|4#12|0,0|0#1|0#2|0#3|4#4|4#5|4#6|4#7|4#8|4#9|4#10|4#11|4#12|0
12|126,0,0,0,0,0,0,0,0,0,0,0,0,0,0,0,0,,,,
112|92,0,0,0,0,0,0,0,1,1,0,0,5,1,0,0,0,,0|0#1|0#2|0#3|0#4|0#5|0#6|0#7|0#8|0#9|0#10|0#11|0#12|0,,
20|64,0,0,0,0,0,0,0,0,0,0,0,0,0,0,0,0,,,,
27|9,0,0,0,0,0,0,0,0,0,0,0,0,0,0,0,0,,,,
39|117,0,0,0,0,0,0,0,0,0,0,0,0,0,0,0,0,,,,
50|121,0,0,0,0,0,0,0,0,0,0,0,0,0,0,0,0,,,,
110|67,2,2,1,3,4,0,0,1,0,2,2,3,0,0,0,0,0|0#1|0#2|0#3|0#4|1#5|2#6|2#7|2#8|1#9|0#10|1#11|0#12|0,0|0#1|0#2|0#3|0#4|2#5|1#6|1#7|0#8|0#9|0#10|0#11|0#12|0,0|0#1|0#2|0#3|0#4|2#5|2#6|1#7|1#8|1#9|0#10|0#11|0#12|0,0|0#1|0#2|0#3|1#4|1#5|1#6|1#7|0#8|0#9|0#10|0#11|0#12|0
