7|110,0,0,0,0,0,0,0,0,0,0,0,0,0,0,0,0,,,,
40|8,0,0,0,0,0,0,0,0,0,0,0,0,0,0,0,0,,,,
55|125,0,0,0,0,0,0,0,0,0,0,0,0,0,0,0,0,,,,
16|113,0,0,0,0,0,0,0,0,0,0,0,0,0,0,0,0,,,,
13|35,0,0,0,0,0,0,0,0,0,0,0,0,0,0,0,0,,,,
41|121,0,0,0,0,0,0,0,0,0,0,0,0,0,0,0,0,,,,
8|127,0,0,0,0,0,0,0,0,0,0,0,0,0,0,0,0,,,,
119|101,0,3,1,0,0,0,0,0,3,0,0,0,1,0,0,0,,,0|0#1|0#2|0#3|0#4|0#5|0#6|0#7|0#8|0#9|0#10|0#11|0#12|0,
143|85,0,0,0,0,0,0,0,0,0,0,0,0,0,0,0,0,,,,
41|40,0,0,0,0,0,0,0,0,0,0,0,1,0,0,0,0,0|0#1|0#2|0#3|0#4|0#5|0#6|0#7|0#8|0#9|0#10|0#11|0#12|0,,0|0#1|0#2|0#3|0#4|0#5|0#6|0#7|0#8|0#9|0#10|0#11|0#12|0,
106|114,0,0,0,0,0,0,0,0,0,0,0,1,0,0,0,0,,,,
93|120,0,0,0,0,0,0,0,2,0,0,0,0,0,0,0,0,,,,
112|32,0,0,0,0,0,0,0,0,0,0,0,0,0,0,0,0,,0|0#1|0#2|0#3|0#4|0#5|0#6|0#7|0#8|0#9|0#10|0#11|0#12|0,,0|0#1|0#2|0#3|0#4|0#5|0#6|0#7|0#8|0#9|0#10|0#11|0#12|0
60|51,0,0,0,0,0,0,0,0,0,0,0,0,0,0,0,0,,,,
150|54,0,0,0,0,0,0,0,0,0,0,0,0,0,0,0,0,,,,
80|133,0,0,0,0,0,0,0,0,0,0,0,0,0,0,0,0,,,,
132|139,0,0,0,0,0,0,0,0,0,0,0,0,0,0,0,0,,,,
103|38,0,0,0,0,0,0,0,0,0,0,0,0,0,0,0,0,,,,
131|122,2,0,2,3,0,0,0,3,1,0,0,2,0,0,0,0,,,,
29|100,0,0,0,0,0,0,0,0,0,0,0,0,0,0,0,0,,,,
15|60,0,0,0,0,0,0,0,0,0,0,0,0,0,0,0,0,,,,
25|77,0,0,0,0,0,0,0,0,0,0,0,0,0,0,0,0,,,,
68|112,0,0,0,0,0,0,0,0,0,0,0,0,0,0,0,0,,,,
3|78,0,0,0,0,0,0,0,0,0,0,0,0,0,0,0,0,,,,
69|129,0,0,0,0,0,0,0,0,0,0,0,0,0,0,0,0,,,,
32|46,0,0,0,0,0,0,0,0,0,0,0,0,0,0,0,0,,,,
105|63,2,10,17,6,2,1,3,2,0,0,10,10,5,0,0,0,0|0#1|0#2|0#3|4#4|4#5|4#6|4#7|4#8|4#9|4#10|4#11|4#12|0,0|0#1|0#2|0#3|4#4|4#5|4#6|4#7|4#8|4#9|4#10|4#11|4#12|0,0|0#1|0#2|0#3|4#4|4#5|4#6|4#7|4#8|4#9|4#10|4#11|4#12|0,0|0#1|0#2|0#3|4#4|4#5|4#6|4#7|4#8|4#9|4#10|4#11|4#12|0
131|43,0,0,0,0,0,0,0,0,0,0,0,0,0,0,0,0,0|0#1|0#2|0#3|0#4|0#5|0#6|0#7|0#8|0#9|0#10|0#11|0#12|0,0|0#1|0#2|0#3|0#4|0#5|0#6|0#7|0#8|0#9|0#10|0#11|0#12|0,0|0#1|0#2|0#3|0#4|0#5|0#6|0#7|0#8|0#9|0#10|0#11|0#12|0,0|0#1|0#2|0#3|0#4|0#5|0#6|0#7|0#8|0#9|0#10|0#11|0#12|0
0|30,0,0,0,0,0,0,0,0,0,0,0,0,0,0,0,0,,,,
63|99,0,0,0,0,0,0,0,0,0,0,0,0,0,0,0,0,,,,
42|138,0,0,0,0,0,0,0,0,0,0,0,0,0,0,0,0,,,,
145|126,0,0,0,0,0,0,0,0,0,0,0,0,0,0,0,0,,,,
34|71,0,0,0,0,0,0,0,0,0,0,0,0,0,0,0,0,,,,
53|82,1,0,0,0,0,0,0,1,0,0,0,0,0,0,0,0,,,0|0#1|0#2|0#3|0#4|0#5|0#6|0#7|0#8|0#9|0#10|0#11|0#12|0,
94|137,0,0,0,0,0,0,0,0,0,0,0,0,0,0,0,0,,,,
70|68,0,0,0,0,0,0,0,0,0,0,0,0,1,0,0,0,,,,
72|93,0,0,0,0,0,0,0,0,0,0,0,1,0,0,0,0,0|0#1|0#2|0#3|0#4|0#5|0#6|0#7|0#8|0#9|0#10|0#11|0#12|0,,0|0#1|0#2|0#3|0#4|0#5|0#6|0#7|0#8|0#9|0#10|0#11|0#12|0,
122|49,0,0,0,0,0,0,1,7,1,0,1,1,0,0,0,0,0|0#1|0#2|0#3|0#4|0#5|0#6|0#7|0#8|0#9|0#10|0#11|0#12|0,0|0#1|0#2|0#3|0#4|0#5|0#6|0#7|0#8|0#9|0#10|0#11|0#12|0,0|0#1|0#2|0#3|0#4|0#5|0#6|0#7|0#8|0#9|0#10|0#11|0#12|0,0|0#1|0#2|0#3|0#4|0#5|0#6|0#7|0#8|0#9|0#10|0#11|0#12|0
124|74,0,0,0,0,0,1,0,0,0,0,0,0,0,0,0,0,,,,
44|88,0,0,0,0,0,0,0,0,0,0,0,0,0,0,0,0,,,,
51|57,0,0,0,0,0,0,0,0,0,0,0,0,0,0,0,0,,,,
