71|55,1,0,5,0,0,2,0,0,5,0,2,0,0,0,0,0,,,,
64|86,0,0,0,0,0,0,1,0,0,0,0,0,0,0,0,0,,,,
109|98,0,0,0,0,0,0,0,0,0,0,0,0,0,0,0,0,,,,
109|129,0,0,0,0,0,0,0,0,0,0,0,0,0,0,0,0,,,,
18|111,0,0,0,0,0,0,0,0,0,0,0,0,0,0,0,0,,,,
123|36,0,0,0,0,0,0,0,0,0,0,0,0,0,0,0,0,,,,
82|131,0,0,0,0,0,0,0,0,0,0,0,0,0,0,0,0,,,,
83|97,0,0,0,0,0,0,0,0,0,0,0,0,0,0,0,0,,,,
45|75,0,0,0,0,0,0,0,0,0,0,0,0,0,0,0,0,,,,
57|123,0,0,0,0,0,0,0,0,0,0,0,0,0,0,0,0,,,,
50|19,0,0,0,0,0,0,0,0,0,0,0,0,0,0,0,0,,,,
24|39,0,0,0,0,0,0,0,0,0,0,0,0,0,0,0,0,,,,
96|135,0,0,0,0,0,0,0,0,0,0,0,0,0,0,0,0,,,,
14|22,2,0,1,0,0,0,1,4,5,0,1,1,2,0,0,0,,,,
92|91,2,0,5,0,0,2,0,0,1,0,2,7,2,0,0,0,,,0|0#1|0#2|0#3|0#4|0#5|0#6|0#7|0#8|0#9|0#10|0#11|0#12|0,
106|50,1,0,0,2,0,0,0,0,1,0,0,3,1,0,0,0,0|0#1|0#2|0#3|2#4|2#5|1#6|1#7|0#8|1#9|2#10|2#11|2#12|0,0|0#1|0#2|0#3|2#4|1#5|0#6|1#7|1#8|1#9|2#10|2#11|2#12|0,0|0#1|0#2|0#3|2#4|2#5|1#6|0#7|1#8|2#9|2#10|2#11|2#12|0,0|0#1|0#2|0#3|2#4|1#5|1#6|0#7|1#8|1#9|2#10|2#11|2#12|0
146|4,0,0,0,0,0,0,0,0,0,0,0,0,0,0,0,0,,,,
135|78,4,1,2,0,0,0,0,0,0,0,2,0,6,0,0,0,0|0#1|0#2|0#3|0#4|0#5|0#6|0#7|0#8|0#9|0#10|0#11|0#12|0,,0|0#1|0#2|0#3|0#4|0#5|0#6|0#7|0#8|0#9|0#10|0#11|0#12|0,0|0#1|0#2|0#3|0#4|0#5|0#6|0#7|0#8|0#9|0#10|0#11|0#12|0
108|112,0,0,0,0,0,0,0,1,0,0,0,1,0,0,0,0,,,,
132|30,0,0,0,0,0,0,0,0,0,0,0,0,0,0,0,0,,,,
4|65,0,0,0,0,0,0,0,0,0,0,0,0,0,0,0,0,,,,
87|9,0,0,0,0,0,0,0,0,0,0,0,0,0,0,0,0,,,,
144|72,0,0,0,0,0,0,0,0,0,0,0,0,0,0,0,0,,,,
120|133,0,0,0,0,0,0,0,0,0,0,0,0,0,0,0,0,,,,
134|137,0,0,0,0,0,0,0,0,0,0,0,0,0,0,0,0,,,,
104|25,0,0,0,0,0,0,0,0,0,0,0,0,1,0,0,0,0|0#1|0#2|0#3|0#4|0#5|0#6|0#7|0#8|0#9|0#10|0#11|0#12|0,0|0#1|0#2|0#3|0#4|0#5|0#6|0#7|0#8|0#9|0#10|0#11|0#12|0,0|0#1|0#2|0#3|0#4|0#5|0#6|0#7|0#8|0#9|0#10|0#11|0#12|0,0|0#1|0#2|0#3|0#4|0#5|0#6|0#7|0#8|0#9|0#10|0#11|0#12|0
142|47,0,0,0,0,0,0,0,0,0,0,0,0,0,0,0,0,,,,
125|61,0,0,0,0,0,0,0,0,0,0,0,0,0,0,0,0,0|0#1|0#2|0#3|0#4|0#5|0#6|0#7|0#8|0#9|0#10|0#11|0#12|0,,0|0#1|0#2|0#3|0#4|0#5|0#6|0#7|0#8|0#9|0#10|0#11|0#12|0,
26|64,0,0,0,0,0,0,0,0,0,0,0,0,0,0,0,0,,,,
147|124,0,0,0,0,0,0,0,0,0,0,0,0,0,0,0,0,,,,
19|95,0,0,0,0,0,0,0,0,0,0,0,0,0,0,0,0,,,,
33|33,0,0,0,0,0,0,0,0,0,0,0,0,0,0,0,0,,,,
90|66,32,9,33,3,2,7,4,10,2,0,14,4,3,0,0,0,0|0#1|0#2|0#3|4#4|4#5|3#6|4#7|4#8|3#9|4#10|4#11|4#12|0,0|0#1|0#2|0#3|3#4|3#5|2#6|3#7|2#8|2#9|3#10|2#11|2#12|0,0|0#1|0#2|0#3|4#4|4#5|4#6|4#7|3#8|4#9|4#10|4#11|4#12|0,0|0#1|0#2|0#3|3#4|3#5|3#6|2#7|2#8|3#9|3#10|2#11|2#12|0
118|92,0,0,0,0,0,0,0,0,0,0,0,2,1,0,0,0,0|0#1|0#2|0#3|0#4|0#5|0#6|0#7|0#8|0#9|0#10|0#11|0#12|0,0|0#1|0#2|0#3|0#4|0#5|0#6|0#7|0#8|0#9|0#10|0#11|0#12|0,0|0#1|0#2|0#3|0#4|0#5|0#6|0#7|0#8|0#9|0#10|0#11|0#12|0,0|0#1|0#2|0#3|0#4|0#5|0#6|0#7|0#8|0#9|0#10|0#11|0#12|0
6|90,0,0,0,0,0,0,0,0,0,0,0,0,0,0,0,0,,,,
30|132,0,0,0,0,0,0,0,0,0,0,0,0,0,0,0,0,,,,
133|120,0,0,1,0,0,0,0,0,0,0,0,1,0,0,0,0,,,,
151|41,0,0,0,0,0,0,0,0,0,0,0,0,0,0,0,0,,,,
52|44,0,0,0,0,0,0,0,0,0,0,0,0,0,0,0,0,,,,
19|128,0,0,0,0,0,0,0,0,0,0,0,0,0,0,0,0,,,,
73|80,0,0,0,0,0,1,1,7,0,0,1,1,2,0,1,0,0|0#1|0#2|0#3|0#4|0#5|0#6|0#7|0#8|0#9|0#10|0#11|0#12|0,0|0#1|0#2|0#3|0#4|0#5|0#6|0#7|0#8|0#9|0#10|0#11|0#12|0,0|0#1|0#2|0#3|0#4|0#5|0#6|0#7|0#8|0#9|0#10|0#11|0#12|0,0|0#1|0#2|0#3|0#4|0#5|0#6|0#7|0#8|0#9|0#10|0#11|0#12|0
44|136,0,0,0,0,0,0,0,0,0,0,0,0,0,0,0,0,,,,
116|67,0,0,1,0,0,1,0,0,0,0,0,0,0,0,0,0,0|0#1|0#2|0#3|0#4|0#5|0#6|0#7|0#8|0#9|0#10|0#11|0#12|0,,0|0#1|0#2|0#3|0#4|0#5|0#6|0#7|0#8|0#9|0#10|0#11|0#12|0,
