65|7,0,0,0,0,0,0,0,0,0,0,0,0,0,0,0,0,,,,
39|9,0,0,0,0,0,0,0,0,0,0,0,0,0,0,0,0,,,,
67|128,0,0,0,0,0,0,0,0,0,0,0,0,0,0,0,0,,,,
121|59,0,0,0,0,0,0,0,0,0,0,0,0,0,0,0,0,,,,
111|42,0,0,0,0,0,0,0,0,0,0,0,0,0,0,0,0,,,0|0#1|0#2|0#3|0#4|0#5|0#6|0#7|0#8|0#9|0#10|0#11|0#12|0,
15|129,0,0,0,0,0,0,0,0,0,0,0,0,0,0,0,0,,,,
40|50,0,0,0,0,0,0,0,0,0,0,0,0,0,0,0,0,,,,
92|136,0,0,0,0,0,0,0,1,0,0,0,0,0,0,0,0,,,,
28|116,0,0,0,0,0,0,0,0,0,0,0,0,0,0,0,0,,,,
2|88,0,0,0,0,0,0,0,0,0,0,0,0,0,0,0,0,,,,
102|48,0,0,0,0,0,0,0,0,0,0,0,0,0,0,0,0,0|0#1|0#2|0#3|0#4|0#5|0#6|0#7|0#8|0#9|0#10|0#11|0#12|0,0|0#1|0#2|0#3|0#4|0#5|0#6|0#7|0#8|0#9|0#10|0#11|0#12|0,0|0#1|0#2|0#3|0#4|0#5|0#6|0#7|0#8|0#9|0#10|0#11|0#12|0,
104|113,0,0,0,0,0,0,0,0,0,0,0,0,0,0,0,0,,,,
130|53,0,0,0,0,0,0,0,0,0,0,0,0,0,0,0,0,,,,
6|126,0,0,0,0,0,0,0,0,0,0,0,0,0,0,0,0,,,,
89|19,0,0,0,0,0,0,0,0,0,0,0,0,0,0,0,0,,,,
43|98,0,0,0,0,0,0,0,0,0,0,0,0,0,0,0,0,,,,
91|5,0,0,0,0,0,0,0,0,0,0,0,0,0,0,0,0,,,,
104|73,4,1,1,3,0,1,1,4,0,0,0,6,4,0,0,0,0|0#1|0#2|0#3|3#4|2#5|0#6|1#7|2#8|1#9|2#10|2#11|2#12|0,0|0#1|0#2|0#3|2#4|2#5|0#6|0#7|0#8|0#9|2#10|1#11|0#12|0,0|0#1|0#2|0#3|3#4|1#5|0#6|2#7|2#8|2#9|2#10|2#11|2#12|0,0|0#1|0#2|0#3|2#4|0#5|0#6|0#7|0#8|1#9|2#10|1#11|0#12|0
24|87,0,0,0,0,0,0,0,0,0,0,0,0,0,0,0,0,,,,
50|67,0,0,0,0,0,0,0,0,0,0,0,0,0,0,0,0,,,,
33|81,0,1,0,0,0,0,0,0,0,0,0,0,0,0,0,0,,,,
40|137,0,0,0,0,0,0,0,0,0,0,0,0,0,0,0,0,,,,
123|84,6,2,29,0,1,5,4,6,11,0,5,1,2,0,0,0,0|0#1|0#2|0#3|0#4|0#5|0#6|0#7|0#8|0#9|0#10|0#11|0#12|0,,0|0#1|0#2|0#3|0#4|0#5|0#6|0#7|0#8|0#9|0#10|0#11|0#12|0,0|0#1|0#2|0#3|0#4|0#5|0#6|0#7|0#8|0#9|0#10|0#11|0#12|0
117|100,1,7,0,0,0,0,2,0,2,0,0,0,1,0,0,0,,,0|0#1|0#2|0#3|0#4|0#5|0#6|0#7|0#8|0#9|0#10|0#11|0#12|0,
98|13,0,0,0,0,0,0,0,0,0,0,0,0,0,0,0,0,,,,
14|70,0,0,0,0,0,0,0,0,0,0,0,0,0,0,0,0,,,,
118|117,0,0,0,0,0,0,0,0,0,0,0,0,0,0,0,0,,,,
142|95,0,0,0,0,0,0,0,0,0,0,0,0,0,0,0,0,,,,
12|45,0,0,0,0,0,0,0,0,0,0,0,0,0,0,0,0,,,,
52|92,0,0,0,0,0,0,0,0,0,0,0,0,0,0,0,0,,,,
14|112,0,0,0,0,0,0,0,0,0,0,0,0,0,0,0,0,,,,
66|111,0,1,0,0,0,0,0,0,6,0,0,0,0,0,0,0,,,,
31|56,0,0,0,0,0,0,0,0,0,0,0,0,0,0,0,0,,,,
143|125,0,0,0,0,0,0,0,0,0,0,0,0,0,0,0,0,,,,
53|124,0,0,0,0,0,0,0,0,0,0,0,0,0,0,0,0,,,,
150|0,0,0,0,0,0,0,0,0,0,0,0,0,0,0,0,0,,,,
130|138,0,0,0,0,0,0,0,0,0,0,0,0,0,0,0,0,,,,
124|2,0,0,0,0,0,0,0,0,0,0,0,0,0,0,0,0,,,,
