148|41,0,0,0,0,0,0,0,0,0,0,0,0,0,0,0,0,,,,
100|95,0,0,0,0,0,0,1,0,1,0,0,0,0,0,0,0,,,,
23|4,0,0,0,0,0,0,0,0,0,0,0,0,0,0,0,0,,,,
8|34,0,0,0,0,0,0,0,0,0,0,0,0,0,0,0,0,,,,
128|146,0,0,0,0,0,0,0,0,0,0,0,0,0,0,0,0,,,,
96|60,229,84,415,135,51,49,38,38,44,41,193,358,64,2,1,0,0|0#1|0#2|0#3|4#4|4#5|4#6|4#7|4#8|4#9|4#10|4#11|4#12|0,0|0#1|0#2|0#3|4#4|4#5|4#6|4#7|4#8|4#9|4#10|4#11|4#12|0,0|0#1|0#2|0#3|4#4|4#5|4#6|4#7|4#8|4#9|4#10|4#11|4#12|0,0|0#1|0#2|0#3|4#4|4#5|4#6|4#7|4#8|4#9|4#10|4#11|4#12|0
68|55,0,0,0,0,0,0,0,0,0,0,0,0,0,0,0,0,,,,
89|91,0,0,0,0,0,0,0,0,0,0,0,0,0,0,0,0,,,,
139|47,0,0,0,0,0,0,0,0,0,0,0,0,0,0,0,0,,,,
94|35,0,0,0,0,0,0,0,0,0,0,0,0,0,0,0,0,,,,
56|13,0,0,0,0,0,0,0,0,0,0,0,0,0,0,0,0,,,,
129|30,0,0,0,0,0,0,0,0,0,0,0,0,0,0,0,0,,,,
76|140,0,0,0,0,0,0,0,0,0,0,0,0,0,0,0,0,,,,
10|92,0,0,0,0,0,0,0,0,0,0,0,0,0,0,0,0,,,,
49|44,0,0,1,0,0,1,0,0,1,0,0,0,0,0,0,0,,,,
114|142,0,0,0,0,0,0,0,0,0,0,0,1,0,0,0,0,,,,
24|141,0,0,0,0,0,0,0,0,0,0,0,0,0,0,0,0,,,,
75|24,0,0,0,0,0,0,0,0,0,0,0,0,0,0,0,0,,,,
146|16,0,0,0,0,0,0,0,0,0,0,0,0,0,0,0,0,,,,
87|66,6,0,3,21,2,0,0,1,2,0,1,3,3,0,0,0,0|0#1|0#2|0#3|1#4|1#5|1#6|2#7|1#8|1#9|2#10|2#11|1#12|0,0|0#1|0#2|0#3|0#4|0#5|0#6|0#7|1#8|1#9|0#10|1#11|0#12|0,0|0#1|0#2|0#3|2#4|2#5|2#6|1#7|1#8|2#9|1#10|2#11|1#12|0,0|0#1|0#2|0#3|0#4|0#5|0#6|0#7|1#8|1#9|0#10|1#11|0#12|0
38|145,0,0,0,0,0,0,0,0,0,0,0,0,0,0,0,0,,,,
47|19,0,0,0,0,0,0,0,0,0,0,0,0,0,0,0,0,,,,
