20|142,0,0,0,0,0,0,0,0,0,0,0,0,0,0,0,0,,,,
105|9,0,0,0,0,0,0,0,0,0,0,0,0,0,0,0,0,,,,
16|14,0,0,0,0,0,0,0,0,0,0,0,0,0,0,0,0,,,,
6|57,0,0,0,0,0,0,0,0,0,0,0,0,0,0,0,0,,,,
82|41,0,1,0,0,0,0,0,0,0,0,0,0,0,0,0,0,0|0#1|0#2|0#3|0#4|0#5|0#6|0#7|0#8|0#9|0#10|0#11|0#12|0,,0|0#1|0#2|0#3|0#4|0#5|0#6|0#7|0#8|0#9|0#10|0#11|0#12|0,
124|147,0,0,0,0,0,0,0,0,0,0,0,0,0,0,0,0,,,,
34|146,0,0,0,0,0,0,0,0,0,0,0,0,0,0,0,0,,,,
72|141,0,0,0,0,0,0,0,0,0,0,0,0,0,0,0,0,,,,
75|72,0,1,0,0,0,1,0,2,0,0,0,0,0,0,0,0,0|0#1|0#2|0#3|0#4|0#5|0#6|0#7|0#8|0#9|0#10|0#11|0#12|0,,0|0#1|0#2|0#3|0#4|0#5|0#6|0#7|0#8|0#9|0#10|0#11|0#12|0,
92|58,22,10,52,7,7,1,2,3,1,0,22,7,6,0,0,0,0|0#1|0#2|0#3|4#4|4#5|4#6|4#7|4#8|4#9|4#10|4#11|4#12|0,0|0#1|0#2|0#3|4#4|4#5|4#6|4#7|4#8|3#9|3#10|3#11|3#12|0,0|0#1|0#2|0#3|4#4|4#5|4#6|4#7|4#8|4#9|4#10|4#11|4#12|0,0|0#1|0#2|0#3|4#4|4#5|4#6|4#7|4#8|3#9|3#10|3#11|3#12|0
110|143,0,0,0,0,0,0,0,0,1,0,0,0,0,0,0,0,,,,
73|47,0,0,0,0,0,0,0,0,0,0,0,0,0,0,0,0,,,,
144|39,0,0,0,0,0,0,0,0,0,0,0,2,0,0,0,0,,,,
56|61,0,0,0,0,0,0,0,0,0,0,0,0,0,0,0,0,,,,
35|25,0,0,0,0,0,0,0,0,0,0,0,0,0,0,0,0,,,,
37|50,0,0,0,0,0,0,0,0,0,0,0,0,0,0,0,0,,,,
125|28,0,0,0,0,0,0,0,0,0,0,0,0,0,0,0,0,,0|0#1|0#2|0#3|0#4|0#5|0#6|0#7|0#8|0#9|0#10|0#11|0#12|0,,0|0#1|0#2|0#3|0#4|0#5|0#6|0#7|0#8|0#9|0#10|0#11|0#12|0
54|36,0,0,0,0,0,0,0,0,0,0,0,0,0,0,0,0,,,,
99|3,0,0,0,0,0,0,0,0,0,0,0,0,0,0,0,0,,,,
80|16,0,0,1,0,0,0,0,0,2,0,0,0,0,0,0,0,,,,
99|132,0,0,0,0,0,0,0,0,0,0,0,0,0,0,0,0,,,,
118|59,0,0,0,0,0,0,0,0,0,0,0,0,0,0,0,0,0|0#1|0#2|0#3|0#4|0#5|0#6|0#7|0#8|0#9|0#10|0#11|0#12|0,,0|0#1|0#2|0#3|0#4|0#5|0#6|0#7|0#8|0#9|0#10|0#11|0#12|0,
115|11,0,0,0,0,0,0,0,0,0,0,0,0,0,0,0,0,,,,
139|95,0,0,0,0,0,0,0,0,0,0,0,0,0,0,0,0,,,,
108|42,5,1,2,2,0,1,0,1,1,0,0,2,0,0,0,0,0|0#1|0#2|0#3|0#4|0#5|0#6|0#7|0#8|0#9|0#10|0#11|0#12|0,0|0#1|0#2|0#3|0#4|0#5|0#6|0#7|0#8|0#9|0#10|0#11|0#12|0,0|0#1|0#2|0#3|0#4|0#5|0#6|0#7|0#8|0#9|0#10|0#11|0#12|0,0|0#1|0#2|0#3|0#4|0#5|0#6|0#7|0#8|0#9|0#10|0#11|0#12|0
28|56,0,0,0,0,0,0,0,0,0,0,0,0,0,0,0,0,,,,
94|83,8,3,35,1,0,4,3,3,1,0,3,9,21,0,0,0,0|0#1|0#2|0#3|0#4|0#5|0#6|0#7|0#8|0#9|0#10|0#11|0#12|0,0|0#1|0#2|0#3|0#4|0#5|0#6|0#7|0#8|0#9|0#10|0#11|0#12|0,0|0#1|0#2|0#3|1#4|0#5|0#6|0#7|0#8|0#9|0#10|0#11|0#12|0,0|0#1|0#2|0#3|0#4|0#5|0#6|0#7|0#8|0#9|0#10|0#11|0#12|0
66|78,0,0,0,0,0,0,0,0,0,0,0,0,1,0,0,0,0|0#1|0#2|0#3|0#4|0#5|0#6|0#7|0#8|0#9|0#10|0#11|0#12|0,,0|0#1|0#2|0#3|0#4|0#5|0#6|0#7|0#8|0#9|0#10|0#11|0#12|0,
134|22,0,0,0,0,0,0,0,0,0,0,0,0,0,0,0,0,,,,
86|145,0,0,0,0,0,0,0,0,0,0,0,0,0,0,0,0,,,,
47|133,0,0,0,0,0,0,0,0,0,0,0,0,0,0,0,0,,,,
131|7,0,0,0,0,0,0,0,0,0,0,0,0,0,0,0,0,,,,
146|64,0,0,0,0,0,0,0,0,0,0,0,0,0,0,0,0,,,,
137|134,0,0,0,0,0,0,0,2,7,0,1,0,1,0,0,0,,,,
63|30,0,0,0,0,0,0,0,0,0,0,0,0,0,0,0,0,,,,
106|17,0,0,0,0,0,0,0,0,0,0,0,0,0,0,0,0,,,,
8|82,0,0,0,0,0,0,0,0,0,0,0,0,0,0,0,0,,,,
123|130,0,0,0,0,0,0,0,0,0,0,0,0,0,0,0,0,,,,
49|92,0,0,0,0,0,0,0,0,0,0,0,0,0,0,0,0,,,,
127|53,0,0,0,0,0,0,0,0,0,0,0,0,0,0,0,0,0|0#1|0#2|0#3|0#4|0#5|0#6|0#7|0#8|0#9|0#10|0#11|0#12|0,,,
85|89,10,8,37,0,1,3,1,7,1,1,10,4,3,0,0,0,0|0#1|0#2|0#3|0#4|0#5|0#6|0#7|0#8|0#9|0#10|0#11|0#12|0,,,
47|67,0,0,0,0,0,0,0,0,0,0,0,0,0,0,0,0,,,,
