116|116,0,0,0,0,0,0,0,0,0,0,0,0,0,0,0,0,,,,
141|124,0,0,0,0,0,0,0,0,0,0,0,0,0,0,0,0,,,,
78|114,0,0,0,0,0,0,0,0,0,0,2,0,0,0,0,0,,,,
97|23,0,0,0,0,0,0,0,2,0,0,0,0,0,0,0,0,0|0#1|0#2|0#3|0#4|0#5|0#6|0#7|0#8|0#9|0#10|0#11|0#12|0,,0|0#1|0#2|0#3|0#4|0#5|0#6|0#7|0#8|0#9|0#10|0#11|0#12|0,
1|98,0,0,0,0,0,0,0,0,0,0,0,0,0,0,0,0,,,,
103|83,0,0,0,0,0,0,0,0,0,0,0,0,0,0,0,0,,,,
122|94,0,0,0,0,0,0,0,0,0,0,0,0,0,0,0,0,,0|0#1|0#2|0#3|0#4|0#5|0#6|0#7|0#8|0#9|0#10|0#11|0#12|0,,0|0#1|0#2|0#3|0#4|0#5|0#6|0#7|0#8|0#9|0#10|0#11|0#12|0
4|125,0,0,0,0,0,0,0,0,0,0,0,0,0,0,0,0,,,,
129|103,0,0,0,0,0,0,0,0,0,0,0,0,0,0,0,0,,,0|0#1|0#2|0#3|0#4|0#5|0#6|0#7|0#8|0#9|0#10|0#11|0#12|0,
101|58,28,21,53,6,6,7,4,13,5,7,37,85,21,0,0,0,0|0#1|0#2|0#3|4#4|4#5|4#6|4#7|4#8|4#9|4#10|4#11|4#12|0,0|0#1|0#2|0#3|4#4|4#5|4#6|4#7|4#8|4#9|4#10|4#11|4#12|0,0|0#1|0#2|0#3|4#4|4#5|4#6|4#7|4#8|4#9|4#10|4#11|4#12|0,0|0#1|0#2|0#3|4#4|4#5|4#6|4#7|4#8|4#9|4#10|4#11|4#12|0
102|112,0,0,0,0,0,0,0,0,0,0,0,0,0,0,0,0,,,,
110|52,35,13,300,4,7,3,1,9,2,2,15,23,3,0,0,0,0|0#1|0#2|0#3|2#4|2#5|2#6|2#7|2#8|2#9|2#10|1#11|2#12|0,0|0#1|0#2|0#3|0#4|2#5|2#6|0#7|0#8|2#9|2#10|0#11|1#12|0,0|0#1|0#2|0#3|2#4|2#5|2#6|2#7|2#8|2#9|2#10|1#11|2#12|0,0|0#1|0#2|0#3|1#4|1#5|1#6|0#7|1#8|2#9|1#10|0#11|1#12|0
32|91,0,0,0,0,0,0,0,0,0,0,0,0,0,0,0,0,,,,
64|110,0,0,0,0,0,0,0,0,0,0,0,0,0,0,0,0,,,,
149|1,0,0,0,0,0,0,0,0,0,0,0,0,0,0,0,0,,,,
88|29,0,0,0,0,0,0,0,0,0,0,0,0,0,0,0,0,0|0#1|0#2|0#3|0#4|0#5|0#6|0#7|0#8|0#9|0#10|0#11|0#12|0,0|0#1|0#2|0#3|0#4|0#5|0#6|0#7|0#8|0#9|0#10|0#11|0#12|0,0|0#1|0#2|0#3|0#4|0#5|0#6|0#7|0#8|0#9|0#10|0#11|0#12|0,0|0#1|0#2|0#3|0#4|0#5|0#6|0#7|0#8|0#9|0#10|0#11|0#12|0
11|55,0,0,0,0,0,0,0,0,0,0,0,0,0,0,0,0,,,,
30|66,0,0,0,0,0,0,0,0,0,0,0,0,0,0,0,0,,,,
39|102,0,0,0,0,0,0,0,0,0,0,0,0,0,0,0,0,,,,
90|135,0,0,0,0,0,0,0,1,0,0,0,0,0,0,0,0,,,,
78|12,0,0,0,0,0,0,0,0,0,0,0,3,9,0,0,0,,,,
69|18,0,0,0,0,0,0,0,0,0,0,0,0,0,0,0,0,,,,
13|80,0,0,0,0,0,0,0,0,0,0,0,0,0,0,0,0,,,,
51|123,0,0,0,0,0,0,0,0,0,0,0,0,0,0,0,0,,,,
103|129,0,0,0,0,0,1,0,0,0,0,0,1,0,0,0,0,,,,
120|69,0,0,0,0,0,0,0,0,1,0,0,0,0,0,0,0,,,0|0#1|0#2|0#3|0#4|0#5|0#6|0#7|0#8|0#9|0#10|0#11|0#12|0,0|0#1|0#2|0#3|0#4|0#5|0#6|0#7|0#8|0#9|0#10|0#11|0#12|0
26|115,0,0,0,0,0,0,0,0,0,0,0,0,0,0,0,0,,,,
13|128,0,0,0,0,0,0,0,0,0,0,0,0,0,0,0,0,,,,
23|97,0,0,0,0,0,0,0,0,0,0,0,0,0,0,0,0,,,,
12|111,0,0,0,0,0,0,0,0,0,0,0,0,0,0,0,0,,,,
65|127,0,0,0,0,0,0,0,0,0,0,0,0,0,0,0,0,,,,
