7|35,0,0,0,0,0,0,0,0,0,0,0,0,0,0,0,0,,,,
86|67,24,11,80,2,7,8,5,9,3,0,15,9,6,0,0,0,0|0#1|0#2|0#3|2#4|2#5|3#6|3#7|3#8|2#9|2#10|2#11|1#12|0,0|0#1|0#2|0#3|2#4|2#5|2#6|2#7|2#8|1#9|1#10|0#11|0#12|0,0|0#1|0#2|0#3|2#4|2#5|3#6|3#7|3#8|2#9|2#10|2#11|2#12|0,0|0#1|0#2|0#3|2#4|2#5|1#6|2#7|2#8|1#9|1#10|0#11|0#12|0
88|134,0,0,0,0,0,0,0,0,0,0,0,0,0,0,0,0,,,,
145|17,0,0,0,0,0,0,0,0,0,0,0,0,0,0,0,0,,,,
69|81,0,0,0,0,0,0,0,0,0,0,0,0,1,0,0,0,0|0#1|0#2|0#3|0#4|0#5|0#6|0#7|0#8|0#9|0#10|0#11|0#12|0,,,
61|143,0,0,0,0,0,0,0,0,0,0,0,0,0,0,0,0,,,,
74|130,0,1,0,0,0,0,0,0,0,0,0,0,0,0,0,0,,,,
29|34,0,0,0,0,0,0,0,0,0,0,0,0,0,0,0,0,,,,
147|42,0,0,0,0,0,0,0,0,0,0,0,0,0,0,0,0,,,,
75|147,0,0,0,0,0,0,0,0,0,0,0,0,0,0,0,0,,,,
112|132,1,0,1,0,0,0,0,0,0,0,1,1,0,0,0,0,,,,
67|56,0,0,0,0,0,0,0,0,0,0,0,0,0,0,0,0,,,,
109|20,0,0,0,0,0,0,0,0,0,0,0,0,0,0,0,0,,,,
49|122,0,0,0,0,0,0,0,0,0,0,0,0,0,0,0,0,,,,
9|60,0,0,0,0,0,0,0,0,0,0,0,0,0,0,0,0,,,,
76|50,0,0,0,0,0,0,1,0,1,0,0,3,0,0,0,0,,,,
79|98,5,1,2,0,0,0,1,3,0,0,0,0,0,0,0,0,,,,
74|25,0,0,0,0,0,0,0,0,0,0,0,0,0,0,0,0,,,,
126|136,0,0,0,0,0,0,0,0,0,0,0,0,0,0,0,0,,,,
93|36,0,0,0,0,0,0,0,0,0,0,0,0,0,0,0,0,0|0#1|0#2|0#3|0#4|1#5|2#6|1#7|1#8|0#9|0#10|0#11|0#12|0,,0|0#1|0#2|0#3|0#4|1#5|1#6|1#7|0#8|0#9|0#10|0#11|0#12|0,
138|48,0,0,0,0,0,0,0,0,0,0,0,0,0,0,0,0,,,,
95|61,303,82,604,11,53,48,34,42,20,35,220,115,63,1,0,0,0|0#1|0#2|0#3|4#4|4#5|4#6|4#7|4#8|4#9|4#10|4#11|4#12|0,0|0#1|0#2|0#3|4#4|4#5|4#6|4#7|4#8|4#9|4#10|4#11|4#12|0,0|0#1|0#2|0#3|4#4|4#5|4#6|4#7|4#8|4#9|4#10|4#11|4#12|0,0|0#1|0#2|0#3|4#4|4#5|4#6|4#7|4#8|4#9|4#10|4#11|4#12|0
128|31,0,0,0,0,0,0,0,0,0,0,0,0,0,0,0,0,,,,
55|14,0,0,0,0,0,0,0,0,0,0,0,0,0,0,0,0,,,,
22|131,0,0,0,0,0,0,0,0,0,0,0,0,0,0,0,0,,,,
139|123,0,0,0,0,0,0,0,0,0,0,0,0,0,0,0,0,,,,
0|141,0,0,0,0,0,0,0,0,0,0,0,0,0,0,0,0,,,,
151|144,0,0,0,0,0,0,0,0,0,0,0,0,0,0,0,0,,,,
13|5,0,0,0,0,0,0,0,0,0,0,0,0,0,0,0,0,,,,
36|135,0,0,0,0,0,0,0,0,0,0,0,0,0,0,0,0,,,,
119|37,0,0,0,0,0,0,0,0,0,0,0,0,0,0,0,0,,,,
48|45,0,0,0,0,0,0,0,0,0,0,0,0,0,0,0,0,,,,
88|92,0,0,5,0,1,0,0,3,2,0,0,17,0,0,0,0,0|0#1|0#2|0#3|0#4|0#5|0#6|0#7|0#8|0#9|0#10|0#11|0#12|0,,0|0#1|0#2|0#3|0#4|0#5|0#6|0#7|0#8|0#9|0#10|0#11|0#12|0,
