47|72,11,3,71,0,7,3,3,1,0,0,22,0,2,0,0,0,,0|0#1|0#2|0#3|0#4|0#5|0#6|0#7|0#8|0#9|0#10|0#11|0#12|0,,0|0#1|0#2|0#3|0#4|0#5|0#6|0#7|0#8|0#9|0#10|0#11|0#12|0
45|47,0,0,0,0,0,0,0,0,0,0,0,0,0,0,0,0,0|0#1|0#2|0#3|0#4|0#5|0#6|0#7|0#8|0#9|0#10|0#11|0#12|0,,,
19|67,2,2,0,0,0,0,0,4,0,0,1,1,0,0,0,0,,,,
26|36,0,0,0,0,0,0,0,0,0,0,0,0,0,0,0,0,,,,
134|109,0,0,0,0,0,0,0,0,0,0,0,0,0,0,0,0,,,,
142|19,0,0,0,0,0,0,0,0,2,0,0,0,0,0,0,0,,,,
85|94,0,0,0,0,0,0,0,0,0,0,0,4,0,0,0,0,,,,
28|61,0,0,0,0,0,0,0,0,0,0,0,0,0,0,0,0,,,,
52|16,0,0,0,0,0,0,0,0,0,0,0,0,0,0,0,0,,,,
4|37,0,0,0,0,0,0,0,0,0,0,0,0,0,0,0,0,,,,
35|30,0,0,0,0,0,0,0,0,0,0,0,0,0,0,0,0,,,,
144|44,0,0,0,0,0,0,0,0,0,0,0,0,0,0,0,0,,,,
90|38,0,0,0,0,0,0,0,0,0,0,0,0,0,0,0,0,,,,
125|33,0,0,0,0,0,0,0,0,0,0,0,0,0,0,0,0,,,,
151|13,0,0,1,0,0,0,0,0,0,0,0,0,1,0,0,0,,,,
54|41,0,0,0,0,0,0,0,0,0,0,0,0,0,0,0,0,,,,
73|52,0,0,0,0,0,0,0,0,1,0,0,0,0,0,0,0,,,,
61|10,0,0,0,0,0,0,0,0,0,0,0,0,0,0,0,0,,,,
30|104,0,0,0,0,0,0,0,0,0,0,0,0,0,0,0,0,,,,
120|105,0,0,0,0,0,0,0,0,0,0,0,0,0,0,0,0,,,,
116|39,0,0,0,0,0,0,0,1,0,0,0,0,0,0,0,0,,,,
137|75,0,0,0,0,0,0,0,0,0,0,0,0,0,0,0,0,,,,
118|64,0,0,0,0,0,0,0,0,0,0,0,0,0,0,0,0,,,,
71|27,0,0,0,0,0,0,0,0,0,0,0,0,0,0,0,0,,,,
44|108,0,0,0,0,0,0,0,0,0,0,0,0,4,0,0,0,,,,
64|58,2,1,8,0,0,0,0,4,3,0,0,44,1,0,0,0,0|0#1|0#2|0#3|0#4|0#5|0#6|0#7|0#8|0#9|0#10|0#11|0#12|0,,0|0#1|0#2|0#3|0#4|0#5|0#6|0#7|0#8|0#9|0#10|0#11|0#12|0,
38|78,0,0,0,0,0,0,0,0,0,0,0,0,0,0,0,0,,,,
96|107,0,0,0,0,0,0,0,0,0,0,0,0,0,0,0,0,,,,
92|63,83,51,163,36,21,25,15,14,9,6,86,13,33,0,0,0,0|0#1|0#2|0#3|4#4|4#5|4#6|4#7|4#8|4#9|4#10|4#11|4#12|0,0|0#1|0#2|0#3|4#4|4#5|4#6|4#7|4#8|4#9|4#10|4#11|4#12|0,0|0#1|0#2|0#3|4#4|4#5|4#6|4#7|4#8|4#9|4#10|4#11|4#12|0,0|0#1|0#2|0#3|4#4|4#5|4#6|4#7|4#8|4#9|4#10|4#11|4#12|0
80|21,0,0,0,0,0,0,0,0,0,0,0,2,1,0,0,0,0|0#1|0#2|0#3|0#4|0#5|0#6|0#7|0#8|0#9|0#10|0#11|0#12|0,0|0#1|0#2|0#3|0#4|0#5|0#6|0#7|0#8|0#9|0#10|0#11|0#12|0,0|0#1|0#2|0#3|0#4|0#5|0#6|0#7|0#8|0#9|0#10|0#11|0#12|0,0|0#1|0#2|0#3|0#4|0#5|0#6|0#7|0#8|0#9|0#10|0#11|0#12|0
106|22,0,0,0,0,0,0,0,0,0,0,0,0,0,0,0,0,0|0#1|0#2|0#3|0#4|0#5|0#6|0#7|0#8|0#9|0#10|0#11|0#12|0,,0|0#1|0#2|0#3|0#4|0#5|0#6|0#7|0#8|0#9|0#10|0#11|0#12|0,
6|62,0,0,0,0,0,0,0,0,0,0,0,0,0,0,0,0,,,,
82|103,0,0,0,0,0,1,0,0,1,0,0,2,0,0,0,0,,,,0|0#1|0#2|0#3|0#4|0#5|0#6|0#7|0#8|0#9|0#10|0#11|0#12|0
66|83,0,0,0,0,0,0,0,1,1,0,0,0,1,0,0,0,,,,
57|89,0,0,0,0,0,0,1,2,0,0,0,1,1,0,0,0,0|0#1|0#2|0#3|0#4|0#5|0#6|0#7|0#8|0#9|0#10|0#11|0#12|0,0|0#1|0#2|0#3|0#4|0#5|0#6|0#7|0#8|0#9|0#10|0#11|0#12|0,0|0#1|0#2|0#3|0#4|0#5|0#6|0#7|0#8|0#9|0#10|0#11|0#12|0,0|0#1|0#2|0#3|0#4|0#5|0#6|0#7|0#8|0#9|0#10|0#11|0#12|0
83|69,0,4,9,0,0,0,7,0,0,2,1,0,4,0,0,0,0|0#1|0#2|0#3|0#4|1#5|2#6|2#7|2#8|2#9|0#10|0#11|0#12|0,0|0#1|0#2|0#3|0#4|0#5|2#6|2#7|0#8|0#9|0#10|0#11|0#12|0,0|0#1|0#2|0#3|0#4|2#5|2#6|2#7|2#8|1#9|0#10|0#11|0#12|0,0|0#1|0#2|0#3|0#4|1#5|2#6|1#7|0#8|0#9|0#10|0#11|0#12|0
