40|127,0,0,0,0,0,0,0,0,0,0,0,0,0,0,0,0,,,,
31|46,0,0,0,0,0,0,0,0,0,0,0,0,0,0,0,0,,,,
67|118,0,0,0,0,0,0,0,0,0,0,0,0,0,0,0,0,,,,
50|57,0,0,0,0,0,2,0,0,0,0,0,0,0,0,0,0,0|0#1|0#2|0#3|0#4|0#5|0#6|0#7|0#8|0#9|0#10|0#11|0#12|0,,0|0#1|0#2|0#3|0#4|0#5|0#6|0#7|0#8|0#9|0#10|0#11|0#12|0,
130|128,0,0,0,0,0,0,0,0,0,0,0,0,0,0,0,0,,,,
6|116,0,0,0,0,0,0,0,0,0,0,0,0,0,0,0,0,,,,
24|77,0,0,0,0,0,0,0,0,0,0,0,0,0,0,0,0,,,,
62|99,0,0,0,0,0,0,0,1,0,0,0,0,0,0,0,0,,,,
104|63,29,16,52,11,6,6,5,8,7,2,21,2,16,0,0,0,0|0#1|0#2|0#3|4#4|4#5|4#6|4#7|4#8|4#9|4#10|4#11|4#12|0,0|0#1|0#2|0#3|4#4|4#5|4#6|4#7|4#8|4#9|4#10|4#11|4#12|0,0|0#1|0#2|0#3|4#4|4#5|4#6|4#7|4#8|4#9|4#10|4#11|4#12|0,0|0#1|0#2|0#3|4#4|4#5|4#6|4#7|4#8|4#9|4#10|4#11|4#12|0
30|8,0,0,0,0,0,0,0,0,0,0,0,0,0,0,0,0,,,,
130|43,0,0,0,0,0,0,0,0,0,0,0,0,0,0,0,0,0|0#1|0#2|0#3|0#4|0#5|0#6|0#7|0#8|0#9|0#10|0#11|0#12|0,0|0#1|0#2|0#3|0#4|0#5|0#6|0#7|0#8|0#9|0#10|0#11|0#12|0,0|0#1|0#2|0#3|0#4|0#5|0#6|0#7|0#8|0#9|0#10|0#11|0#12|0,0|0#1|0#2|0#3|0#4|0#5|0#6|0#7|0#8|0#9|0#10|0#11|0#12|0
143|115,1,0,0,0,0,0,0,0,0,0,0,0,1,0,0,0,,,,
12|35,0,0,0,0,0,0,0,0,0,0,0,0,0,0,0,0,,,,
14|102,0,0,0,0,0,0,0,0,0,0,0,0,0,0,0,0,,,,
102|38,2,0,0,0,0,0,0,0,1,0,0,0,0,0,0,0,,0|0#1|0#2|0#3|0#4|0#5|0#6|0#7|0#8|0#9|0#10|0#11|0#12|0,,0|0#1|0#2|0#3|0#4|0#5|0#6|0#7|0#8|0#9|0#10|0#11|0#12|0
14|60,0,0,0,0,0,0,0,0,0,0,0,0,0,0,0,0,,,,
53|114,0,0,0,0,0,0,0,0,0,0,0,0,0,0,0,0,,,,
142|85,0,0,0,0,0,0,0,0,0,0,0,0,0,0,0,0,,,,
111|32,0,0,0,0,0,0,0,0,0,0,0,1,1,0,0,0,,,,
28|106,0,0,0,0,0,0,0,0,0,0,0,0,0,0,0,0,,,,
40|40,0,0,0,0,0,0,0,0,0,0,0,1,0,0,0,0,,,,
52|82,5,3,0,0,0,1,0,3,0,0,1,0,1,0,0,0,,,0|0#1|0#2|0#3|0#4|0#5|0#6|0#7|0#8|0#9|0#10|0#11|0#12|0,0|0#1|0#2|0#3|0#4|0#5|0#6|0#7|0#8|0#9|0#10|0#11|0#12|0
92|126,0,0,0,0,0,0,0,0,0,0,0,0,0,0,0,0,,,,
71|93,0,0,0,0,0,0,0,0,1,0,0,0,0,0,0,0,,,,
121|49,0,0,0,0,0,0,0,3,0,0,1,0,0,0,0,0,,,0|0#1|0#2|0#3|0#4|0#5|0#6|0#7|0#8|0#9|0#10|0#11|0#12|0,
123|74,0,0,0,0,0,0,0,0,0,0,0,0,0,0,0,0,,,0|0#1|0#2|0#3|0#4|0#5|0#6|0#7|0#8|0#9|0#10|0#11|0#12|0,
15|119,0,0,0,0,0,0,0,0,0,0,0,0,0,0,0,0,,,,
33|71,0,0,0,0,0,0,0,0,0,0,0,0,0,0,0,0,,,,
2|78,0,0,0,0,0,0,0,0,0,0,0,0,0,0,0,0,,,,
104|103,0,0,0,0,0,0,0,0,1,0,0,0,0,0,1,0,,,,
118|107,0,0,0,0,0,1,0,0,0,0,0,0,0,0,0,0,,,,
66|101,0,0,0,0,0,0,0,0,0,0,0,0,0,0,0,0,0|0#1|0#2|0#3|0#4|0#5|0#6|0#7|0#8|0#9|0#10|0#11|0#12|0,,0|0#1|0#2|0#3|0#4|0#5|0#6|0#7|0#8|0#9|0#10|0#11|0#12|0,
43|88,0,0,0,0,0,0,0,0,0,0,0,0,0,0,0,0,,,,
