70|142,0,0,0,0,0,0,0,0,0,0,0,0,0,0,0,0,,,,
17|51,0,0,0,0,0,0,0,0,0,0,0,0,0,0,0,0,,,,
46|79,0,1,0,0,0,0,0,3,1,0,0,0,0,0,0,0,,,0|0#1|0#2|0#3|0#4|0#5|0#6|0#7|0#8|0#9|0#10|0#11|0#12|0,
97|133,0,0,0,0,0,0,0,0,0,0,0,0,0,0,0,0,,,,
128|90,0,0,0,0,0,0,0,0,0,0,0,0,0,0,0,0,,,,
52|1,0,0,0,0,0,0,0,0,0,0,0,0,0,0,0,0,,,,
58|121,0,0,0,0,0,0,0,0,0,0,0,0,0,0,0,0,,,,
107|54,6,2,49,2,3,7,1,7,1,4,1,7,8,2,1,0,0|0#1|0#2|0#3|2#4|2#5|3#6|3#7|2#8|3#9|3#10|2#11|2#12|0,0|0#1|0#2|0#3|2#4|2#5|2#6|2#7|2#8|2#9|2#10|2#11|2#12|0,0|0#1|0#2|0#3|2#4|2#5|3#6|3#7|2#8|3#9|3#10|2#11|3#12|0,0|0#1|0#2|0#3|2#4|2#5|3#6|2#7|2#8|2#9|2#10|2#11|2#12|0
31|130,0,0,0,0,0,0,0,0,0,0,0,0,0,0,0,0,,,,
43|31,0,0,0,0,0,0,0,1,0,0,0,0,0,0,0,0,,,,
109|110,0,0,0,0,0,0,0,0,0,0,0,0,0,0,0,0,,,,
105|29,0,0,0,0,0,0,0,0,0,0,0,0,0,0,0,0,,,,
145|76,0,0,0,0,0,0,0,0,0,0,0,0,0,0,0,0,,,,
74|84,0,0,0,0,0,0,0,0,0,0,0,1,0,0,0,0,0|0#1|0#2|0#3|0#4|0#5|0#6|0#7|0#8|0#9|0#10|0#11|0#12|0,0|0#1|0#2|0#3|0#4|0#5|0#6|0#7|0#8|0#9|0#10|0#11|0#12|0,0|0#1|0#2|0#3|0#4|0#5|0#6|0#7|0#8|0#9|0#10|0#11|0#12|0,0|0#1|0#2|0#3|0#4|0#5|0#6|0#7|0#8|0#9|0#10|0#11|0#12|0
36|62,0,0,0,0,0,0,0,0,1,0,0,0,0,0,0,0,,,,
119|96,4,3,1,10,5,0,0,2,2,0,3,12,0,3,0,0,0|0#1|0#2|0#3|0#4|0#5|0#6|0#7|0#8|0#9|0#10|0#11|0#12|0,0|0#1|0#2|0#3|0#4|0#5|0#6|0#7|0#8|0#9|0#10|0#11|0#12|0,0|0#1|0#2|0#3|0#4|0#5|0#6|0#7|0#8|0#9|0#10|0#11|0#12|0,0|0#1|0#2|0#3|0#4|0#5|0#6|0#7|0#8|0#9|0#10|0#11|0#12|0
81|53,1,1,0,1,0,0,0,2,1,0,1,4,0,0,0,0,0|0#1|0#2|0#3|1#4|0#5|1#6|0#7|0#8|0#9|0#10|0#11|0#12|0,0|0#1|0#2|0#3|0#4|0#5|0#6|0#7|0#8|0#9|0#10|0#11|0#12|0,0|0#1|0#2|0#3|0#4|0#5|0#6|1#7|0#8|0#9|0#10|0#11|0#12|0,0|0#1|0#2|0#3|0#4|0#5|0#6|0#7|0#8|0#9|0#10|0#11|0#12|0
15|26,0,0,0,0,0,0,0,0,0,0,0,0,0,0,0,0,,,,
7|94,0,0,0,0,0,0,0,0,0,0,0,0,0,0,0,0,,,,
84|146,0,0,0,0,0,0,0,0,0,0,0,0,0,0,0,0,,,,
45|134,0,0,0,0,0,0,0,0,0,0,0,0,0,0,0,0,,,,
26|3,0,0,0,0,0,0,0,0,0,0,0,0,0,0,0,0,,,,
152|45,0,0,0,0,0,0,0,0,0,0,0,0,0,0,0,0,,,,
60|17,0,0,0,0,0,0,0,0,0,0,0,0,0,0,0,0,,,,
72|59,0,0,1,1,0,0,0,0,0,0,0,0,1,0,0,0,,,,
59|138,0,0,0,0,0,0,0,0,0,0,0,0,0,0,0,0,,,,
34|37,0,0,0,0,0,0,0,0,0,0,0,0,0,0,0,0,,,,
5|69,0,0,0,0,0,0,0,0,0,0,0,0,0,0,0,0,,,,
114|23,0,0,0,0,0,0,0,0,0,0,0,0,0,0,0,0,,,,
148|122,0,0,0,0,0,0,0,0,0,0,0,0,0,0,0,0,,,,
133|34,0,0,0,0,0,0,0,0,0,0,0,0,0,0,0,0,,,,
121|131,0,0,0,0,0,0,0,0,0,0,0,0,0,0,0,0,,,,
135|135,0,0,0,0,0,0,0,0,0,0,0,0,0,0,0,0,,,,
62|42,0,0,0,0,0,0,0,0,0,0,0,0,0,0,0,0,,,,
32|147,0,0,0,0,0,0,0,0,0,0,0,0,0,0,0,0,,,,
24|20,0,0,0,0,0,0,0,0,0,0,0,0,0,0,0,0,,,,
149|139,0,0,0,0,0,0,0,0,0,0,0,0,0,0,0,0,,,,
2|21,0,0,0,0,0,0,0,0,0,0,0,0,0,0,0,0,,,,
55|73,0,0,0,0,0,0,0,0,0,0,0,0,0,0,0,0,,,,
27|68,0,0,0,0,0,0,0,0,0,0,0,0,0,0,0,0,,,,
29|93,0,0,0,0,0,0,0,0,0,0,0,0,0,0,0,0,,,,
53|48,0,0,0,0,0,0,0,0,0,0,0,0,0,0,0,0,,,,
126|65,0,0,0,0,0,0,0,0,0,0,0,0,0,0,0,0,,,,
93|95,0,0,0,0,0,0,0,0,0,0,0,0,0,0,0,0,,,,
