4|49,0,0,0,0,0,0,0,0,0,0,0,0,0,0,0,0,,,,
82|115,0,0,0,0,0,0,0,0,0,0,0,0,0,0,0,0,,,,
61|22,0,0,0,0,0,0,0,0,0,0,0,0,0,0,0,0,,,,
96|119,0,0,1,0,0,0,0,0,0,0,0,0,1,0,0,0,,,,
30|116,0,0,0,0,0,0,0,0,0,0,0,0,0,0,0,0,,,,
147|108,0,0,0,0,0,0,0,0,0,0,0,0,0,0,0,0,,,,
16|31,0,0,0,0,0,0,0,0,0,0,0,0,0,0,0,0,,,,
118|76,0,0,0,0,0,0,0,0,0,0,0,0,0,0,0,0,,,,
57|107,0,0,0,0,0,0,0,0,0,0,0,0,0,0,0,0,,,,
28|73,0,0,0,0,0,0,0,0,0,0,0,0,0,0,0,0,,,,
151|25,0,0,0,0,0,0,0,0,0,0,0,0,0,0,0,0,,,,
80|33,3,2,0,0,0,0,0,0,1,0,0,1,1,0,0,0,,,,
52|28,0,0,0,0,0,0,0,1,1,0,0,0,0,0,1,0,0|0#1|0#2|0#3|0#4|0#5|0#6|0#7|0#8|0#9|0#10|0#11|0#12|0,,,
92|75,0,0,1,0,0,1,0,1,0,0,0,0,1,0,0,0,0|0#1|0#2|0#3|0#4|0#5|0#6|0#7|0#8|0#9|0#10|0#11|0#12|0,0|0#1|0#2|0#3|0#4|0#5|0#6|0#7|0#8|0#9|0#10|0#11|0#12|0,0|0#1|0#2|0#3|0#4|0#5|0#6|0#7|0#8|0#9|0#10|0#11|0#12|0,0|0#1|0#2|0#3|0#4|0#5|0#6|0#7|0#8|0#9|0#10|0#11|0#12|0
47|84,0,0,0,0,0,0,0,0,0,0,0,0,0,0,0,0,,,,
26|48,0,0,0,0,0,0,0,0,0,0,0,0,0,0,0,0,,,,
19|79,0,0,0,0,0,0,0,0,0,0,0,0,0,0,0,0,,,,
54|53,0,0,0,0,0,0,0,1,0,0,0,0,0,0,0,0,,,,
3|5,0,0,0,0,0,0,0,0,0,0,0,0,0,0,0,0,,,,
70|4,0,0,0,0,0,0,0,0,0,0,0,0,0,0,0,0,,,,
137|87,0,0,0,0,0,0,0,0,0,0,0,0,0,0,0,0,,,,0|0#1|0#2|0#3|0#4|0#5|0#6|0#7|0#8|0#9|0#10|0#11|0#12|0
35|42,0,0,0,0,0,0,0,0,0,0,0,0,0,0,0,0,,,,
73|64,0,0,0,0,5,0,0,0,0,0,0,30,0,0,0,0,0|0#1|0#2|0#3|0#4|0#5|0#6|0#7|0#8|0#9|0#10|0#11|0#12|0,,0|0#1|0#2|0#3|0#4|0#5|0#6|0#7|0#8|0#9|0#10|0#11|0#12|0,
95|102,0,0,0,0,0,0,0,0,0,0,0,1,0,0,0,0,,,,
132|14,0,0,0,0,0,0,0,0,0,0,0,0,0,0,0,0,,,,
43|103,0,0,0,0,0,0,0,0,0,0,0,0,0,0,0,0,,,,
33|17,0,0,0,0,0,0,0,0,0,0,0,0,0,0,0,0,,,,
144|56,0,0,4,0,2,2,2,0,5,0,3,0,1,0,0,0,0|0#1|0#2|0#3|0#4|0#5|0#6|0#7|0#8|0#9|0#10|0#11|0#12|0,0|0#1|0#2|0#3|0#4|0#5|0#6|0#7|0#8|0#9|0#10|0#11|0#12|0,0|0#1|0#2|0#3|0#4|0#5|0#6|0#7|0#8|0#9|0#10|0#11|0#12|0,0|0#1|0#2|0#3|0#4|0#5|0#6|0#7|0#8|0#9|0#10|0#11|0#12|0
133|104,0,0,0,0,0,0,0,0,0,0,0,0,0,0,0,0,,,,
6|74,0,0,0,0,0,0,0,0,0,0,0,0,0,0,0,0,,,,
45|59,0,0,0,0,0,0,0,0,0,0,0,0,0,0,0,0,,,,
106|34,0,0,0,0,0,0,0,1,0,0,0,1,0,0,0,0,0|0#1|0#2|0#3|0#4|0#5|0#6|0#7|0#8|0#9|0#10|0#11|0#12|0,,,
42|11,0,0,0,0,0,0,0,0,0,0,0,0,0,0,0,0,,,,
127|70,0,0,0,0,0,0,0,0,0,0,0,0,0,0,0,0,,,,
18|8,0,0,0,0,0,0,0,0,0,0,0,0,0,0,0,0,,,,
125|45,0,0,0,0,0,0,0,0,0,0,0,0,1,0,0,0,,,,
103|1,0,0,0,0,0,0,0,0,0,0,0,0,0,0,0,0,,,,
71|39,0,0,0,0,0,0,0,0,0,0,0,0,0,0,0,0,0|0#1|0#2|0#3|0#4|0#5|0#6|0#7|0#8|0#9|0#10|0#11|0#12|0,,0|0#1|0#2|0#3|0#4|0#5|0#6|0#7|0#8|0#9|0#10|0#11|0#12|0,
120|117,0,0,1,0,0,0,0,0,0,0,0,1,1,0,0,0,,,,
66|95,0,0,0,0,0,0,0,0,0,0,0,0,0,0,0,0,,,,
146|81,0,0,0,0,0,0,0,0,0,0,0,0,0,0,0,0,0|0#1|0#2|0#3|0#4|0#5|0#6|0#7|0#8|0#9|0#10|0#11|0#12|0,,0|0#1|0#2|0#3|0#4|0#5|0#6|0#7|0#8|0#9|0#10|0#11|0#12|0,
44|6,2,0,0,0,0,0,1,0,0,0,1,0,1,0,1,0,,,,
