16|97,0,0,0,0,0,0,0,0,0,0,0,0,0,0,0,0,,,,
83|9,0,0,0,0,0,0,0,0,0,0,0,0,0,0,0,0,,,,
103|52,0,1,0,0,0,0,0,0,0,0,0,11,2,0,0,0,0|0#1|0#2|0#3|0#4|1#5|1#6|1#7|0#8|1#9|1#10|1#11|1#12|0,0|0#1|0#2|0#3|0#4|0#5|0#6|0#7|0#8|1#9|0#10|0#11|0#12|0,0|0#1|0#2|0#3|0#4|0#5|1#6|0#7|1#8|2#9|0#10|1#11|1#12|0,0|0#1|0#2|0#3|0#4|0#5|0#6|0#7|0#8|0#9|0#10|0#11|0#12|0
122|63,0,0,0,0,0,0,0,0,0,0,0,0,0,0,0,0,0|0#1|0#2|0#3|0#4|0#5|0#6|0#7|0#8|0#9|0#10|0#11|0#12|0,,0|0#1|0#2|0#3|0#4|0#5|0#6|0#7|0#8|0#9|0#10|0#11|0#12|0,
120|38,0,0,0,0,0,0,0,0,0,0,0,0,0,0,0,0,,,,
3|92,0,0,0,0,0,0,0,0,0,0,0,0,0,0,0,0,,,,
141|74,0,0,0,0,0,0,0,0,0,0,0,0,0,0,0,0,,,,
23|66,0,0,0,0,0,0,0,0,0,0,0,0,0,0,0,0,,,,
11|24,0,0,0,0,0,0,0,0,0,0,0,0,0,0,0,0,,,,
116|6,0,0,0,0,0,0,0,0,0,0,0,0,0,0,0,0,,,,
70|82,0,0,0,0,0,0,0,0,0,0,0,0,0,0,5,0,,,,
51|71,0,0,0,0,0,0,0,0,0,0,0,0,0,0,0,0,0|0#1|0#2|0#3|0#4|0#5|0#6|0#7|0#8|0#9|0#10|0#11|0#12|0,,,
80|99,0,0,0,0,0,0,0,0,2,0,0,3,0,0,0,0,,,,
110|21,0,0,0,0,0,0,0,0,0,0,0,0,0,0,0,0,,,,
113|69,0,0,0,0,0,0,0,0,0,0,0,0,0,0,0,0,,,0|0#1|0#2|0#3|0#4|0#5|0#6|0#7|0#8|0#9|0#10|0#11|0#12|0,
107|145,0,0,0,0,2,3,1,0,3,0,1,0,0,0,0,0,,,,
32|60,0,0,0,0,0,0,0,0,0,0,0,0,0,0,0,0,,,,
61|88,0,0,0,0,0,0,0,0,0,0,0,0,0,0,0,0,,,,
69|143,0,0,0,0,0,0,0,0,0,0,0,0,0,0,0,0,,,,
90|104,0,0,1,0,0,0,1,2,0,0,0,0,0,0,0,0,0|0#1|0#2|0#3|0#4|0#5|0#6|0#7|0#8|0#9|0#10|0#11|0#12|0,0|0#1|0#2|0#3|0#4|0#5|0#6|0#7|0#8|0#9|0#10|0#11|0#12|0,0|0#1|0#2|0#3|0#4|0#5|0#6|0#7|0#8|0#9|0#10|0#11|0#12|0,0|0#1|0#2|0#3|0#4|0#5|0#6|0#7|0#8|0#9|0#10|0#11|0#12|0
115|94,0,0,0,0,0,1,0,0,0,0,0,0,0,0,0,0,,,,
101|27,0,0,0,0,0,0,0,0,0,0,0,0,1,0,0,0,,0|0#1|0#2|0#3|0#4|0#5|0#6|0#7|0#8|0#9|0#10|0#11|0#12|0,,
142|4,0,0,0,0,0,0,0,0,0,0,0,0,0,0,0,0,,,,
8|141,0,0,0,0,0,0,0,0,0,0,0,0,0,0,0,0,,,,
1|67,0,0,0,0,0,0,0,0,0,0,0,0,0,0,0,0,,,,
145|140,0,0,0,0,0,0,0,0,0,0,0,0,0,0,0,0,,,,
25|91,0,0,0,0,0,0,0,0,0,0,0,0,0,0,0,0,,,,
30|35,0,0,0,0,0,0,0,0,0,0,0,0,0,0,0,0,,,,
42|77,0,0,0,0,0,0,0,0,0,0,0,0,0,0,0,0,,,,
17|144,0,0,0,0,0,0,0,0,0,0,0,0,0,0,0,0,,,,
52|109,0,0,0,0,0,0,0,0,0,0,0,0,0,0,0,0,,,,
