96|79,6,2,21,2,1,5,2,3,1,0,1,18,7,0,0,0,0|0#1|0#2|0#3|0#4|0#5|0#6|0#7|0#8|0#9|0#10|0#11|0#12|0,0|0#1|0#2|0#3|0#4|0#5|0#6|0#7|0#8|0#9|0#10|0#11|0#12|0,0|0#1|0#2|0#3|0#4|0#5|0#6|0#7|0#8|0#9|0#10|0#11|0#12|0,0|0#1|0#2|0#3|0#4|0#5|0#6|0#7|0#8|0#9|0#10|0#11|0#12|0
145|12,0,0,0,0,0,0,0,0,0,0,0,0,0,0,0,0,,,,
129|49,0,0,0,0,0,0,0,0,0,0,0,0,0,0,0,0,,,,
46|15,3,0,0,2,0,0,0,1,0,0,0,0,0,0,0,0,,,,
37|147,0,0,0,0,0,0,0,0,0,0,0,0,0,0,0,0,,,,
86|62,0,0,0,0,0,0,0,0,0,0,0,1,0,0,0,0,0|0#1|0#2|0#3|0#4|0#5|0#6|1#7|0#8|1#9|1#10|0#11|1#12|0,0|0#1|0#2|0#3|0#4|0#5|0#6|0#7|0#8|0#9|0#10|0#11|0#12|0,0|0#1|0#2|0#3|0#4|0#5|1#6|0#7|0#8|1#9|1#10|0#11|0#12|0,0|0#1|0#2|0#3|0#4|0#5|0#6|0#7|0#8|0#9|0#10|0#11|0#12|0
23|143,0,0,0,0,0,0,0,0,0,0,0,0,0,0,0,0,,,,
119|32,0,0,0,0,0,1,0,0,0,0,0,0,0,0,0,0,,,,
7|30,0,0,0,0,0,0,0,0,0,0,0,0,0,0,0,0,,,,
67|51,0,0,0,0,0,0,0,0,0,0,0,0,0,0,0,0,,,,
75|142,0,0,0,0,0,0,0,0,0,0,0,0,0,0,0,0,,,,
138|43,0,0,0,0,0,0,0,0,0,0,0,0,0,0,0,0,0|0#1|0#2|0#3|0#4|0#5|0#6|0#7|0#8|0#9|0#10|0#11|0#12|0,,0|0#1|0#2|0#3|0#4|0#5|0#6|0#7|0#8|0#9|0#10|0#11|0#12|0,
58|57,0,0,0,0,0,0,0,0,0,0,0,0,0,0,0,0,,,,
126|131,0,0,0,0,0,0,0,1,0,0,0,0,0,0,0,0,,,,
36|130,0,0,0,0,0,0,0,0,0,0,0,0,0,0,0,0,,,,
136|18,0,0,0,0,0,0,0,0,0,0,0,0,0,0,0,0,,,,
65|26,0,0,0,0,0,0,0,0,0,0,0,0,0,0,0,0,,,,
13|0,0,0,0,0,0,0,0,0,0,0,0,0,0,0,0,0,,,,
74|20,0,0,0,0,0,0,0,0,0,0,0,0,0,0,0,0,,,,
39|46,0,0,0,0,0,0,0,2,0,0,0,0,0,0,0,0,,,,
93|31,0,0,0,0,0,0,0,0,0,0,0,0,0,0,0,0,0|0#1|0#2|0#3|0#4|0#5|0#6|0#7|0#8|0#9|0#10|0#11|0#12|0,,,
143|5,0,0,0,0,0,2,0,0,1,0,1,0,0,0,0,0,,,,
113|144,0,0,0,0,0,0,0,0,0,0,0,0,0,0,0,0,,,,
48|40,0,0,0,0,0,0,0,0,0,0,0,0,0,0,0,0,,,,
89|146,0,1,0,0,0,0,0,2,0,0,0,0,0,0,0,0,,,,
117|7,0,0,0,0,0,0,0,0,0,0,0,0,0,0,0,0,,,,
77|68,142,31,125,26,11,11,21,12,17,5,58,11,30,1,0,0,0|0#1|0#2|0#3|1#4|0#5|1#6|1#7|0#8|0#9|0#10|0#11|1#12|0,0|0#1|0#2|0#3|1#4|0#5|0#6|0#7|0#8|0#9|0#10|1#11|0#12|0,0|0#1|0#2|0#3|0#4|0#5|1#6|1#7|0#8|1#9|1#10|1#11|1#12|0,0|0#1|0#2|0#3|0#4|0#5|0#6|0#7|0#8|0#9|1#10|0#11|0#12|0
79|93,0,0,0,0,0,0,0,0,0,0,0,2,0,0,0,0,0|0#1|0#2|0#3|0#4|0#5|0#6|0#7|0#8|0#9|0#10|0#11|0#12|0,,0|0#1|0#2|0#3|0#4|0#5|0#6|0#7|0#8|0#9|0#10|0#11|0#12|0,
84|37,0,0,0,0,0,0,0,1,0,0,0,0,0,0,0,0,0|0#1|0#2|0#3|0#4|0#5|0#6|0#7|0#8|0#9|0#10|0#11|0#12|0,0|0#1|0#2|0#3|0#4|0#5|0#6|0#7|0#8|0#9|0#10|0#11|0#12|0,0|0#1|0#2|0#3|0#4|0#5|0#6|0#7|0#8|0#9|0#10|0#11|0#12|0,
