20|59,0,0,0,0,0,0,0,0,0,0,0,0,0,0,0,0,,,,
99|58,92,50,94,4,72,14,9,21,34,52,84,548,64,7,0,0,0|0#1|0#2|0#3|4#4|4#5|4#6|4#7|4#8|4#9|4#10|4#11|4#12|0,0|0#1|0#2|0#3|4#4|4#5|4#6|4#7|4#8|4#9|4#10|4#11|4#12|0,0|0#1|0#2|0#3|4#4|4#5|4#6|4#7|4#8|4#9|4#10|4#11|4#12|0,0|0#1|0#2|0#3|4#4|4#5|4#6|4#7|4#8|4#9|4#10|4#11|4#12|0
89|41,0,0,0,0,2,0,0,0,3,1,0,1,1,0,0,0,0|0#1|0#2|0#3|0#4|0#5|0#6|0#7|0#8|0#9|0#10|0#11|0#12|0,,0|0#1|0#2|0#3|0#4|0#5|0#6|0#7|0#8|0#9|0#10|0#11|0#12|0,
10|42,0,0,0,0,0,0,0,0,0,0,0,0,0,0,0,0,,,,
4|3,0,0,0,0,0,0,0,0,0,0,0,0,0,0,0,0,,,,
121|81,0,0,0,0,0,0,0,0,0,0,0,0,0,0,0,0,,,,
63|103,0,0,0,0,0,0,0,0,1,0,0,0,0,0,0,0,,,,
101|105,0,0,0,0,0,0,0,0,0,0,0,0,0,0,0,0,,,,
100|45,0,2,1,0,0,0,0,1,0,0,0,0,0,0,0,0,0|0#1|0#2|0#3|3#4|2#5|0#6|0#7|0#8|0#9|1#10|2#11|0#12|0,0|0#1|0#2|0#3|2#4|0#5|0#6|1#7|0#8|0#9|0#10|0#11|0#12|0,0|0#1|0#2|0#3|2#4|0#5|0#6|0#7|0#8|0#9|2#10|0#11|1#12|0,0|0#1|0#2|0#3|2#4|0#5|0#6|0#7|0#8|0#9|1#10|0#11|0#12|0
102|70,3,1,10,1,0,1,1,2,0,0,1,0,0,0,0,0,0|0#1|0#2|0#3|4#4|4#5|4#6|4#7|4#8|4#9|4#10|4#11|4#12|0,0|0#1|0#2|0#3|4#4|3#5|3#6|2#7|2#8|3#9|2#10|2#11|3#12|0,0|0#1|0#2|0#3|4#4|4#5|4#6|4#7|4#8|4#9|4#10|4#11|4#12|0,0|0#1|0#2|0#3|4#4|3#5|2#6|2#7|3#8|2#9|3#10|2#11|3#12|0
19|6,0,0,0,0,0,0,0,0,0,0,0,0,0,0,0,0,,,,
3|118,0,0,0,0,0,0,0,0,0,0,0,0,0,0,0,0,,,,
131|98,0,0,0,0,0,0,0,0,0,0,0,0,0,0,0,0,,,,
112|87,8,5,28,1,5,2,1,3,7,0,5,10,6,0,0,0,0|0#1|0#2|0#3|0#4|0#5|0#6|1#7|0#8|1#9|0#10|1#11|1#12|0,0|0#1|0#2|0#3|0#4|0#5|0#6|0#7|0#8|0#9|0#10|0#11|0#12|0,0|0#1|0#2|0#3|0#4|0#5|1#6|0#7|0#8|0#9|1#10|1#11|0#12|0,0|0#1|0#2|0#3|0#4|0#5|0#6|0#7|0#8|0#9|0#10|0#11|0#12|0
11|104,0,0,0,0,0,0,0,0,0,0,0,0,0,0,0,0,,,,
45|4,0,0,0,0,0,0,0,0,0,0,1,0,0,0,0,0,,,,
140|117,0,0,0,0,0,0,0,0,0,0,0,0,0,0,0,0,,,,
96|10,0,0,0,0,0,0,0,0,0,0,0,0,0,0,0,0,,,,
41|95,0,0,0,0,0,0,0,0,0,0,0,0,0,0,0,0,,,,
140|92,0,0,0,0,0,0,0,0,0,0,0,0,0,0,0,0,,,,
77|107,0,0,0,0,0,0,0,0,0,0,0,1,0,0,0,0,,,,
87|16,0,0,0,0,0,0,0,0,0,0,0,0,0,0,0,0,,,,
22|84,0,0,0,0,0,0,0,0,0,0,0,0,0,0,0,0,,,,
115|109,0,0,0,0,0,0,0,0,0,0,0,0,0,0,0,0,,,,
50|116,0,0,0,0,0,0,0,0,0,0,0,0,0,0,0,0,,,,
25|108,0,0,0,0,0,0,0,0,0,0,0,0,0,0,0,0,,,,
71|2,0,0,0,0,0,0,0,0,0,0,0,0,0,0,0,0,,,,
0|85,0,0,0,0,0,0,0,0,0,0,0,0,0,0,0,0,,,,
2|101,0,0,0,0,0,0,0,0,0,0,0,0,0,0,0,0,,,,
