10|37,0,0,0,0,0,0,0,0,0,0,0,0,0,0,0,0,,,,
28|133,0,0,0,0,0,0,0,0,0,0,0,0,0,0,0,0,,,,
102|65,173,61,244,13,26,46,8,25,15,16,113,106,47,2,0,0,0|0#1|0#2|0#3|4#4|4#5|4#6|4#7|4#8|4#9|4#10|4#11|4#12|0,0|0#1|0#2|0#3|4#4|4#5|4#6|4#7|4#8|4#9|4#10|4#11|4#12|0,0|0#1|0#2|0#3|4#4|4#5|4#6|4#7|4#8|4#9|4#10|4#11|4#12|0,0|0#1|0#2|0#3|4#4|4#5|4#6|4#7|4#8|4#9|4#10|4#11|4#12|0
143|142,0,0,0,0,0,0,0,1,1,0,0,1,0,0,0,0,,,,
50|84,0,3,0,0,0,0,0,4,0,0,1,0,0,0,0,0,0|0#1|0#2|0#3|0#4|0#5|0#6|0#7|0#8|0#9|0#10|0#11|0#12|0,0|0#1|0#2|0#3|0#4|0#5|0#6|0#7|0#8|0#9|0#10|0#11|0#12|0,0|0#1|0#2|0#3|0#4|0#5|0#6|0#7|0#8|0#9|0#10|0#11|0#12|0,0|0#1|0#2|0#3|0#4|0#5|0#6|0#7|0#8|0#9|0#10|0#11|0#12|0
118|134,0,0,0,0,0,0,0,0,0,0,0,0,0,0,0,0,,,,
121|76,0,0,0,0,0,0,0,0,0,0,0,0,0,0,0,0,,,,
89|36,0,0,0,0,0,0,0,0,0,0,0,0,0,0,0,0,,,,
53|141,0,0,0,0,0,0,0,0,0,0,0,0,0,0,0,0,,,,
6|143,0,0,0,0,0,0,0,0,0,0,0,0,0,0,0,0,,,,
105|147,1,1,0,0,0,0,0,12,1,0,3,0,0,0,0,0,,,,
37|1,0,0,0,0,0,0,0,0,0,0,0,0,0,0,0,0,,,,
98|30,0,0,0,0,0,0,0,0,0,0,0,0,0,0,0,0,0|0#1|0#2|0#3|0#4|0#5|0#6|0#7|0#8|0#9|0#10|0#11|0#12|0,,0|0#1|0#2|0#3|0#4|0#5|0#6|0#7|0#8|0#9|0#10|0#11|0#12|0,
104|130,0,0,0,0,0,0,0,0,0,0,0,0,0,0,0,0,,,,
67|145,0,0,0,0,0,0,0,0,0,0,0,0,0,0,0,0,,,,
140|87,0,0,0,0,0,0,0,0,0,0,0,0,0,0,0,0,,,,0|0#1|0#2|0#3|0#4|0#5|0#6|0#7|0#8|0#9|0#10|0#11|0#12|0
104|90,0,0,0,0,0,0,0,0,0,0,0,0,0,0,0,0,,,,
130|70,0,0,0,0,0,0,0,0,0,0,0,0,0,0,0,0,,,,
31|73,0,0,0,0,0,0,0,0,0,0,0,0,0,0,0,0,,,,
12|62,0,0,0,0,0,0,0,0,0,0,0,0,0,0,0,0,,,,
15|146,0,0,0,0,0,0,0,0,0,0,0,0,0,0,0,0,,,,
22|79,0,0,0,0,0,0,0,0,0,0,0,0,0,0,0,0,,,,
