63|121,0,0,0,0,0,0,0,0,0,0,0,0,0,0,0,0,,,,
147|4,0,0,0,0,0,0,0,0,0,0,0,1,0,0,0,0,,,,
49|12,0,0,0,0,0,0,0,0,0,0,0,4,0,0,0,0,,,,
64|138,0,0,0,0,0,0,0,0,0,0,0,0,0,0,0,0,,,,
101|123,0,0,0,0,0,0,0,0,0,0,0,0,0,0,0,0,,,,
10|60,0,0,0,0,0,0,0,0,0,0,0,0,0,0,0,0,,,,
12|139,0,0,0,0,0,0,0,0,0,0,0,0,0,0,0,0,,,,
140|135,1,1,0,1,0,0,0,0,1,0,0,4,3,0,0,0,,,,
128|114,1,0,3,9,0,0,2,0,2,0,0,18,1,0,0,0,,,,
139|15,0,0,0,0,0,0,0,0,0,0,0,0,0,0,0,0,,,,
115|127,0,0,0,0,0,1,1,0,0,0,1,2,0,0,0,0,,,,
20|77,0,0,0,0,0,0,0,0,0,0,0,0,0,0,0,0,,,,
59|29,0,0,0,0,0,0,0,0,1,0,0,0,0,0,0,0,,,,
99|76,0,4,4,1,0,2,0,0,0,0,4,0,1,0,0,0,0|0#1|0#2|0#3|2#4|2#5|2#6|2#7|2#8|1#9|2#10|2#11|2#12|0,0|0#1|0#2|0#3|2#4|2#5|2#6|0#7|0#8|0#9|0#10|0#11|0#12|0,0|0#1|0#2|0#3|2#4|2#5|2#6|2#7|2#8|1#9|2#10|2#11|2#12|0,0|0#1|0#2|0#3|2#4|2#5|0#6|1#7|0#8|1#9|1#10|0#11|1#12|0
114|110,0,0,0,0,0,0,0,0,0,0,0,0,0,0,0,0,,,,
50|134,0,0,0,0,0,0,0,0,0,0,0,0,0,0,0,0,,,,
88|9,0,0,0,0,0,0,0,0,0,0,0,0,0,0,0,0,,,,
3|136,0,0,0,0,0,0,0,0,0,0,0,0,0,0,0,0,,,,
68|23,0,0,0,0,0,0,0,0,0,0,0,0,0,0,0,0,,,,
100|63,454,101,1046,7,77,88,35,76,88,140,299,619,91,8,0,0,0|0#1|0#2|0#3|4#4|4#5|4#6|4#7|4#8|4#9|4#10|4#11|4#12|0,0|0#1|0#2|0#3|4#4|4#5|4#6|4#7|4#8|4#9|4#10|4#11|4#12|0,0|0#1|0#2|0#3|4#4|4#5|4#6|4#7|4#8|4#9|4#10|4#11|4#12|0,0|0#1|0#2|0#3|4#4|4#5|4#6|4#7|4#8|4#9|4#10|4#11|4#12|0
77|125,0,0,0,0,0,0,0,0,0,0,0,0,0,0,0,0,,,,
87|34,0,0,0,0,0,0,0,0,0,0,0,0,0,0,0,0,,,0|0#1|0#2|0#3|0#4|0#5|0#6|0#7|0#8|0#9|0#10|0#11|0#12|0,
25|126,0,0,0,0,0,0,0,0,0,0,0,0,0,0,0,0,,,,
38|113,0,0,0,0,0,0,0,0,0,0,0,0,0,0,0,0,,,,
11|122,0,0,0,0,0,0,0,0,0,0,0,0,0,0,0,0,,,,
