30|89,0,0,0,0,0,0,0,0,0,0,0,0,0,0,0,0,,,,
97|46,148,39,120,17,27,19,12,13,9,9,73,28,10,1,0,0,0|0#1|0#2|0#3|4#4|2#5|2#6|2#7|2#8|2#9|3#10|2#11|3#12|0,0|0#1|0#2|0#3|3#4|2#5|2#6|2#7|2#8|2#9|2#10|2#11|2#12|0,0|0#1|0#2|0#3|4#4|2#5|2#6|2#7|2#8|3#9|2#10|2#11|3#12|0,0|0#1|0#2|0#3|2#4|2#5|2#6|2#7|2#8|2#9|2#10|2#11|2#12|0
39|125,0,0,0,0,0,0,0,0,0,0,0,0,0,0,0,0,,,,
115|122,0,0,0,0,0,0,0,0,0,0,0,0,0,0,0,0,,,,
129|126,0,0,0,0,0,0,0,0,0,0,0,0,0,0,0,0,,,,
141|147,0,0,2,0,0,0,0,0,0,0,2,0,4,0,0,0,,,,
11|78,0,0,0,0,0,0,0,0,0,0,0,0,0,0,0,0,,,,
20|72,0,0,0,0,0,0,0,0,0,0,0,0,0,0,0,0,,,,
59|24,0,0,0,0,0,0,0,0,0,0,0,0,0,0,0,0,,,,
26|138,0,0,0,0,0,0,0,0,0,0,0,0,0,0,0,0,,,,
51|146,0,0,0,0,0,0,0,0,0,0,0,0,0,0,0,0,,,,
25|121,0,0,0,0,0,0,0,0,0,0,0,0,0,0,0,0,,,,
139|10,0,0,0,0,0,0,0,0,1,0,0,0,0,0,0,0,,,,
99|71,4,0,8,1,0,2,3,1,1,0,0,3,1,0,0,0,0|0#1|0#2|0#3|4#4|3#5|3#6|2#7|2#8|2#9|3#10|2#11|3#12|0,0|0#1|0#2|0#3|2#4|2#5|2#6|2#7|2#8|2#9|2#10|2#11|2#12|0,0|0#1|0#2|0#3|4#4|3#5|3#6|2#7|2#8|3#9|3#10|3#11|3#12|0,0|0#1|0#2|0#3|2#4|2#5|2#6|2#7|2#8|2#9|2#10|2#11|2#12|0
116|139,0,0,0,0,0,0,0,0,0,0,0,0,0,0,0,0,,,,
120|8,0,0,0,0,0,0,0,0,0,0,0,0,0,0,0,0,,,,
64|133,0,0,0,0,0,0,0,0,0,0,0,0,0,0,0,0,,,,
110|75,0,0,1,0,0,0,0,0,0,0,0,1,0,0,0,0,0|0#1|0#2|0#3|0#4|0#5|0#6|0#7|0#8|0#9|0#10|0#11|0#12|0,,0|0#1|0#2|0#3|0#4|0#5|0#6|0#7|0#8|0#9|0#10|0#11|0#12|0,0|0#1|0#2|0#3|0#4|0#5|0#6|0#7|0#8|0#9|0#10|0#11|0#12|0
3|131,0,0,0,0,0,0,0,0,0,0,0,0,0,0,0,0,,,,
102|135,0,0,0,0,0,0,0,0,0,0,0,0,0,0,0,0,,,,
77|120,0,0,0,0,0,0,1,0,0,0,0,0,0,0,0,0,,,,
140|130,0,0,0,0,0,0,0,0,0,0,0,0,0,0,0,0,,,,
12|134,0,0,0,0,0,0,0,0,0,0,0,0,0,0,0,0,,,,
78|137,0,0,0,0,0,0,0,0,0,0,0,0,0,0,0,0,,,,
88|4,0,0,0,0,0,0,0,0,0,0,0,0,0,0,0,0,,,,
78|35,0,0,0,0,0,0,0,0,0,0,0,0,0,0,0,0,,,,
149|27,0,0,0,0,0,0,0,0,0,0,0,0,0,0,0,0,0|0#1|0#2|0#3|0#4|0#5|0#6|0#7|0#8|0#9|0#10|0#11|0#12|0,0|0#1|0#2|0#3|0#4|0#5|0#6|0#7|0#8|0#9|0#10|0#11|0#12|0,0|0#1|0#2|0#3|0#4|0#5|0#6|0#7|0#8|0#9|0#10|0#11|0#12|0,0|0#1|0#2|0#3|0#4|0#5|0#6|0#7|0#8|0#9|0#10|0#11|0#12|0
