17|73,0,0,0,0,0,0,0,0,0,0,0,0,0,0,0,0,,,,
50|22,0,0,0,0,0,0,0,0,0,0,0,0,0,0,0,0,,,,
55|95,0,0,0,0,0,0,0,0,0,0,0,0,0,0,0,0,0|0#1|0#2|0#3|0#4|0#5|0#6|0#7|0#8|0#9|0#10|0#11|0#12|0,,0|0#1|0#2|0#3|0#4|0#5|0#6|0#7|0#8|0#9|0#10|0#11|0#12|0,
133|56,0,0,0,0,0,0,0,0,0,0,0,0,0,0,0,0,,,,
148|144,0,0,0,0,0,0,0,0,0,0,0,0,0,0,0,0,,,,
0|18,0,0,0,0,0,0,0,0,0,0,0,0,0,0,0,0,,,,
31|11,0,0,0,0,0,0,0,0,0,0,0,0,0,0,0,0,,,,
128|7,0,0,0,0,0,0,0,0,0,0,0,0,0,0,0,0,,,,
152|67,0,0,0,0,0,0,0,0,0,0,0,0,0,0,0,0,,,,
62|64,0,0,0,0,0,0,0,0,0,0,0,0,0,0,0,0,,,,
24|42,0,0,0,0,0,0,0,0,0,0,0,0,0,0,0,0,,,,
36|84,0,0,0,0,0,0,0,0,0,0,0,0,0,0,0,0,,,,
43|53,0,0,0,0,0,0,0,0,0,0,0,0,0,0,0,0,,,0|0#1|0#2|0#3|0#4|0#5|0#6|0#7|0#8|0#9|0#10|0#11|0#12|0,
41|109,0,0,0,0,0,0,0,0,0,0,0,0,0,0,0,0,,,,
15|48,0,0,0,0,0,0,0,0,0,0,0,0,0,0,0,0,,,,
24|0,0,0,0,0,1,0,1,0,5,0,0,0,0,0,0,0,,,,
2|43,0,0,0,0,0,0,0,0,0,0,0,0,0,0,0,0,,,,
34|59,0,0,0,0,0,0,0,0,0,0,0,0,0,0,0,0,0|0#1|0#2|0#3|0#4|0#5|0#6|0#7|0#8|0#9|0#10|0#11|0#12|0,,0|0#1|0#2|0#3|0#4|0#5|0#6|0#7|0#8|0#9|0#10|0#11|0#12|0,
41|28,0,0,0,0,0,0,0,0,0,0,0,0,0,0,0,0,,,,
81|75,5,0,3,0,0,0,0,2,1,0,0,4,0,0,0,0,0|0#1|0#2|0#3|0#4|0#5|0#6|0#7|0#8|0#9|0#10|0#11|0#12|0,0|0#1|0#2|0#3|0#4|0#5|0#6|0#7|0#8|0#9|0#10|0#11|0#12|0,0|0#1|0#2|0#3|0#4|0#5|0#6|0#7|0#8|0#9|0#10|0#11|0#12|0,0|0#1|0#2|0#3|0#4|0#5|0#6|0#7|0#8|0#9|0#10|0#11|0#12|0
134|140,0,0,0,0,0,0,0,0,0,0,0,0,0,0,0,0,,,,
93|108,0,0,0,0,0,0,0,0,0,0,0,0,0,0,0,0,,,,
22|17,0,0,0,0,0,0,0,0,0,0,0,0,0,0,0,0,,,,
145|98,0,0,0,0,0,0,0,0,0,0,0,0,0,0,0,0,,,,
60|39,0,0,0,0,0,0,0,0,0,0,0,0,0,0,0,0,,,,
107|76,24,4,19,2,2,0,2,3,0,1,0,1,10,0,0,0,0|0#1|0#2|0#3|3#4|2#5|2#6|2#7|2#8|2#9|2#10|2#11|2#12|0,0|0#1|0#2|0#3|2#4|0#5|0#6|0#7|0#8|1#9|1#10|1#11|1#12|0,0|0#1|0#2|0#3|2#4|2#5|2#6|2#7|2#8|2#9|2#10|1#11|2#12|0,0|0#1|0#2|0#3|2#4|1#5|1#6|1#7|1#8|2#9|1#10|1#11|1#12|0
58|143,0,0,0,0,0,0,0,0,0,0,0,0,0,0,0,0,,,,
109|132,0,0,0,0,0,0,0,0,0,0,0,0,0,0,0,0,,,,
116|70,0,0,0,0,0,0,1,0,0,0,0,2,1,0,0,0,0|0#1|0#2|0#3|0#4|0#5|0#6|0#7|0#8|0#9|0#10|0#11|0#12|0,,0|0#1|0#2|0#3|0#4|0#5|0#6|0#7|0#8|0#9|0#10|0#11|0#12|0,
142|50,0,0,0,0,0,0,0,0,0,0,0,0,0,0,0,0,0|0#1|0#2|0#3|0#4|0#5|0#6|0#7|0#8|0#9|0#10|0#11|0#12|0,,0|0#1|0#2|0#3|0#4|0#5|0#6|0#7|0#8|0#9|0#10|0#11|0#12|0,
121|14,0,0,0,0,0,0,0,0,0,0,0,0,0,0,0,0,,,,
135|81,0,0,0,0,0,0,1,0,0,0,0,3,0,0,0,0,,0|0#1|0#2|0#3|0#4|0#5|0#6|0#7|0#8|0#9|0#10|0#11|0#12|0,,0|0#1|0#2|0#3|0#4|0#5|0#6|0#7|0#8|0#9|0#10|0#11|0#12|0
114|45,0,0,0,0,0,0,0,0,0,0,0,0,0,0,0,0,,,,
140|25,0,0,2,0,1,0,0,0,0,0,0,4,2,0,0,0,0|0#1|0#2|0#3|0#4|0#5|0#6|0#7|0#8|0#9|0#10|0#11|0#12|0,,0|0#1|0#2|0#3|0#4|0#5|0#6|0#7|0#8|0#9|0#10|0#11|0#12|0,
19|131,0,0,0,0,0,0,0,0,0,0,0,0,0,0,0,0,,,,
126|87,0,0,0,0,0,0,0,0,0,0,0,0,0,0,0,0,,,,0|0#1|0#2|0#3|0#4|0#5|0#6|0#7|0#8|0#9|0#10|0#11|0#12|0
