48|108,0,0,0,0,0,0,0,0,0,0,0,0,0,0,0,0,,,,
97|89,0,0,0,0,0,0,0,0,0,0,0,0,0,0,0,0,,,,
86|103,0,0,0,0,0,0,0,1,0,0,0,2,0,0,0,0,,0|0#1|0#2|0#3|0#4|0#5|0#6|0#7|0#8|0#9|0#10|0#11|0#12|0,0|0#1|0#2|0#3|0#4|0#5|0#6|0#7|0#8|0#9|0#10|0#11|0#12|0,
66|36,0,0,0,0,0,0,0,0,0,0,0,0,0,0,0,0,,,,
68|61,0,0,0,0,0,0,0,0,0,0,0,0,0,0,0,0,,,,
34|104,0,0,0,0,0,0,0,0,0,0,0,0,0,0,0,0,,,,
28|14,0,0,0,0,0,0,0,0,0,0,0,1,0,0,0,0,,,,
60|129,0,0,0,0,0,0,0,0,0,0,0,0,0,0,0,0,,,,
47|25,0,0,0,0,0,0,0,0,0,0,0,0,0,0,0,0,,,,
85|47,0,0,0,0,0,0,0,4,0,0,0,0,0,0,0,0,0|0#1|0#2|0#3|0#4|0#5|0#6|0#7|0#8|0#9|0#10|0#11|0#12|0,0|0#1|0#2|0#3|0#4|0#5|0#6|0#7|0#8|0#9|0#10|0#11|0#12|0,0|0#1|0#2|0#3|0#4|0#5|0#6|0#7|0#8|0#9|0#10|0#11|0#12|0,0|0#1|0#2|0#3|0#4|0#5|0#6|0#7|0#8|0#9|0#10|0#11|0#12|0
118|17,0,0,0,0,0,0,0,0,0,0,0,0,0,0,0,0,,,,
59|67,0,0,0,0,0,0,0,0,0,0,0,0,0,0,0,0,,,0|0#1|0#2|0#3|0#4|0#5|0#6|0#7|0#8|0#9|0#10|0#11|0#12|0,0|0#1|0#2|0#3|0#4|0#5|0#6|0#7|0#8|0#9|0#10|0#11|0#12|0
8|40,0,0,0,0,0,0,0,0,0,0,0,0,0,0,0,0,,,,
31|8,0,0,0,0,0,0,0,0,0,0,0,0,0,0,0,0,,,,
49|50,0,0,0,0,0,0,0,0,0,0,0,3,0,0,0,0,,,,
75|30,0,0,0,0,0,0,0,9,0,0,0,0,0,0,0,0,0|0#1|0#2|0#3|0#4|0#5|0#6|0#7|0#8|0#9|0#10|0#11|0#12|0,,0|0#1|0#2|0#3|0#4|0#5|0#6|0#7|0#8|0#9|0#10|0#11|0#12|0,
94|41,0,0,0,0,0,0,0,0,0,1,0,1,0,0,0,0,0|0#1|0#2|0#3|0#4|0#5|0#6|0#7|0#8|0#9|0#10|0#11|0#12|0,0|0#1|0#2|0#3|0#4|0#5|0#6|0#7|0#8|0#9|0#10|0#11|0#12|0,,0|0#1|0#2|0#3|0#4|0#5|0#6|0#7|0#8|0#9|0#10|0#11|0#12|0
110|101,0,0,0,0,0,0,0,0,0,0,0,0,0,0,0,0,,,,
92|16,0,0,0,0,0,0,0,0,0,0,0,0,0,0,0,0,,,,
137|28,0,0,0,0,0,0,0,0,0,0,0,0,0,0,0,0,,,,
78|78,0,0,0,0,0,0,0,1,0,0,0,0,0,0,0,0,0|0#1|0#2|0#3|0#4|0#5|0#6|1#7|1#8|0#9|0#10|1#11|0#12|0,0|0#1|0#2|0#3|0#4|0#5|1#6|0#7|0#8|0#9|0#10|0#11|0#12|0,0|0#1|0#2|0#3|0#4|0#5|2#6|0#7|0#8|0#9|1#10|1#11|0#12|0,0|0#1|0#2|0#3|0#4|0#5|0#6|0#7|0#8|0#9|0#10|0#11|0#12|0
73|116,0,0,0,0,0,0,0,0,0,0,0,0,0,0,0,0,,,,
87|72,0,0,0,0,0,0,0,0,3,0,0,7,1,1,0,0,0|0#1|0#2|0#3|2#4|2#5|2#6|2#7|2#8|2#9|2#10|2#11|2#12|0,0|0#1|0#2|0#3|0#4|0#5|2#6|2#7|1#8|2#9|1#10|2#11|1#12|0,0|0#1|0#2|0#3|2#4|2#5|2#6|2#7|2#8|2#9|2#10|2#11|2#12|0,0|0#1|0#2|0#3|0#4|1#5|2#6|1#7|1#8|2#9|0#10|1#11|0#12|0
111|118,0,0,0,0,0,0,0,0,0,0,0,0,0,0,0,0,,,,
6|15,0,0,0,0,0,0,0,0,0,0,0,0,0,0,0,0,,,,
124|105,6,1,2,1,0,0,0,0,1,0,0,11,0,0,0,0,,,,
20|100,0,0,0,0,0,0,0,0,0,0,0,0,0,0,0,0,,,,
139|53,0,0,0,0,3,0,1,0,5,0,1,0,0,0,0,0,,,,
138|109,0,0,0,0,0,0,0,0,0,0,0,0,0,0,0,0,,,,
21|117,0,0,0,0,0,0,0,0,0,0,0,0,0,0,0,0,,,,
127|11,0,0,0,0,0,0,0,0,0,0,0,0,0,0,0,0,,,,
146|22,0,0,0,0,0,0,0,0,0,0,0,0,0,0,0,0,,,,
