4|147,0,0,0,0,0,0,0,0,0,0,0,0,0,0,0,0,,,,
39|124,0,0,0,0,0,0,0,0,0,0,0,0,0,0,0,0,,,,
116|138,0,0,0,0,0,0,0,0,0,0,0,0,0,0,0,0,,,,
102|134,0,0,0,0,0,0,0,0,0,0,0,0,0,0,0,0,,,,
30|88,0,0,0,0,0,0,0,0,0,0,0,0,0,0,0,0,,,,
12|133,0,0,0,0,0,0,0,0,0,0,0,0,0,0,0,0,,,,
25|120,0,0,0,0,0,0,0,0,0,0,0,0,0,0,0,0,,,,
64|132,0,0,0,0,0,0,0,0,0,0,0,0,0,0,0,0,,,,
115|121,0,0,0,0,0,0,0,0,0,0,0,0,0,0,0,0,,,,
51|145,0,0,0,0,0,0,0,0,0,0,0,0,0,0,0,0,,,,
141|146,0,0,0,0,0,0,0,0,0,0,0,0,0,0,0,0,,,,
78|34,0,0,0,0,0,0,0,0,1,0,0,2,0,0,0,0,0|0#1|0#2|0#3|0#4|0#5|0#6|0#7|0#8|0#9|0#10|0#11|0#12|0,,0|0#1|0#2|0#3|0#4|0#5|0#6|0#7|0#8|0#9|0#10|0#11|0#12|0,
3|130,0,0,0,0,0,0,0,0,0,0,0,0,0,0,0,0,,,,
11|77,0,0,0,0,0,0,0,0,0,0,0,0,0,0,0,0,,,,
78|136,0,0,0,0,0,0,0,0,0,0,0,0,0,0,0,0,,,,
99|70,3,10,10,2,0,1,1,2,1,0,2,5,4,0,0,0,0|0#1|0#2|0#3|4#4|3#5|3#6|3#7|3#8|3#9|3#10|2#11|2#12|0,0|0#1|0#2|0#3|2#4|2#5|2#6|2#7|2#8|1#9|2#10|2#11|2#12|0,0|0#1|0#2|0#3|4#4|3#5|3#6|3#7|2#8|3#9|3#10|3#11|2#12|0,0|0#1|0#2|0#3|2#4|2#5|2#6|2#7|2#8|2#9|2#10|2#11|2#12|0
149|26,0,0,0,0,0,0,0,0,0,0,0,3,0,0,0,0,,,,
129|125,0,0,0,0,0,0,0,0,0,0,0,0,0,0,0,0,,,,
26|137,0,0,0,0,0,0,0,0,0,0,0,0,0,0,0,0,,,,
110|74,0,0,0,0,0,2,0,0,1,0,0,2,0,0,0,0,0|0#1|0#2|0#3|0#4|0#5|0#6|0#7|0#8|0#9|0#10|0#11|0#12|0,0|0#1|0#2|0#3|0#4|0#5|0#6|0#7|0#8|0#9|0#10|0#11|0#12|0,0|0#1|0#2|0#3|0#4|0#5|0#6|0#7|0#8|0#9|0#10|0#11|0#12|0,
59|23,0,0,0,0,0,0,0,0,0,0,0,0,0,0,0,0,,,,
88|3,0,0,0,0,0,0,0,0,0,0,0,0,0,0,0,0,,,,
9|19,0,0,0,0,0,0,0,0,0,0,0,0,0,0,0,0,,,,
120|7,0,0,0,0,0,0,0,0,0,0,0,0,0,0,0,0,,,,
97|45,53,15,47,2,4,2,9,11,7,1,19,10,5,0,0,0,0|0#1|0#2|0#3|3#4|2#5|2#6|2#7|2#8|2#9|2#10|2#11|2#12|0,0|0#1|0#2|0#3|2#4|1#5|1#6|2#7|1#8|1#9|0#10|1#11|1#12|0,0|0#1|0#2|0#3|2#4|2#5|2#6|2#7|2#8|2#9|2#10|2#11|2#12|0,0|0#1|0#2|0#3|2#4|1#5|1#6|2#7|0#8|1#9|0#10|1#11|1#12|0
20|71,0,0,0,0,0,0,0,0,0,0,0,0,0,0,0,0,,,,
