15|30,0,0,0,0,0,0,0,0,0,0,0,0,0,0,0,0,,,,
3|48,0,0,0,0,0,0,0,0,0,0,0,0,0,0,0,0,,,,
65|94,0,0,0,0,0,0,0,0,0,0,0,0,0,0,0,0,,,,
53|52,0,0,0,0,0,0,0,0,0,0,0,0,0,0,0,0,0|0#1|0#2|0#3|0#4|0#5|0#6|0#7|0#8|0#9|0#10|0#11|0#12|0,,,
124|44,0,0,0,0,0,0,0,0,0,0,0,0,0,0,0,0,0|0#1|0#2|0#3|0#4|0#5|0#6|0#7|0#8|0#9|0#10|0#11|0#12|0,0|0#1|0#2|0#3|0#4|0#5|0#6|0#7|0#8|0#9|0#10|0#11|0#12|0,0|0#1|0#2|0#3|0#4|0#5|0#6|0#7|0#8|0#9|0#10|0#11|0#12|0,0|0#1|0#2|0#3|0#4|0#5|0#6|0#7|0#8|0#9|0#10|0#11|0#12|0
131|13,0,0,0,0,0,0,0,0,0,0,0,0,0,0,0,0,,,,
41|10,0,0,0,0,0,0,0,0,0,0,0,0,0,0,0,0,,,,
60|3,0,0,0,0,0,1,1,0,0,0,0,0,0,0,0,0,,,,
27|72,0,0,0,0,0,0,0,0,0,0,0,0,0,0,0,0,,,,
37|89,0,0,0,0,0,0,0,0,0,0,0,0,0,0,0,0,,,,
44|58,0,0,0,0,0,0,0,0,0,0,0,0,0,0,0,0,,,,
150|24,0,0,0,0,0,0,0,0,0,0,0,0,0,0,0,0,,,,
42|108,0,0,0,0,0,0,0,0,0,0,0,0,0,0,0,0,,,,
132|109,0,4,0,0,0,1,0,0,0,0,0,0,0,0,0,0,,,,
70|38,0,0,0,0,0,0,0,1,1,0,0,0,0,0,0,0,,,,
60|21,0,0,0,0,0,0,0,0,0,0,0,0,0,0,0,0,,,,
136|86,1,0,0,0,0,0,0,0,0,0,0,0,0,0,0,0,,0|0#1|0#2|0#3|0#4|0#5|0#6|0#7|0#8|0#9|0#10|0#11|0#12|0,,0|0#1|0#2|0#3|0#4|0#5|0#6|0#7|0#8|0#9|0#10|0#11|0#12|0
34|5,0,0,0,0,0,0,0,0,0,0,0,0,0,0,0,0,,,,
34|41,0,0,0,0,0,0,0,0,0,0,0,0,0,0,0,0,,,,
149|143,0,0,0,0,0,0,0,0,0,0,0,0,0,0,0,0,,,,
46|83,0,0,0,0,0,0,0,0,0,0,0,0,0,0,0,0,,,,
63|69,0,0,0,0,0,0,0,0,0,0,0,0,0,0,0,0,,,,
91|74,33,11,54,4,10,45,7,20,4,0,29,6,7,0,0,0,0|0#1|0#2|0#3|0#4|0#5|0#6|0#7|0#8|0#9|0#10|0#11|0#12|0,0|0#1|0#2|0#3|0#4|0#5|0#6|0#7|0#8|0#9|0#10|0#11|0#12|0,0|0#1|0#2|0#3|0#4|0#5|0#6|0#7|0#8|0#9|0#10|0#11|0#12|0,0|0#1|0#2|0#3|0#4|0#5|0#6|0#7|0#8|0#9|0#10|0#11|0#12|0
18|78,0,0,0,0,0,0,0,0,0,0,0,0,0,0,0,0,,,,
72|63,0,0,0,0,0,0,0,0,0,0,0,10,1,0,0,0,0|0#1|0#2|0#3|0#4|0#5|0#6|0#7|0#8|0#9|0#10|0#11|0#12|0,,0|0#1|0#2|0#3|0#4|0#5|0#6|0#7|0#8|0#9|0#10|0#11|0#12|0,
25|47,0,0,0,0,0,0,0,0,1,0,0,0,0,0,0,0,,,,
51|27,0,0,0,0,0,0,0,0,0,0,0,0,0,0,0,0,,,,
105|33,0,0,0,0,0,0,0,0,0,0,0,0,0,0,0,0,,,,
145|80,0,0,0,0,0,0,0,0,0,0,0,0,0,0,0,0,,,,
32|16,0,0,0,0,0,0,0,0,0,0,0,0,0,0,0,0,,,,
117|75,0,0,0,0,0,0,0,0,0,0,0,0,0,0,0,0,,,,
59|142,0,0,0,0,0,0,0,0,0,0,0,0,0,0,0,0,,,,
94|107,0,0,0,0,0,0,0,0,0,0,0,0,0,0,0,0,,,,
122|19,0,0,0,0,0,0,0,0,0,0,0,0,0,0,0,0,,,,
143|55,0,0,0,0,0,0,0,0,0,0,0,0,0,0,0,0,,,0|0#1|0#2|0#3|0#4|0#5|0#6|0#7|0#8|0#9|0#10|0#11|0#12|0,
5|73,0,0,0,0,0,0,0,0,0,0,0,0,0,0,0,0,,,,
80|103,0,0,0,0,0,0,0,0,0,0,0,0,0,0,0,0,,,,
