40|12,0,0,0,0,0,0,0,0,0,0,0,0,0,0,0,0,,,,
18|121,0,0,0,0,0,0,0,0,0,0,0,0,0,0,0,0,,,,
33|43,0,0,0,0,0,0,0,0,0,0,0,0,0,0,0,0,,,,
50|29,0,0,0,0,0,0,0,0,0,0,0,0,0,0,1,0,,,,
104|35,1,0,0,0,0,0,0,3,1,0,0,0,1,0,0,0,0|0#1|0#2|0#3|0#4|0#5|0#6|0#7|0#8|0#9|0#10|0#11|0#12|0,0|0#1|0#2|0#3|0#4|0#5|0#6|0#7|0#8|0#9|0#10|0#11|0#12|0,0|0#1|0#2|0#3|0#4|0#5|0#6|0#7|0#8|0#9|0#10|0#11|0#12|0,0|0#1|0#2|0#3|0#4|0#5|0#6|0#7|0#8|0#9|0#10|0#11|0#12|0
120|143,0,0,1,0,2,2,2,2,1,0,1,2,1,0,0,0,,,,
26|74,0,0,0,0,0,0,0,0,0,0,0,0,0,0,0,0,,,,
151|51,0,1,2,0,2,1,3,0,7,0,5,0,1,0,0,0,,,,
44|146,0,0,0,0,0,0,0,0,0,0,0,0,0,0,0,0,,,,
90|76,0,0,1,0,0,1,0,0,0,0,0,3,0,0,0,0,0|0#1|0#2|0#3|2#4|2#5|0#6|1#7|1#8|1#9|1#10|1#11|2#12|0,0|0#1|0#2|0#3|1#4|0#5|0#6|0#7|0#8|0#9|0#10|0#11|0#12|0,0|0#1|0#2|0#3|2#4|0#5|1#6|0#7|1#8|1#9|2#10|1#11|2#12|0,0|0#1|0#2|0#3|1#4|0#5|0#6|0#7|0#8|0#9|1#10|0#11|0#12|0
108|122,0,0,0,0,0,0,0,0,0,0,0,0,0,0,0,0,,,,
52|54,0,0,0,0,0,0,0,0,0,0,0,0,0,0,0,0,,,,
57|133,0,0,0,0,0,0,0,0,0,0,0,0,0,0,0,0,,,,
71|65,0,0,0,0,0,0,0,0,0,0,0,2,2,0,0,0,0|0#1|0#2|0#3|0#4|0#5|0#6|0#7|0#8|0#9|0#10|0#11|0#12|0,0|0#1|0#2|0#3|0#4|0#5|0#6|0#7|0#8|0#9|0#10|0#11|0#12|0,0|0#1|0#2|0#3|0#4|0#5|0#6|0#7|0#8|0#9|0#10|0#11|0#12|0,0|0#1|0#2|0#3|0#4|0#5|0#6|0#7|0#8|0#9|0#10|0#11|0#12|0
142|57,0,0,0,0,0,0,0,0,0,0,0,0,0,0,0,0,,,,
82|141,0,0,0,0,0,0,0,0,0,0,0,0,0,0,0,0,,,,
123|46,0,0,0,0,0,0,0,4,0,0,0,0,0,0,0,0,0|0#1|0#2|0#3|0#4|0#5|0#6|0#7|0#8|0#9|0#10|0#11|0#12|0,0|0#1|0#2|0#3|0#4|0#5|0#6|0#7|0#8|0#9|0#10|0#11|0#12|0,0|0#1|0#2|0#3|0#4|0#5|0#6|0#7|0#8|0#9|0#10|0#11|0#12|0,0|0#1|0#2|0#3|0#4|0#5|0#6|0#7|0#8|0#9|0#10|0#11|0#12|0
4|75,0,0,0,0,0,0,0,0,0,0,0,0,0,0,0,0,,,,
125|71,0,0,4,0,2,1,1,0,0,0,0,0,0,0,0,0,,,0|0#1|0#2|0#3|0#4|0#5|0#6|0#7|0#8|0#9|0#10|0#11|0#12|0,0|0#1|0#2|0#3|0#4|0#5|0#6|0#7|0#8|0#9|0#10|0#11|0#12|0
130|15,0,0,0,0,0,0,0,0,0,0,0,0,0,0,0,0,,,,
14|32,0,0,0,0,0,0,0,0,0,0,0,0,0,0,0,0,,,,
31|18,0,0,0,0,0,0,0,0,0,0,0,0,0,0,0,0,,,,
50|5,0,0,0,0,0,0,0,0,0,0,0,0,0,0,0,0,,,,
64|96,0,0,0,0,0,0,0,0,0,0,0,0,0,0,0,0,,,,
24|7,0,0,0,0,0,0,0,0,0,0,0,1,5,0,0,0,,,,
73|90,0,0,0,0,0,0,0,0,1,0,0,0,0,0,0,0,,,,
45|85,0,0,0,0,0,0,0,0,0,0,0,0,0,0,0,0,,,,
96|145,0,0,0,0,0,0,0,0,0,0,0,0,0,0,0,0,,,,
144|82,0,0,0,0,0,0,0,0,0,0,0,0,0,0,0,0,,,,
109|139,0,0,0,0,0,0,0,1,0,0,0,0,0,0,0,0,,,,
132|40,0,0,0,0,0,0,0,0,0,0,0,0,0,0,0,0,0|0#1|0#2|0#3|0#4|0#5|0#6|0#7|0#8|0#9|0#10|0#11|0#12|0,,,
133|130,0,0,0,0,0,0,0,0,0,0,0,1,0,0,0,0,,,,
147|134,0,0,0,0,0,0,0,0,0,0,0,0,0,0,0,0,,,,
116|77,2,1,2,0,0,0,0,0,1,0,0,0,0,0,0,0,,,,
24|49,0,0,0,0,0,0,0,0,0,0,0,0,0,0,0,0,,,,
106|60,5,3,2,0,0,1,1,1,2,3,0,1,0,0,0,0,0|0#1|0#2|0#3|4#4|4#5|4#6|4#7|4#8|4#9|4#10|4#11|4#12|0,0|0#1|0#2|0#3|4#4|4#5|4#6|4#7|4#8|4#9|4#10|4#11|4#12|0,0|0#1|0#2|0#3|4#4|4#5|4#6|4#7|4#8|4#9|4#10|4#11|4#12|0,0|0#1|0#2|0#3|4#4|4#5|4#6|4#7|4#8|4#9|4#10|3#11|4#12|0
134|147,0,0,0,0,0,0,0,0,0,0,0,0,0,0,0,0,,,,
135|88,0,0,0,0,0,0,0,0,0,0,0,0,0,0,0,0,,,0|0#1|0#2|0#3|0#4|0#5|0#6|0#7|0#8|0#9|0#10|0#11|0#12|0,
19|138,0,0,0,0,0,0,0,0,0,0,0,0,0,0,0,0,,,,
30|142,0,0,0,0,0,0,0,0,0,0,0,0,0,0,0,0,,,,
