66|86,0,0,0,0,0,1,0,0,0,0,0,0,0,0,0,0,,0|0#1|0#2|0#3|0#4|0#5|0#6|0#7|0#8|0#9|0#10|0#11|0#12|0,,0|0#1|0#2|0#3|0#4|0#5|0#6|0#7|0#8|0#9|0#10|0#11|0#12|0
26|39,0,0,4,0,3,2,1,0,8,0,3,0,1,0,0,0,,,,
35|33,0,0,0,0,0,0,0,0,0,0,0,0,0,0,0,0,,,,
75|80,0,0,0,0,0,0,0,0,0,0,0,0,1,0,2,0,0|0#1|0#2|0#3|0#4|0#5|0#6|0#7|0#8|0#9|0#10|0#11|0#12|0,,,
73|55,0,0,2,0,0,0,0,4,2,0,0,2,0,0,0,0,,,,
85|97,0,0,0,0,0,1,0,0,1,0,0,1,0,0,0,0,0|0#1|0#2|0#3|0#4|0#5|0#6|0#7|0#8|0#9|0#10|0#11|0#12|0,,,
99|140,0,0,0,0,0,0,0,0,0,0,0,0,0,0,0,0,,,,
80|24,18,5,34,1,12,3,4,9,9,0,11,1,3,0,0,0,0|0#1|0#2|0#3|0#4|0#5|0#6|0#7|0#8|0#9|0#10|0#11|0#12|0,,0|0#1|0#2|0#3|0#4|0#5|0#6|0#7|0#8|0#9|0#10|0#11|0#12|0,
47|141,0,0,0,0,0,0,0,0,0,0,0,0,0,0,0,0,,,,
106|25,0,0,0,0,0,0,0,3,1,0,0,0,0,0,0,0,0|0#1|0#2|0#3|0#4|0#5|0#6|0#7|0#8|0#9|0#10|0#11|0#12|0,,0|0#1|0#2|0#3|0#4|0#5|0#6|0#7|0#8|0#9|0#10|0#11|0#12|0,0|0#1|0#2|0#3|0#4|0#5|0#6|0#7|0#8|0#9|0#10|0#11|0#12|0
52|19,0,0,0,0,0,0,0,0,0,0,0,0,0,0,0,0,,,,
146|72,0,0,0,0,0,0,0,0,0,0,0,0,0,0,0,0,0|0#1|0#2|0#3|0#4|0#5|0#6|0#7|0#8|0#9|0#10|0#11|0#12|0,,,
125|36,0,0,0,0,0,0,0,0,0,0,0,1,0,0,0,0,,,,
28|64,0,0,0,0,0,0,0,0,0,0,0,0,0,0,0,0,,,,
120|108,0,0,0,0,0,0,0,0,0,0,0,0,0,0,0,0,,,,
47|75,0,0,0,0,0,0,0,0,0,0,0,0,0,0,0,0,,,,
61|13,0,0,0,0,0,0,0,0,0,0,0,0,0,0,0,0,,,,
118|67,0,0,0,0,0,0,0,0,0,0,0,0,0,0,0,0,,,,
108|50,0,0,0,0,0,0,0,0,0,0,0,0,0,0,0,0,,0|0#1|0#2|0#3|0#4|0#5|0#6|0#7|0#8|0#9|0#10|0#11|0#12|0,0|0#1|0#2|0#3|0#4|0#5|0#6|0#7|0#8|0#9|0#10|0#11|0#12|0,0|0#1|0#2|0#3|0#4|0#5|0#6|0#7|0#8|0#9|0#10|0#11|0#12|0
137|142,3,0,1,0,2,1,1,1,8,0,4,0,3,0,0,0,,,,
8|90,0,0,0,0,0,0,0,0,0,0,0,0,0,0,0,0,,,,
151|16,0,0,0,0,0,0,0,0,0,0,0,1,0,0,0,0,,,,
54|44,0,0,0,0,0,0,0,0,0,0,0,0,0,0,0,0,,,,
134|30,0,0,0,0,0,0,0,0,0,0,0,0,0,0,0,0,,,,
6|65,0,0,0,0,0,0,0,0,0,0,0,0,0,0,0,0,,,,
92|66,4,4,11,1,0,1,0,1,0,0,5,1,8,0,0,0,0|0#1|0#2|0#3|4#4|4#5|4#6|4#7|4#8|4#9|4#10|4#11|4#12|0,0|0#1|0#2|0#3|3#4|3#5|4#6|4#7|4#8|3#9|4#10|3#11|3#12|0,0|0#1|0#2|0#3|4#4|4#5|4#6|4#7|4#8|4#9|4#10|4#11|4#12|0,0|0#1|0#2|0#3|3#4|4#5|4#6|4#7|4#8|4#9|3#10|3#11|3#12|0
137|78,0,0,0,0,0,0,0,0,0,0,0,0,1,0,0,0,,,,
127|61,0,0,0,0,0,0,0,0,0,0,0,0,0,0,0,0,,,,
16|22,0,0,0,0,0,0,0,0,0,0,0,0,0,0,0,0,,,,
144|47,0,0,0,0,0,0,0,0,0,0,0,0,0,0,0,0,,0|0#1|0#2|0#3|0#4|0#5|0#6|0#7|0#8|0#9|0#10|0#11|0#12|0,,0|0#1|0#2|0#3|0#4|0#5|0#6|0#7|0#8|0#9|0#10|0#11|0#12|0
94|91,0,0,0,0,0,0,0,0,0,0,0,0,0,0,0,0,,,,
82|106,0,0,0,0,0,0,0,0,0,0,0,0,0,0,0,0,,,,
30|107,0,0,0,0,0,0,0,0,0,0,0,0,0,0,0,0,,,,
