37|47,0,0,0,0,0,0,1,1,6,0,1,0,0,0,0,0,,,,
49|89,1,3,0,0,0,1,1,11,1,0,3,2,1,0,0,0,0|0#1|0#2|0#3|0#4|0#5|0#6|0#7|0#8|0#9|0#10|0#11|0#12|0,0|0#1|0#2|0#3|0#4|0#5|0#6|0#7|0#8|0#9|0#10|0#11|0#12|0,,
53|10,0,0,0,0,0,0,0,0,0,0,0,0,0,0,0,0,,,,
123|127,0,0,0,0,0,0,0,0,0,0,0,0,0,0,0,0,,,,
58|83,0,0,2,0,0,1,1,0,1,0,0,0,0,0,0,0,,,,
65|52,0,0,0,0,0,0,0,0,0,0,0,0,0,0,0,0,0|0#1|0#2|0#3|0#4|0#5|0#6|0#7|0#8|0#9|0#10|0#11|0#12|0,,0|0#1|0#2|0#3|0#4|0#5|0#6|0#7|0#8|0#9|0#10|0#11|0#12|0,
71|121,1,0,0,0,0,0,0,3,1,0,0,0,1,0,0,0,,,,
5|31,0,0,0,0,0,0,0,0,0,0,0,0,0,0,0,0,,,,
149|101,0,0,0,0,0,1,0,0,0,0,0,0,0,0,0,0,,,,
84|63,0,0,0,0,0,0,0,0,0,0,0,1,0,0,0,0,0|0#1|0#2|0#3|1#4|0#5|0#6|0#7|0#8|0#9|0#10|0#11|0#12|0,0|0#1|0#2|0#3|0#4|0#5|0#6|0#7|0#8|0#9|0#10|0#11|0#12|0,0|0#1|0#2|0#3|1#4|0#5|0#6|0#7|0#8|0#9|0#10|0#11|0#12|0,0|0#1|0#2|0#3|0#4|0#5|0#6|0#7|0#8|0#9|0#10|0#11|0#12|0
39|72,0,0,0,0,0,0,0,0,0,0,0,0,0,0,0,0,,,,
82|38,0,0,0,0,0,0,0,0,0,0,0,0,0,0,0,0,,,,
33|126,0,0,0,0,0,0,0,0,0,0,0,0,0,0,0,0,,,,
123|6,0,0,0,0,0,1,0,0,0,0,0,0,0,0,0,0,,,,
46|41,0,0,0,0,0,0,0,0,0,0,0,1,0,0,0,0,,,,
98|112,0,0,0,0,0,0,0,0,0,0,0,0,0,0,0,0,,,,
90|9,0,0,1,0,2,1,0,0,2,0,1,0,0,0,0,0,,,,
18|36,0,1,0,0,0,0,0,1,1,0,0,0,0,0,0,0,,,,
27|30,0,0,0,0,0,0,0,0,0,0,0,0,0,0,0,0,,,,
129|75,0,0,0,0,0,0,0,0,0,0,0,0,1,0,0,0,0|0#1|0#2|0#3|0#4|0#5|0#6|0#7|0#8|0#9|0#10|0#11|0#12|0,0|0#1|0#2|0#3|0#4|0#5|0#6|0#7|0#8|0#9|0#10|0#11|0#12|0,,0|0#1|0#2|0#3|0#4|0#5|0#6|0#7|0#8|0#9|0#10|0#11|0#12|0
8|79,0,0,0,0,0,0,0,0,0,0,0,0,0,0,0,0,,,,
72|138,0,0,0,0,0,0,0,0,0,0,0,0,0,0,0,0,,,,
108|39,0,0,0,0,0,0,0,0,0,0,0,0,0,0,0,0,0|0#1|0#2|0#3|0#4|0#5|0#6|0#7|0#8|0#9|0#10|0#11|0#12|0,,0|0#1|0#2|0#3|0#4|0#5|0#6|0#7|0#8|0#9|0#10|0#11|0#12|0,
46|113,0,0,0,0,0,0,0,0,0,0,0,0,0,0,0,0,,,,
91|32,0,0,0,0,0,1,2,0,0,0,0,0,0,0,0,0,,,,
72|21,0,0,0,0,0,0,0,0,0,0,0,0,0,0,0,0,,,,
136|44,0,0,0,0,0,0,0,0,0,0,0,0,2,0,0,0,,,,
136|114,0,0,0,0,0,0,0,1,0,0,0,0,0,0,0,0,,,,
44|16,0,0,0,0,0,0,0,0,0,0,0,0,0,0,0,0,,,,
99|129,0,0,0,0,0,0,0,0,0,0,0,0,0,0,0,0,,,,
75|69,11,8,155,6,1,1,0,0,4,1,8,15,1,0,1,0,0|0#1|0#2|0#3|0#4|0#5|0#6|0#7|0#8|0#9|0#10|0#11|0#12|0,0|0#1|0#2|0#3|0#4|0#5|0#6|0#7|0#8|0#9|0#10|0#11|0#12|0,0|0#1|0#2|0#3|0#4|0#5|0#6|0#7|0#8|0#9|0#10|0#11|0#12|0,0|0#1|0#2|0#3|0#4|0#5|0#6|0#7|0#8|0#9|0#10|0#11|0#12|0
117|33,0,0,0,0,0,0,0,0,0,0,0,0,0,0,0,0,,,,
59|100,65,58,271,16,3,8,6,7,5,5,39,21,7,0,0,0,0|0#1|0#2|0#3|0#4|0#5|0#6|0#7|0#8|0#9|0#10|0#11|0#12|0,,0|0#1|0#2|0#3|0#4|0#5|0#6|0#7|0#8|0#9|0#10|0#11|0#12|0,0|0#1|0#2|0#3|0#4|0#5|0#6|0#7|0#8|0#9|0#10|0#11|0#12|0
85|125,0,0,0,0,0,0,0,1,0,0,0,0,0,0,0,0,,,,
56|58,2,0,7,0,0,1,1,1,3,0,2,1,0,0,0,0,0|0#1|0#2|0#3|0#4|0#5|0#6|0#7|0#8|0#9|0#10|0#11|0#12|0,0|0#1|0#2|0#3|0#4|0#5|0#6|0#7|0#8|0#9|0#10|0#11|0#12|0,0|0#1|0#2|0#3|0#4|0#5|0#6|0#7|0#8|0#9|0#10|0#11|0#12|0,
20|139,0,0,0,0,0,0,0,0,0,0,0,0,0,0,0,0,,,,
63|27,0,0,0,0,0,0,0,0,0,0,0,0,0,0,0,0,,,,
77|94,0,0,0,0,0,0,0,0,0,0,0,5,2,0,0,0,,,,
134|19,0,0,0,0,0,0,0,0,0,0,0,0,0,0,0,0,,,,
122|110,0,0,0,0,0,0,0,0,0,0,0,0,0,0,0,0,,,,
143|13,0,0,0,0,0,0,0,0,0,0,0,0,0,0,0,0,,,,
148|86,0,0,0,0,0,1,0,0,0,0,0,0,1,0,0,0,,,,
