147|61,0,0,0,0,0,0,0,0,0,0,0,0,0,0,0,0,,,,
145|36,0,0,0,0,0,0,0,0,0,0,0,0,0,0,0,0,,0|0#1|0#2|0#3|0#4|0#5|0#6|0#7|0#8|0#9|0#10|0#11|0#12|0,,0|0#1|0#2|0#3|0#4|0#5|0#6|0#7|0#8|0#9|0#10|0#11|0#12|0
17|11,0,0,0,0,0,0,0,0,0,0,0,0,0,0,0,0,,,,
32|107,0,0,0,0,0,0,0,0,0,0,0,0,0,0,0,0,,,,
86|86,0,0,0,0,0,0,0,0,0,0,1,1,0,0,0,0,0|0#1|0#2|0#3|0#4|0#5|0#6|0#7|0#8|0#9|0#10|0#11|0#12|0,0|0#1|0#2|0#3|0#4|0#5|0#6|0#7|0#8|0#9|0#10|0#11|0#12|0,0|0#1|0#2|0#3|0#4|0#5|0#6|0#7|0#8|0#9|0#10|0#11|0#12|0,0|0#1|0#2|0#3|0#4|0#5|0#6|0#7|0#8|0#9|0#10|0#11|0#12|0
95|80,12,2,36,0,7,3,3,3,0,0,7,19,26,0,0,0,0|0#1|0#2|0#3|2#4|0#5|0#6|0#7|0#8|0#9|0#10|1#11|2#12|0,0|0#1|0#2|0#3|2#4|0#5|0#6|0#7|0#8|0#9|0#10|0#11|0#12|0,0|0#1|0#2|0#3|2#4|0#5|0#6|0#7|0#8|0#9|1#10|1#11|2#12|0,0|0#1|0#2|0#3|1#4|0#5|0#6|0#7|0#8|0#9|0#10|0#11|0#12|0
119|56,0,0,0,0,0,0,0,0,0,0,0,0,0,0,0,0,0|0#1|0#2|0#3|0#4|0#5|0#6|0#7|0#8|0#9|0#10|0#11|0#12|0,,0|0#1|0#2|0#3|0#4|0#5|0#6|0#7|0#8|0#9|0#10|0#11|0#12|0,
139|142,0,0,0,0,0,0,0,1,0,0,0,0,0,0,0,0,,,,
70|102,0,0,0,0,0,0,0,0,0,0,0,0,0,0,0,0,,,,
29|53,0,0,0,0,0,0,0,0,0,0,0,0,0,0,0,0,,,,
7|54,0,0,0,0,0,0,0,0,0,0,0,0,0,0,0,0,,,,
67|75,0,0,0,0,0,0,0,0,0,0,0,0,0,0,0,0,,,,
71|119,0,0,0,0,0,0,0,0,0,0,0,0,0,0,0,0,,,,
74|44,0,0,0,0,0,0,0,0,1,0,0,0,0,0,0,0,0|0#1|0#2|0#3|0#4|0#5|0#6|0#7|0#8|0#9|0#10|0#11|0#12|0,0|0#1|0#2|0#3|0#4|0#5|0#6|0#7|0#8|0#9|0#10|0#11|0#12|0,0|0#1|0#2|0#3|0#4|0#5|0#6|0#7|0#8|0#9|0#10|0#11|0#12|0,
48|64,1,0,3,0,2,0,1,0,0,0,1,0,0,0,0,0,,,,
126|25,0,0,0,0,0,0,0,0,0,0,0,0,0,0,0,0,,,,
81|13,98,27,42,6,0,7,1,12,7,2,25,7,8,0,0,0,,,,
46|39,0,0,0,0,0,0,0,0,0,0,0,0,0,0,0,0,,,,
128|50,0,0,0,0,0,0,0,0,0,0,0,0,0,0,0,0,,,,
138|67,0,0,0,0,0,0,0,0,1,0,0,0,1,0,0,0,,,,
107|14,0,0,0,0,0,0,0,0,0,0,0,0,0,0,0,0,,,,
141|4,0,0,0,0,0,0,0,0,0,0,0,0,0,0,0,0,,,,
115|6,0,0,0,0,0,0,0,0,0,0,0,0,0,0,0,0,,,,
36|22,0,0,0,0,0,0,0,0,0,0,0,0,0,0,0,0,,,,
49|141,0,0,0,0,0,0,0,0,0,0,0,0,0,0,0,0,,,,
55|33,0,0,0,0,0,0,0,0,0,0,0,6,0,0,1,0,0|0#1|0#2|0#3|0#4|0#5|0#6|0#7|0#8|0#9|0#10|0#11|0#12|0,,0|0#1|0#2|0#3|0#4|0#5|0#6|0#7|0#8|0#9|0#10|0#11|0#12|0,
27|28,0,0,0,0,0,0,0,0,0,0,0,0,0,0,0,0,,,,
84|106,0,0,0,0,0,0,0,0,0,0,0,0,0,0,0,0,,,,
72|19,0,0,0,0,0,0,0,0,0,0,0,0,0,0,0,0,,,,
82|9,0,0,0,0,0,0,0,0,0,0,0,0,0,0,0,0,,,,
122|108,1,0,0,0,0,1,0,0,1,0,0,0,1,0,0,0,,,,
93|55,8,0,12,9,0,1,1,3,1,0,0,7,5,0,0,0,0|0#1|0#2|0#3|4#4|3#5|2#6|2#7|2#8|2#9|3#10|2#11|2#12|0,0|0#1|0#2|0#3|3#4|2#5|2#6|2#7|2#8|2#9|2#10|1#11|1#12|0,0|0#1|0#2|0#3|4#4|2#5|2#6|2#7|2#8|2#9|2#10|2#11|2#12|0,0|0#1|0#2|0#3|2#4|2#5|2#6|2#7|2#8|2#9|1#10|1#11|1#12|0
5|29,0,0,0,0,0,0,0,0,0,0,0,0,0,0,0,0,,,,
