120|100,7,6,5,0,5,6,2,3,7,1,1,7,1,0,0,0,0|0#1|0#2|0#3|0#4|0#5|0#6|0#7|0#8|0#9|0#10|0#11|0#12|0,,0|0#1|0#2|0#3|0#4|0#5|0#6|0#7|0#8|0#9|0#10|0#11|0#12|0,
57|84,0,0,0,0,0,0,0,0,0,0,0,1,0,0,0,0,,,,
64|53,0,0,0,0,0,0,0,0,0,0,0,0,0,0,0,0,,,,
55|59,0,0,0,1,0,0,0,0,0,0,0,1,0,0,1,0,,,,
31|116,0,0,0,0,0,0,0,0,0,0,0,0,0,0,0,0,,,,
142|14,0,0,0,0,0,0,0,0,0,0,0,0,0,0,0,0,,,,
70|128,0,0,0,0,0,0,0,0,0,0,0,0,0,0,0,0,,,,
71|22,0,0,0,0,0,0,0,0,0,0,0,0,0,0,0,0,,,,
83|115,0,0,0,0,0,0,0,1,0,0,0,0,0,0,0,0,,,,
19|62,0,0,0,0,0,0,0,0,0,0,0,0,0,0,0,0,,,,
134|104,0,0,0,0,0,0,0,0,0,0,0,0,0,0,0,0,,,,
26|31,0,0,0,0,0,0,0,0,0,0,0,0,0,0,0,0,,,,
36|48,0,0,0,0,0,0,0,0,0,0,0,0,0,0,0,0,,,,
137|70,0,0,0,0,0,0,0,0,0,0,0,0,0,0,0,0,,,,
148|108,0,0,0,0,0,0,0,0,0,0,0,0,0,0,0,0,,,,
62|28,0,0,0,0,0,0,1,0,1,0,0,0,0,0,1,0,0|0#1|0#2|0#3|0#4|0#5|0#6|0#7|0#8|0#9|0#10|0#11|0#12|0,,,0|0#1|0#2|0#3|0#4|0#5|0#6|0#7|0#8|0#9|0#10|0#11|0#12|0
109|65,0,0,1,6,0,0,0,1,0,0,0,40,0,0,0,0,0|0#1|0#2|0#3|0#4|2#5|2#6|2#7|2#8|2#9|2#10|1#11|0#12|0,0|0#1|0#2|0#3|0#4|2#5|2#6|1#7|1#8|1#9|0#10|0#11|0#12|0,0|0#1|0#2|0#3|1#4|3#5|2#6|2#7|2#8|2#9|0#10|0#11|0#12|0,0|0#1|0#2|0#3|0#4|2#5|2#6|2#7|1#8|0#9|1#10|0#11|0#12|0
147|87,0,0,0,0,0,0,0,0,0,0,0,0,0,0,0,0,,0|0#1|0#2|0#3|0#4|0#5|0#6|0#7|0#8|0#9|0#10|0#11|0#12|0,,0|0#1|0#2|0#3|0#4|0#5|0#6|0#7|0#8|0#9|0#10|0#11|0#12|0
76|95,0,0,0,0,0,0,0,0,0,0,0,1,0,0,0,0,,,,0|0#1|0#2|0#3|0#4|0#5|0#6|0#7|0#8|0#9|0#10|0#11|0#12|0
58|107,0,0,0,0,0,0,0,0,0,0,0,0,0,0,0,0,,,,
83|64,5,3,2,0,0,0,0,2,1,0,1,20,1,0,0,0,0|0#1|0#2|0#3|1#4|2#5|2#6|2#7|2#8|2#9|2#10|2#11|2#12|0,0|0#1|0#2|0#3|1#4|0#5|1#6|2#7|1#8|0#9|0#10|1#11|2#12|0,0|0#1|0#2|0#3|2#4|2#5|2#6|2#7|2#8|2#9|2#10|2#11|2#12|0,0|0#1|0#2|0#3|0#4|0#5|0#6|2#7|0#8|0#9|1#10|1#11|1#12|0
97|119,0,0,0,0,0,1,0,0,0,0,0,0,0,0,0,0,,,,
96|102,0,0,0,0,0,0,1,0,0,0,0,0,0,0,0,0,,,,
113|7,0,0,0,0,0,0,0,0,0,0,0,0,0,0,0,0,,,,
135|45,0,0,0,0,0,0,0,0,0,0,0,0,0,0,0,0,,,,
90|33,0,0,0,0,0,0,0,1,0,0,0,0,1,0,0,0,0|0#1|0#2|0#3|0#4|0#5|0#6|0#7|0#8|0#9|0#10|0#11|0#12|0,0|0#1|0#2|0#3|0#4|0#5|0#6|0#7|0#8|0#9|0#10|0#11|0#12|0,0|0#1|0#2|0#3|0#4|0#5|0#6|0#7|0#8|0#9|0#10|0#11|0#12|0,0|0#1|0#2|0#3|0#4|0#5|0#6|0#7|0#8|0#9|0#10|0#11|0#12|0
4|32,0,0,0,0,0,0,0,0,0,0,0,0,0,0,0,0,,,,
44|103,0,0,0,0,0,0,0,0,0,0,0,0,0,0,0,0,,,,
43|17,0,0,0,0,0,0,0,0,0,0,0,0,0,0,0,0,,,,
38|73,0,0,0,0,0,0,0,0,0,0,0,0,0,0,0,0,,0|0#1|0#2|0#3|0#4|0#5|0#6|0#7|0#8|0#9|0#10|0#11|0#12|0,,0|0#1|0#2|0#3|0#4|0#5|0#6|0#7|0#8|0#9|0#10|0#11|0#12|0
52|11,0,0,0,0,0,0,0,0,0,0,0,0,0,0,0,0,,,,
128|76,0,0,0,0,0,0,0,0,0,0,0,0,2,0,0,0,,,,
81|39,0,0,1,0,2,0,0,0,0,0,0,0,2,0,0,0,,,,
29|79,0,0,0,0,0,0,0,0,0,0,0,0,0,0,0,0,,,,
121|117,0,0,0,0,0,0,0,0,0,0,0,0,0,0,0,0,,,,
45|42,0,0,0,0,0,0,0,0,0,0,0,0,0,0,0,0,,,,
116|34,0,0,0,0,0,0,0,0,0,0,0,0,0,0,0,0,,,,
17|37,0,0,0,0,0,0,0,0,1,0,0,0,0,0,0,0,,,,
