138|22,0,0,0,0,0,0,0,0,0,0,0,0,0,0,0,0,,,,
58|36,0,0,0,0,0,0,0,0,0,0,0,0,0,0,0,0,,,,
79|72,0,0,0,0,0,0,0,0,2,0,0,0,0,0,0,0,,,,
62|134,0,0,0,0,0,0,0,0,0,0,0,0,0,0,0,0,,,,
145|9,0,0,0,0,1,2,0,0,0,0,0,0,0,0,0,0,,,,
77|47,0,0,1,0,2,1,1,0,1,0,1,0,0,0,0,0,0|0#1|0#2|0#3|2#4|0#5|0#6|0#7|0#8|0#9|0#10|0#11|0#12|0,0|0#1|0#2|0#3|1#4|0#5|0#6|0#7|0#8|0#9|0#10|0#11|0#12|0,0|0#1|0#2|0#3|0#4|0#5|0#6|0#7|0#8|0#9|0#10|0#11|0#12|0,0|0#1|0#2|0#3|0#4|0#5|0#6|0#7|0#8|0#9|0#10|0#11|0#12|0
0|1,0,0,0,0,0,0,0,0,0,0,0,0,0,0,0,0,,,,
1|132,0,0,0,0,0,0,0,0,0,0,0,0,0,0,0,0,,,,
98|83,0,0,0,0,0,0,0,0,0,0,0,4,0,0,0,0,0|0#1|0#2|0#3|0#4|0#5|0#6|0#7|0#8|0#9|0#10|0#11|0#12|0,,0|0#1|0#2|0#3|0#4|0#5|0#6|0#7|0#8|0#9|0#10|1#11|0#12|0,
41|2,0,0,0,0,0,0,0,0,0,0,0,0,0,0,0,0,,,,
148|39,0,0,0,0,1,0,0,0,0,0,4,0,0,0,0,0,0|0#1|0#2|0#3|0#4|0#5|0#6|0#7|0#8|0#9|0#10|0#11|0#12|0,,0|0#1|0#2|0#3|0#4|0#5|0#6|0#7|0#8|0#9|0#10|0#11|0#12|0,
10|135,0,0,0,0,0,0,0,0,0,0,0,0,0,0,0,0,,,,
96|58,32,10,14,10,3,2,3,12,6,14,18,204,16,3,0,0,0|0#1|0#2|0#3|4#4|4#5|4#6|4#7|4#8|4#9|4#10|4#11|4#12|0,0|0#1|0#2|0#3|4#4|4#5|4#6|4#7|4#8|4#9|4#10|4#11|4#12|0,0|0#1|0#2|0#3|4#4|4#5|4#6|4#7|4#8|4#9|4#10|4#11|4#12|0,0|0#1|0#2|0#3|4#4|4#5|4#6|4#7|4#8|4#9|4#10|4#11|4#12|0
39|25,0,0,0,0,0,0,0,0,0,0,0,0,0,0,0,0,,,,
93|10,0,0,0,0,0,0,0,0,0,0,0,0,0,0,0,0,,,,
113|123,0,0,0,0,0,0,0,0,0,0,0,0,0,0,0,0,,,,
23|122,0,0,0,0,0,0,0,0,0,0,0,0,0,0,0,0,,,,
84|16,0,0,0,0,0,0,0,0,0,0,0,0,0,0,0,0,,,,
129|28,0,0,0,0,0,0,0,0,0,0,0,0,0,0,0,0,,,0|0#1|0#2|0#3|0#4|0#5|0#6|0#7|0#8|0#9|0#10|0#11|0#12|0,
15|4,0,0,1,0,0,0,1,0,1,0,0,0,3,0,0,0,,,,
24|139,0,0,0,0,0,0,0,0,0,0,0,0,0,0,0,0,,,,
86|41,0,0,0,0,0,0,0,0,0,0,0,0,0,0,0,0,,,,
75|121,0,0,0,0,0,0,0,0,1,0,0,0,0,0,0,0,,,,
100|136,0,0,0,0,0,0,0,0,0,0,0,0,0,0,0,0,,,,
127|127,0,0,0,0,0,0,0,0,0,0,0,0,0,0,0,0,,,,
89|125,0,0,0,0,0,0,0,0,0,0,0,0,0,0,0,0,,,,
37|126,0,0,0,0,0,0,0,0,0,0,0,0,0,0,0,0,,,,
76|138,0,0,0,0,0,0,0,0,0,0,0,0,0,0,0,0,,,,
89|89,0,0,2,0,1,2,1,0,1,0,0,0,0,0,0,0,,,,
152|135,0,0,0,0,0,0,0,0,0,0,0,0,0,0,0,0,,,,
67|30,0,1,0,0,0,0,0,0,0,0,0,0,0,0,0,0,0|0#1|0#2|0#3|0#4|0#5|0#6|0#7|0#8|0#9|0#10|0#11|0#12|0,,0|0#1|0#2|0#3|0#4|0#5|0#6|0#7|0#8|0#9|0#10|0#11|0#12|0,
126|110,0,0,0,0,0,0,0,0,1,0,0,4,0,0,0,0,,,,
119|11,0,0,0,0,0,0,0,0,0,0,0,0,0,0,0,0,,,,
