103|94,1,2,6,0,0,1,0,0,0,0,0,11,1,0,0,0,0|0#1|0#2|0#3|2#4|0#5|0#6|0#7|0#8|0#9|0#10|0#11|0#12|0,0|0#1|0#2|0#3|0#4|0#5|0#6|0#7|0#8|0#9|0#10|0#11|0#12|0,0|0#1|0#2|0#3|0#4|0#5|0#6|0#7|0#8|0#9|0#10|0#11|0#12|0,0|0#1|0#2|0#3|0#4|0#5|0#6|0#7|0#8|0#9|0#10|0#11|0#12|0
102|123,0,0,0,0,0,0,0,0,0,0,0,0,0,0,0,0,,,,
20|60,0,0,0,0,0,0,0,1,0,0,0,0,0,0,0,0,,,,
30|77,0,0,0,0,0,0,0,0,0,0,0,0,1,0,0,0,,,,
12|122,0,0,0,0,0,0,0,0,0,0,0,0,0,0,0,0,,,,
13|91,0,0,0,0,0,0,0,0,0,0,0,0,0,0,0,0,,,,
64|121,0,0,0,0,0,0,0,0,0,0,0,0,0,0,0,0,,,,
69|29,0,0,0,0,0,0,0,0,0,0,0,0,0,0,0,0,,,,
78|23,0,0,0,0,0,0,0,0,0,0,0,2,0,0,0,0,0|0#1|0#2|0#3|0#4|0#5|0#6|0#7|0#8|0#9|0#10|0#11|0#12|0,,0|0#1|0#2|0#3|0#4|0#5|0#6|0#7|0#8|0#9|0#10|0#11|0#12|0,
11|66,0,0,0,0,0,0,0,0,0,0,0,0,0,0,0,0,,,,
26|126,0,0,0,0,0,0,0,0,0,0,0,0,0,0,0,0,,,,
27|5,0,0,0,0,0,0,0,0,0,0,0,0,0,0,0,0,,,,
4|136,0,0,0,0,0,0,0,0,0,0,0,0,0,0,0,0,,,,
129|114,62,17,34,0,5,1,1,56,1,10,21,58,4,1,0,0,,,,
141|135,152,46,410,6,35,19,19,31,33,5,139,19,7,0,0,0,,,,
101|69,11,6,32,0,1,6,4,1,0,0,7,0,1,0,0,0,0|0#1|0#2|0#3|4#4|4#5|4#6|4#7|4#8|4#9|4#10|3#11|3#12|0,0|0#1|0#2|0#3|2#4|3#5|2#6|2#7|2#8|3#9|3#10|2#11|2#12|0,0|0#1|0#2|0#3|4#4|4#5|4#6|4#7|4#8|4#9|4#10|3#11|4#12|0,0|0#1|0#2|0#3|2#4|3#5|2#6|2#7|3#8|2#9|2#10|2#11|2#12|0
59|12,0,0,0,0,0,0,0,0,0,0,0,0,0,0,0,0,,,,
51|134,0,0,0,0,0,0,0,0,0,0,0,0,0,0,0,0,,,,
116|127,0,0,0,0,0,0,0,0,0,0,0,1,0,0,0,0,,,,
39|113,0,0,0,0,0,0,0,0,0,0,0,0,0,0,0,0,,,,
97|34,0,0,0,0,0,0,1,0,1,0,0,0,0,0,0,0,,,,
110|63,13,10,17,1,1,4,0,2,0,0,15,3,9,0,0,0,0|0#1|0#2|0#3|1#4|0#5|0#6|0#7|0#8|0#9|0#10|0#11|0#12|0,0|0#1|0#2|0#3|0#4|0#5|0#6|0#7|0#8|0#9|0#10|0#11|0#12|0,0|0#1|0#2|0#3|1#4|0#5|0#6|0#7|0#8|0#9|0#10|0#11|0#12|0,0|0#1|0#2|0#3|0#4|0#5|0#6|0#7|0#8|0#9|0#10|0#11|0#12|0
13|139,0,0,0,0,0,0,0,0,0,0,0,0,0,0,0,0,,,,
115|110,0,0,0,0,0,0,0,0,0,0,0,0,0,0,0,0,,,,
78|125,0,0,0,0,0,0,0,0,0,0,0,0,0,0,0,0,,,,
53|3,0,0,0,0,0,0,0,0,0,0,0,0,0,0,0,0,,,,
90|146,0,0,0,0,0,0,0,0,0,0,0,0,0,0,0,0,,,,
149|15,0,0,0,0,0,0,0,0,0,0,0,0,0,0,0,0,,,,
65|138,0,0,0,0,0,0,0,0,0,0,0,0,0,0,0,0,,,,
