54|145,0,0,0,0,0,0,0,0,0,0,0,0,0,0,0,0,,,,
28|120,0,0,0,0,0,0,0,0,0,0,0,0,0,0,0,0,,,,
100|27,0,0,0,0,0,0,0,0,0,0,0,0,0,0,0,0,,0|0#1|0#2|0#3|0#4|0#5|0#6|0#7|0#8|0#9|0#10|0#11|0#12|0,0|0#1|0#2|0#3|0#4|0#5|0#6|0#7|0#8|0#9|0#10|0#11|0#12|0,0|0#1|0#2|0#3|0#4|0#5|0#6|0#7|0#8|0#9|0#10|0#11|0#12|0
29|137,0,0,0,0,0,0,0,0,0,0,0,0,0,0,0,0,,,,
106|6,0,0,0,0,0,0,0,0,0,0,0,0,0,0,0,0,,,,
132|4,0,0,0,0,0,0,0,0,0,0,1,0,0,0,0,0,,,,
15|97,0,0,0,0,0,0,0,0,0,0,0,0,0,0,0,0,,,,
112|69,0,0,0,0,0,0,0,1,0,0,0,0,0,0,0,0,0|0#1|0#2|0#3|0#4|0#5|0#6|0#7|0#8|0#9|0#10|0#11|0#12|0,,0|0#1|0#2|0#3|0#4|0#5|0#6|0#7|0#8|0#9|0#10|0#11|0#12|0,0|0#1|0#2|0#3|0#4|0#5|0#6|0#7|0#8|0#9|0#10|0#11|0#12|0
144|146,0,0,0,0,0,0,0,0,0,0,0,0,0,0,0,0,,,,
121|63,0,0,0,0,0,0,0,0,0,0,0,0,0,0,0,0,,,,
89|23,0,0,0,0,0,0,0,0,0,0,0,0,2,0,0,0,0|0#1|0#2|0#3|0#4|0#5|0#6|0#7|0#8|0#9|0#10|0#11|0#12|0,0|0#1|0#2|0#3|0#4|0#5|0#6|1#7|2#8|0#9|0#10|0#11|0#12|0,0|0#1|0#2|0#3|0#4|0#5|0#6|0#7|0#8|0#9|0#10|0#11|0#12|0,0|0#1|0#2|0#3|0#4|0#5|0#6|1#7|1#8|0#9|0#10|0#11|0#12|0
73|9,0,0,0,0,0,0,0,0,0,0,0,0,0,0,0,0,,,,
15|133,0,0,0,0,0,0,0,0,0,0,0,0,0,0,0,0,,,,
31|60,0,0,0,0,0,0,0,0,0,0,0,0,0,0,0,0,,,,
6|130,0,0,0,0,0,0,0,0,0,0,0,0,0,0,0,0,,,,
119|138,0,0,0,0,0,0,0,0,0,0,0,0,0,0,0,0,,,,
24|91,0,0,0,0,0,0,0,0,0,0,0,0,0,0,0,0,,,,
130|142,0,0,0,0,0,0,0,0,0,0,0,0,0,0,0,0,,,,
105|134,0,0,0,0,0,0,0,0,0,0,0,1,0,0,0,0,,,,
92|140,0,0,0,0,0,0,0,0,0,0,0,0,0,0,0,0,,,,
140|74,0,0,0,0,0,0,0,0,0,0,0,0,0,0,0,0,,,,
60|88,0,0,0,0,0,0,0,0,0,0,0,0,0,0,0,0,,,,
22|66,0,0,0,0,0,0,0,0,0,0,0,0,0,0,0,0,,,,
102|52,38,15,79,6,4,5,8,8,1,0,22,8,3,0,0,0,0|0#1|0#2|0#3|0#4|0#5|0#6|0#7|0#8|0#9|1#10|1#11|2#12|0,0|0#1|0#2|0#3|0#4|0#5|0#6|0#7|0#8|0#9|1#10|0#11|0#12|0,0|0#1|0#2|0#3|0#4|0#5|0#6|0#7|0#8|0#9|1#10|1#11|2#12|0,0|0#1|0#2|0#3|0#4|0#5|0#6|0#7|0#8|0#9|0#10|0#11|0#12|0
2|92,0,0,0,0,0,0,0,0,0,0,0,0,0,0,0,0,,,,
114|94,0,0,0,0,0,0,0,0,0,0,0,0,0,0,0,0,,,,
10|24,0,0,0,0,0,0,0,2,0,0,0,0,0,0,0,0,,,,
50|71,0,0,0,0,0,0,0,0,1,0,0,0,0,0,0,0,,,,
7|147,0,0,0,0,0,0,0,0,0,0,0,0,0,0,0,0,,,,
0|67,0,0,0,0,0,0,0,0,0,0,0,0,0,0,0,0,,,,
67|132,0,0,0,0,0,0,0,0,0,0,0,0,0,0,0,0,,,,
40|141,0,0,0,0,0,0,0,0,0,0,0,0,0,0,0,0,,,,
41|77,0,0,0,0,0,0,0,0,0,0,0,0,0,0,0,0,,,,
118|121,0,0,0,0,0,0,0,0,0,0,0,0,0,0,0,0,,,,
