125|91,0,0,0,0,0,0,0,0,0,0,0,0,0,0,0,0,,,,
4|95,0,0,0,0,0,0,0,0,0,0,0,0,0,0,0,0,,,,
31|38,0,0,0,0,0,0,0,0,0,0,0,0,0,0,0,0,,,,
106|80,2,1,1,7,0,2,2,0,3,0,0,9,3,0,0,0,0|0#1|0#2|0#3|0#4|0#5|1#6|0#7|0#8|0#9|0#10|0#11|0#12|0,0|0#1|0#2|0#3|0#4|0#5|0#6|0#7|0#8|0#9|0#10|0#11|0#12|0,0|0#1|0#2|0#3|0#4|0#5|1#6|0#7|0#8|1#9|0#10|1#11|0#12|0,0|0#1|0#2|0#3|0#4|0#5|0#6|0#7|0#8|0#9|0#10|0#11|0#12|0
111|24,0,0,0,0,0,0,0,0,0,0,0,0,0,0,0,0,,,,
132|60,0,0,0,0,0,0,0,0,0,0,0,0,0,0,0,0,,,,
143|107,0,0,0,0,0,0,0,0,0,0,0,0,0,0,0,0,,,,
71|85,0,0,0,0,0,0,0,1,0,0,0,0,0,0,0,0,,,,
26|94,0,0,0,0,0,0,0,0,0,0,0,0,0,0,0,0,,,,
104|55,0,0,0,18,0,0,0,3,0,0,0,0,2,0,0,0,0|0#1|0#2|0#3|4#4|4#5|4#6|4#7|4#8|4#9|4#10|4#11|4#12|0,0|0#1|0#2|0#3|3#4|3#5|4#6|4#7|4#8|4#9|4#10|3#11|3#12|0,0|0#1|0#2|0#3|4#4|4#5|4#6|4#7|4#8|4#9|4#10|4#11|4#12|0,0|0#1|0#2|0#3|3#4|4#5|4#6|4#7|4#8|4#9|4#10|4#11|3#12|0
24|69,0,0,0,0,0,0,0,0,0,0,0,0,0,0,0,0,,,,
52|74,0,0,0,0,0,0,0,0,0,0,0,0,0,0,1,0,,,,
53|106,0,0,0,0,0,0,0,0,0,0,0,0,0,0,0,0,,,,
123|66,0,0,0,0,0,0,0,0,0,0,0,0,0,0,0,0,0|0#1|0#2|0#3|0#4|0#5|0#6|0#7|0#8|0#9|0#10|0#11|0#12|0,,0|0#1|0#2|0#3|0#4|0#5|0#6|0#7|0#8|0#9|0#10|0#11|0#12|0,
91|101,2,0,1,0,0,0,0,0,1,0,0,1,0,0,0,0,0|0#1|0#2|0#3|0#4|0#5|0#6|0#7|0#8|0#9|0#10|0#11|0#12|0,0|0#1|0#2|0#3|0#4|0#5|0#6|0#7|0#8|0#9|0#10|0#11|0#12|0,0|0#1|0#2|0#3|0#4|0#5|0#6|0#7|0#8|0#9|0#10|0#11|0#12|0,0|0#1|0#2|0#3|0#4|0#5|0#6|0#7|0#8|0#9|0#10|0#11|0#12|0
116|97,0,0,0,0,0,1,0,0,0,0,0,0,1,0,0,0,0|0#1|0#2|0#3|0#4|0#5|0#6|0#7|0#8|0#9|0#10|0#11|0#12|0,,0|0#1|0#2|0#3|0#4|0#5|0#6|0#7|0#8|0#9|0#10|0#11|0#12|0,
21|21,0,0,0,0,0,0,0,0,0,0,0,0,0,0,0,0,,,,
50|49,0,0,0,0,0,0,0,0,0,0,0,3,0,0,1,0,,,,
151|71,0,0,0,0,0,0,0,2,0,0,0,0,0,0,0,0,,,,
18|141,0,0,0,0,0,0,0,0,0,0,0,0,0,0,0,0,,,,
22|2,0,0,0,0,0,0,0,0,0,0,0,0,0,0,0,0,,,,
90|96,0,0,0,0,0,0,0,0,0,0,0,8,0,0,0,0,,0|0#1|0#2|0#3|0#4|0#5|0#6|0#7|0#8|0#9|0#10|0#11|0#12|0,,
14|52,0,0,0,0,0,0,0,0,0,0,0,0,0,0,0,0,,,,
33|63,0,0,0,0,0,0,0,0,0,0,0,0,0,0,0,0,,,,
40|32,0,0,2,1,0,3,0,0,0,0,3,3,0,0,0,0,,,,
12|27,0,0,0,0,0,0,0,0,0,0,0,0,0,0,0,0,,,,
130|35,0,0,0,0,0,0,0,0,0,0,0,0,0,0,0,0,,,,
126|9,0,0,0,0,0,0,0,0,0,0,0,0,0,0,0,0,,,,
142|77,0,0,0,0,0,0,0,0,0,0,0,0,0,0,0,0,,,,
152|7,0,0,0,0,0,0,0,0,0,0,0,0,0,0,0,0,,,,
108|142,0,0,0,0,0,0,0,0,0,0,0,2,0,0,0,0,,,,
92|118,0,0,0,0,0,0,0,0,0,0,0,0,0,0,0,0,,,,
6|108,0,0,0,0,0,0,0,0,0,0,0,0,0,0,0,0,,,,
40|119,0,0,0,0,0,0,0,0,0,0,0,0,0,0,0,0,,,,
