56|19,6,4,2,3,0,4,0,1,4,1,1,0,5,0,0,0,,,,
1|140,0,0,0,0,0,0,0,0,0,0,0,0,0,0,0,0,,,,
10|143,0,0,0,0,0,0,0,0,0,0,0,0,0,0,0,0,,,,
79|80,2,1,1,0,0,0,0,6,0,0,0,0,0,0,0,0,0|0#1|0#2|0#3|0#4|0#5|0#6|0#7|0#8|0#9|0#10|0#11|0#12|0,,0|0#1|0#2|0#3|0#4|0#5|0#6|0#7|0#8|0#9|0#10|0#11|0#12|0,
148|47,0,0,0,0,0,0,0,0,0,0,0,0,0,0,0,0,,,,
39|33,0,0,0,0,0,0,0,0,0,0,0,0,0,0,0,0,,,,
127|135,0,0,0,0,0,0,0,0,0,0,0,0,0,0,0,0,,,,
100|144,0,0,0,0,0,0,0,0,0,0,0,0,0,0,0,0,,,,
58|44,1,0,1,3,0,0,1,1,0,0,0,3,1,0,0,0,,,,
98|91,1,0,0,0,0,1,1,0,0,0,0,0,0,0,0,0,,,,
152|143,0,0,0,0,0,0,0,0,0,0,0,0,0,0,0,0,,,,
76|146,0,0,0,0,0,0,0,0,0,0,0,0,0,0,0,0,,,,
96|66,284,56,559,18,22,40,44,75,31,37,241,267,33,2,0,0,0|0#1|0#2|0#3|4#4|4#5|4#6|4#7|4#8|4#9|4#10|4#11|4#12|0,0|0#1|0#2|0#3|4#4|4#5|4#6|4#7|4#8|4#9|4#10|4#11|4#12|0,0|0#1|0#2|0#3|4#4|4#5|4#6|4#7|4#8|4#9|4#10|4#11|4#12|0,0|0#1|0#2|0#3|4#4|4#5|4#6|4#7|4#8|4#9|4#10|4#11|4#12|0
84|24,0,0,0,0,0,0,0,0,0,0,0,0,0,0,0,0,,,,
10|98,0,0,0,0,0,0,0,0,0,0,0,0,0,0,0,0,,,,
89|97,0,0,4,5,0,0,0,1,3,0,0,5,1,0,0,0,0|0#1|0#2|0#3|0#4|0#5|0#6|0#7|0#8|0#9|0#10|0#11|0#12|0,0|0#1|0#2|0#3|0#4|0#5|0#6|0#7|0#8|0#9|0#10|0#11|0#12|0,0|0#1|0#2|0#3|0#4|0#5|0#6|0#7|0#8|0#9|0#10|0#11|0#12|0,0|0#1|0#2|0#3|0#4|0#5|0#6|0#7|0#8|0#9|0#10|0#11|0#12|0
138|30,0,0,0,0,0,0,0,0,0,0,0,0,0,0,0,0,,,,
113|131,0,0,0,0,0,0,0,0,0,0,0,0,0,0,0,0,,,,
24|147,0,0,0,0,0,0,0,0,0,0,0,0,0,0,0,0,,,,
23|130,0,0,0,0,0,0,0,0,0,0,0,0,0,0,0,0,,,,
37|134,0,0,0,0,0,0,0,0,0,0,0,0,0,0,0,0,,,,
129|36,0,0,0,0,0,0,0,0,0,0,0,0,0,0,0,0,,,,
9|0,0,0,0,0,0,0,0,0,0,0,0,0,0,0,0,0,,,,
62|142,0,0,0,0,0,0,0,0,0,0,0,0,0,0,0,0,,,,
65|13,0,0,0,0,0,0,0,0,0,0,0,0,0,0,0,0,,,,
89|133,0,0,0,0,0,0,0,0,0,0,0,0,0,0,0,0,,,,
77|55,0,0,0,0,0,0,0,0,0,0,0,1,0,0,0,0,0|0#1|0#2|0#3|0#4|0#5|0#6|0#7|0#8|0#9|0#10|0#11|0#12|0,,0|0#1|0#2|0#3|0#4|0#5|0#6|0#7|0#8|0#9|0#10|0#11|0#12|0,
