31|136,0,0,0,0,0,0,0,0,0,0,0,0,0,0,0,0,,,,
38|93,35,15,14,0,1,14,0,7,1,0,3,2,6,0,0,0,0|0#1|0#2|0#3|0#4|0#5|0#6|0#7|0#8|0#9|0#10|0#11|0#12|0,,0|0#1|0#2|0#3|0#4|0#5|0#6|0#7|0#8|0#9|0#10|0#11|0#12|0,
64|73,0,0,4,0,1,0,1,1,6,0,3,0,0,0,0,0,,,,
90|53,8,5,30,3,0,1,0,6,2,0,8,45,9,0,0,0,0|0#1|0#2|0#3|4#4|3#5|2#6|3#7|2#8|2#9|3#10|3#11|3#12|0,0|0#1|0#2|0#3|4#4|2#5|2#6|2#7|2#8|2#9|2#10|3#11|3#12|0,0|0#1|0#2|0#3|4#4|2#5|2#6|3#7|2#8|2#9|3#10|3#11|3#12|0,0|0#1|0#2|0#3|4#4|2#5|2#6|2#7|2#8|2#9|2#10|3#11|2#12|0
81|59,0,0,3,0,0,0,0,0,1,0,0,6,0,0,0,0,0|0#1|0#2|0#3|0#4|0#5|0#6|0#7|1#8|0#9|0#10|0#11|0#12|0,0|0#1|0#2|0#3|0#4|0#5|0#6|0#7|0#8|0#9|0#10|0#11|0#12|0,0|0#1|0#2|0#3|0#4|0#5|0#6|0#7|0#8|0#9|0#10|0#11|0#12|0,0|0#1|0#2|0#3|0#4|0#5|0#6|0#7|0#8|0#9|0#10|0#11|0#12|0
44|123,0,0,0,0,0,0,0,0,0,0,0,0,0,0,0,0,,,,
83|84,0,0,0,0,0,0,0,0,0,0,0,0,0,0,0,0,0|0#1|0#2|0#3|0#4|0#5|0#6|0#7|0#8|0#9|0#10|0#11|0#12|0,0|0#1|0#2|0#3|0#4|0#5|0#6|0#7|0#8|0#9|0#10|0#11|0#12|0,0|0#1|0#2|0#3|0#4|0#5|0#6|0#7|0#8|0#9|0#10|0#11|0#12|0,0|0#1|0#2|0#3|0#4|0#5|0#6|0#7|0#8|0#9|0#10|0#11|0#12|0
135|65,0,0,0,0,0,0,0,0,0,0,0,0,0,0,0,0,0|0#1|0#2|0#3|0#4|0#5|0#6|0#7|0#8|0#9|0#10|0#11|0#12|0,,,
83|135,0,0,0,0,0,0,0,0,0,0,0,0,0,0,0,0,,,,
128|96,0,0,0,0,0,0,0,0,0,0,0,0,0,0,0,0,,,,
2|27,0,0,0,0,0,0,0,0,0,0,0,0,0,0,0,0,,,,
19|82,0,0,0,0,0,0,0,0,0,0,0,0,0,0,0,0,,,,
26|51,0,0,0,0,0,0,0,0,0,0,0,0,0,0,0,0,,,,
104|12,0,0,0,0,0,0,0,0,0,0,0,0,0,0,0,0,,,,
58|127,0,0,0,0,0,0,0,0,0,0,0,0,0,0,0,0,,,,
142|34,0,0,0,0,0,2,0,0,0,0,0,0,0,1,0,0,,,0|0#1|0#2|0#3|0#4|0#5|0#6|0#7|0#8|0#9|0#10|0#11|0#12|0,
137|90,0,0,0,0,0,0,0,0,0,0,0,0,0,0,0,0,,,,
114|29,0,0,0,0,0,0,0,0,0,0,0,0,0,0,0,0,,,,
24|26,0,0,0,0,0,0,0,2,0,0,0,0,0,0,0,0,,,,
29|99,0,0,0,0,0,0,0,0,0,0,0,0,0,0,0,0,,,,
57|110,0,0,0,0,0,0,0,1,0,0,0,0,0,0,0,0,,,,
26|9,0,0,0,0,0,0,0,0,0,0,0,0,0,0,0,0,,,,
36|68,0,0,0,0,0,0,0,0,0,0,0,0,0,0,0,0,,,,
147|111,0,0,0,0,0,0,0,0,0,0,0,0,0,0,0,0,,,,
121|137,0,0,0,0,0,0,0,0,0,0,0,0,0,0,0,0,,,,
109|116,37,7,12,11,3,1,2,9,7,1,9,5,4,0,0,0,,,,
62|48,3,1,0,0,0,4,0,0,10,1,1,1,1,0,0,0,,,,
55|79,0,0,0,0,0,0,0,1,0,0,0,0,2,0,0,0,,,,
109|85,0,0,0,0,0,0,0,0,0,0,0,0,0,0,0,0,0|0#1|0#2|0#3|0#4|0#5|0#6|0#7|0#8|0#9|0#10|0#11|0#12|0,,0|0#1|0#2|0#3|0#4|0#5|0#6|0#7|0#8|0#9|0#10|0#11|0#12|0,
116|54,0,0,0,0,0,0,0,4,0,0,0,0,0,0,0,0,0|0#1|0#2|0#3|0#4|0#5|0#6|0#7|0#8|0#9|0#10|0#11|0#12|0,0|0#1|0#2|0#3|0#4|0#5|0#6|0#7|0#8|0#9|0#10|0#11|0#12|0,0|0#1|0#2|0#3|0#4|0#5|0#6|0#7|0#8|0#9|0#10|0#11|0#12|0,
33|20,1,1,0,0,0,0,1,1,0,0,0,0,0,0,0,0,,,,
96|122,0,0,0,0,0,0,0,0,0,0,0,0,0,0,0,0,,,,
148|128,0,0,0,0,0,0,0,0,0,0,0,0,0,0,0,0,,,,
97|139,0,0,0,0,1,1,0,0,4,0,2,0,0,0,0,0,,,,
123|23,0,1,1,1,0,0,0,0,0,0,0,1,0,0,0,0,0|0#1|0#2|0#3|0#4|0#5|0#6|0#7|0#8|0#9|0#10|0#11|0#12|0,,,0|0#1|0#2|0#3|0#4|0#5|0#6|0#7|0#8|0#9|0#10|0#11|0#12|0
19|115,0,0,0,0,0,0,0,0,0,0,0,0,0,0,0,0,,,,
52|7,0,0,0,0,0,0,0,0,0,0,0,0,0,0,0,0,,,,
111|2,0,0,0,0,0,1,0,1,0,0,0,0,0,0,0,0,,,,
120|120,0,0,1,0,2,1,1,0,1,0,0,4,0,0,0,0,,,,
4|52,0,0,0,0,0,0,0,0,0,0,0,0,0,0,0,0,,,,
52|31,0,0,0,0,0,0,0,0,0,0,0,0,0,0,0,0,,0|0#1|0#2|0#3|0#4|0#5|0#6|0#7|0#8|0#9|0#10|0#11|0#12|0,,0|0#1|0#2|0#3|0#4|0#5|0#6|0#7|0#8|0#9|0#10|0#11|0#12|0
71|42,0,0,0,0,0,0,0,0,0,0,0,0,0,0,0,0,,,0|0#1|0#2|0#3|0#4|0#5|0#6|0#7|0#8|0#9|0#10|0#11|0#12|0,
134|124,0,0,0,0,0,0,0,0,0,0,0,0,0,0,0,0,,,,
43|37,0,0,2,0,0,0,0,0,1,0,0,4,0,0,0,0,,,,
45|62,0,0,0,0,0,0,0,0,0,0,0,0,0,0,0,0,,,,
17|57,0,0,0,0,0,0,0,2,0,0,0,0,0,0,0,0,,,,
