68|17,0,0,0,0,0,0,0,0,0,0,0,0,0,0,0,0,,,,
0|97,0,0,0,0,0,0,0,0,0,0,0,0,0,0,0,0,,,,
10|54,0,0,0,0,0,0,0,0,0,0,0,0,0,0,0,0,,,,
11|116,0,0,0,0,0,0,0,0,0,0,0,0,0,0,0,0,,,,
31|90,0,1,0,0,0,0,0,2,0,0,0,0,0,0,0,0,,,,
101|117,0,0,0,0,0,0,0,0,0,0,0,0,0,0,0,0,,,,
112|9,0,0,0,0,0,0,0,0,0,0,0,0,0,0,0,0,,,,
2|113,0,0,0,0,0,0,0,0,0,0,0,0,0,0,0,0,,,,
112|99,0,0,0,0,0,0,0,0,1,0,0,0,0,0,0,0,,,0|0#1|0#2|0#3|0#4|0#5|0#6|0#7|0#8|0#9|0#10|0#11|0#12|0,
128|108,0,1,0,0,0,0,0,0,0,0,0,5,0,0,0,0,,,,
121|93,2,0,5,0,1,2,2,0,1,0,3,0,0,0,0,0,,,,
50|128,0,0,0,0,0,0,0,0,0,0,0,0,0,0,0,0,,,,
77|11,0,0,0,0,0,0,0,0,0,0,0,0,0,0,0,0,,,,
77|119,11,2,17,0,1,0,1,3,5,0,8,0,4,0,0,0,,,,
63|115,0,0,0,0,0,0,0,0,0,0,0,0,0,0,0,0,,,,
24|103,0,0,0,0,0,0,0,0,0,0,0,0,0,0,0,0,,,,
89|53,14,13,2,1,2,3,1,4,7,4,8,12,17,0,0,0,0|0#1|0#2|0#3|4#4|3#5|3#6|3#7|3#8|3#9|3#10|3#11|4#12|0,0|0#1|0#2|0#3|3#4|2#5|2#6|2#7|2#8|2#9|2#10|2#11|2#12|0,0|0#1|0#2|0#3|3#4|3#5|3#6|3#7|3#8|3#9|3#10|3#11|4#12|0,0|0#1|0#2|0#3|2#4|2#5|2#6|2#7|2#8|2#9|2#10|2#11|2#12|0
76|102,0,0,0,0,0,0,0,0,0,0,0,0,0,0,0,0,,,0|0#1|0#2|0#3|0#4|0#5|0#6|0#7|0#8|0#9|0#10|0#11|0#12|0,
114|104,0,0,0,0,0,0,0,0,0,0,0,0,0,0,0,0,,,,
87|28,0,0,0,0,0,0,0,0,0,0,0,0,0,0,0,0,,,,
22|96,0,0,0,0,0,0,0,0,0,0,0,0,0,0,0,0,,,,
100|57,111,63,178,21,23,9,16,32,6,22,111,133,37,0,0,0,0|0#1|0#2|0#3|4#4|4#5|4#6|4#7|4#8|4#9|4#10|4#11|4#12|0,0|0#1|0#2|0#3|4#4|4#5|4#6|4#7|4#8|4#9|4#10|4#11|4#12|0,0|0#1|0#2|0#3|4#4|4#5|4#6|4#7|4#8|4#9|4#10|4#11|4#12|0,0|0#1|0#2|0#3|4#4|4#5|4#6|4#7|4#8|4#9|4#10|4#11|4#12|0
100|100,0,0,0,0,0,0,0,0,0,0,0,0,0,0,0,0,,,,
139|0,0,0,0,0,0,0,0,0,0,0,0,0,0,0,0,0,,,,
38|107,0,0,0,0,0,0,0,0,0,0,0,0,0,0,0,0,,,,
96|22,1,0,0,2,0,1,0,0,0,0,0,0,0,0,0,0,0|0#1|0#2|0#3|0#4|0#5|0#6|0#7|0#8|0#9|0#10|0#11|0#12|0,0|0#1|0#2|0#3|0#4|0#5|0#6|0#7|0#8|0#9|0#10|0#11|0#12|0,0|0#1|0#2|0#3|0#4|0#5|0#6|0#7|0#8|0#9|0#10|0#11|0#12|0,0|0#1|0#2|0#3|0#4|0#5|0#6|0#7|0#8|0#9|0#10|0#11|0#12|0
140|129,0,0,0,0,0,0,0,0,0,0,0,0,0,0,0,0,,,,
102|82,0,0,0,0,0,0,0,5,0,0,0,0,0,0,0,0,,,,
