143|87,0,0,0,0,0,0,0,0,0,0,0,0,0,0,0,0,0|0#1|0#2|0#3|0#4|0#5|0#6|0#7|0#8|0#9|0#10|0#11|0#12|0,,,
8|129,0,0,0,0,0,0,0,0,0,0,0,0,0,0,0,0,,,,
32|48,0,0,0,0,0,0,0,0,0,0,0,0,0,0,0,0,,,,
60|53,0,0,0,0,0,0,0,0,0,0,0,0,0,0,0,0,,,,
16|115,0,0,0,0,0,0,0,0,0,0,0,0,0,0,0,0,,,,
106|116,2,0,0,0,0,0,0,0,1,0,0,2,0,0,0,0,,,,
41|123,0,0,0,0,0,0,0,0,0,0,0,0,0,0,0,0,,,,
41|42,3,0,8,1,3,3,0,2,6,0,8,3,0,0,0,0,,,,
124|76,0,0,0,0,0,0,0,0,0,0,0,0,0,0,0,0,,,,
150|56,0,0,0,0,0,0,0,0,0,0,0,0,0,0,0,0,,,,
72|95,0,0,0,0,0,0,0,0,0,0,0,0,0,0,0,0,,,,
67|1,0,0,0,0,0,0,0,0,0,0,0,0,0,0,0,0,,,,
152|81,0,0,0,0,0,0,0,0,0,0,0,0,0,0,0,0,,,,
68|114,0,0,0,0,0,0,0,0,0,0,0,0,0,0,0,0,,,,
80|135,0,0,0,0,0,0,0,2,0,0,0,0,0,0,0,0,,,,
0|32,0,0,0,0,0,0,0,0,0,0,0,0,0,0,0,0,,,,
15|62,0,0,0,0,0,0,0,0,0,0,0,0,0,0,0,0,,,,
13|37,0,0,0,0,0,0,0,0,0,0,0,0,0,0,0,0,,,,
133|70,0,0,0,0,0,0,0,0,0,0,0,0,0,0,0,0,0|0#1|0#2|0#3|0#4|0#5|0#6|0#7|0#8|0#9|0#10|0#11|0#12|0,0|0#1|0#2|0#3|0#4|0#5|0#6|0#7|0#8|0#9|0#10|0#11|0#12|0,0|0#1|0#2|0#3|0#4|0#5|0#6|0#7|0#8|0#9|0#10|0#11|0#12|0,
131|124,0,0,1,0,0,0,0,2,1,0,0,1,0,0,0,0,,,,
119|103,1,0,0,0,0,0,0,1,0,0,0,1,0,0,0,0,,,,
25|79,0,0,0,0,0,0,0,0,0,0,0,0,0,0,0,0,,,,
105|65,17,8,22,4,3,2,7,6,2,1,5,5,7,0,0,0,0|0#1|0#2|0#3|4#4|4#5|4#6|4#7|4#8|4#9|4#10|4#11|4#12|0,0|0#1|0#2|0#3|4#4|4#5|3#6|3#7|3#8|2#9|3#10|3#11|3#12|0,0|0#1|0#2|0#3|4#4|4#5|4#6|4#7|4#8|4#9|4#10|4#11|4#12|0,0|0#1|0#2|0#3|4#4|3#5|3#6|3#7|2#8|3#9|3#10|3#11|3#12|0
34|73,0,0,0,0,0,0,0,0,0,0,0,0,0,0,0,0,,,,
54|110,0,0,0,0,0,0,0,0,0,0,0,0,0,0,0,0,,,,
22|31,0,0,0,0,0,0,0,0,0,0,0,0,0,0,0,0,,,,
53|84,0,0,0,0,0,0,0,0,4,0,0,0,0,0,0,0,,,,
94|139,0,0,0,0,0,0,0,0,0,0,0,0,0,0,0,0,,,,
145|128,0,0,0,0,0,0,0,0,0,0,0,0,0,0,0,0,,,,
112|34,0,0,0,0,0,0,0,0,0,0,0,0,1,0,0,0,,,,
29|102,0,0,0,0,0,0,0,0,0,0,0,0,0,0,0,0,,,,
7|112,0,0,0,0,0,0,0,0,0,0,0,0,0,0,0,0,,,,
131|45,0,0,0,0,0,0,0,0,0,0,0,0,0,0,0,0,,,,
93|122,0,0,0,0,0,0,0,0,0,0,0,0,0,0,0,0,,,,
51|59,1,0,1,0,0,0,1,2,0,0,1,1,1,0,0,0,,,,
107|90,0,0,1,0,0,0,1,0,0,0,0,1,1,0,0,0,,0|0#1|0#2|0#3|0#4|0#5|0#6|0#7|0#8|0#9|0#10|0#11|0#12|0,,0|0#1|0#2|0#3|0#4|0#5|0#6|0#7|0#8|0#9|0#10|0#11|0#12|0
144|111,0,0,0,0,0,0,0,0,0,0,0,0,0,0,0,0,,,,
55|127,0,0,0,0,0,0,0,0,0,0,0,0,0,0,0,0,,,,
