77|19,0,0,0,0,0,0,0,0,0,0,0,0,0,0,0,0,,,,
79|140,0,0,0,0,0,0,0,0,0,0,0,0,0,0,0,0,,,,
130|95,0,0,0,0,0,0,0,0,0,0,0,0,0,0,0,0,,,,
21|81,0,0,0,0,0,0,0,0,0,0,0,0,0,0,0,0,,,,
10|107,0,0,0,0,0,0,0,0,0,0,0,0,0,0,0,0,,,,
100|108,0,0,0,0,0,0,0,0,0,0,0,0,0,0,0,0,,,,
1|104,0,0,0,0,0,0,0,0,0,0,0,0,0,0,0,0,,,,
152|107,0,0,0,0,0,0,0,0,0,0,0,0,0,0,0,0,,,,
12|87,0,0,0,0,0,0,0,0,0,0,0,0,0,0,0,0,,,,
27|141,0,0,0,0,0,0,0,0,0,0,0,0,0,0,0,0,,,,
35|1,0,0,0,0,0,0,0,0,0,0,0,0,0,0,0,0,,,,
111|84,1,0,2,0,0,0,0,0,1,0,0,4,1,0,0,0,0|0#1|0#2|0#3|0#4|0#5|0#6|0#7|0#8|0#9|0#10|0#11|0#12|0,0|0#1|0#2|0#3|0#4|0#5|0#6|0#7|0#8|0#9|0#10|0#11|0#12|0,0|0#1|0#2|0#3|0#4|0#5|0#6|0#7|0#8|0#9|0#10|0#11|0#12|0,0|0#1|0#2|0#3|0#4|0#5|0#6|0#7|0#8|0#9|0#10|0#11|0#12|0
86|13,0,0,0,0,0,0,0,0,0,0,0,0,0,0,0,0,,,,
117|142,0,0,0,0,0,0,0,0,0,0,0,0,0,0,0,0,,,,
62|106,0,0,2,0,0,0,0,1,0,0,0,15,0,0,0,0,,,,
139|8,0,0,0,0,0,0,0,0,0,0,0,0,0,0,0,0,,,,
31|98,0,0,0,0,0,0,0,0,0,0,0,0,0,0,0,0,,,,
79|44,0,0,0,0,0,0,0,0,1,0,0,0,0,0,0,0,0|0#1|0#2|0#3|0#4|0#5|0#6|0#7|0#8|0#9|0#10|0#11|0#12|0,,0|0#1|0#2|0#3|0#4|0#5|0#6|0#7|0#8|0#9|0#10|0#11|0#12|0,
98|55,67,7,24,4,14,20,12,8,4,30,17,173,23,2,0,0,0|0#1|0#2|0#3|4#4|4#5|4#6|4#7|4#8|4#9|4#10|4#11|4#12|0,0|0#1|0#2|0#3|3#4|4#5|4#6|4#7|4#8|4#9|4#10|4#11|4#12|0,0|0#1|0#2|0#3|4#4|4#5|4#6|4#7|4#8|4#9|4#10|4#11|4#12|0,0|0#1|0#2|0#3|4#4|4#5|4#6|4#7|4#8|4#9|4#10|4#11|4#12|0
40|92,0,0,0,0,0,0,0,0,0,0,0,0,0,0,0,0,,,,
