41|94,0,0,0,0,0,0,0,0,0,0,0,0,0,0,0,0,,,,
115|108,0,0,0,0,0,1,0,0,1,0,0,0,0,0,0,0,,,,
13|89,0,0,0,0,0,0,0,0,0,0,0,0,0,0,0,0,,,,
3|117,0,0,0,0,0,0,0,0,0,0,0,0,0,0,0,0,,,,
25|107,0,0,0,0,0,0,0,0,0,0,0,0,0,0,0,0,,,,
63|102,0,0,1,0,0,1,0,0,0,0,0,0,0,0,0,0,,,,
121|80,0,1,0,0,0,2,0,0,1,0,0,0,0,0,0,0,,,,
131|97,0,0,0,0,0,0,0,0,0,0,0,0,0,0,0,0,,,,
19|5,0,0,0,0,0,0,0,0,0,0,0,0,0,0,0,0,,,,
0|84,0,0,0,0,0,0,0,0,0,0,0,0,0,0,0,0,,,,
99|57,116,40,137,8,25,6,31,26,5,19,75,74,51,5,0,0,0|0#1|0#2|0#3|4#4|4#5|4#6|4#7|4#8|4#9|4#10|4#11|4#12|0,0|0#1|0#2|0#3|4#4|4#5|4#6|4#7|4#8|4#9|4#10|4#11|4#12|0,0|0#1|0#2|0#3|4#4|4#5|4#6|4#7|4#8|4#9|4#10|4#11|4#12|0,0|0#1|0#2|0#3|4#4|4#5|4#6|4#7|4#8|4#9|4#10|4#11|4#12|0
140|91,0,0,3,0,1,2,1,1,1,0,1,2,1,0,0,0,,,,
77|106,0,0,0,0,0,0,0,0,0,0,0,0,0,0,0,0,,,,
64|119,0,0,0,0,0,0,0,0,0,0,0,0,0,0,0,0,,,,
2|100,0,0,0,0,0,0,0,0,0,0,0,0,0,0,0,0,,,,
71|1,0,0,0,0,0,0,0,0,0,0,0,0,0,0,0,0,,,,
100|44,12,7,14,1,3,0,0,3,0,0,7,2,5,0,0,0,0|0#1|0#2|0#3|0#4|0#5|0#6|0#7|0#8|0#9|0#10|1#11|1#12|0,0|0#1|0#2|0#3|0#4|0#5|0#6|0#7|0#8|0#9|0#10|0#11|0#12|0,0|0#1|0#2|0#3|0#4|0#5|0#6|0#7|0#8|0#9|0#10|1#11|1#12|0,0|0#1|0#2|0#3|0#4|0#5|0#6|0#7|0#8|0#9|0#10|0#11|0#12|0
11|103,0,0,0,0,0,0,0,0,0,0,0,0,0,0,0,0,,,,
4|2,0,0,0,0,0,0,0,0,0,0,0,0,0,0,0,0,,,,
101|104,0,0,0,0,0,0,0,0,0,0,0,0,0,0,0,0,,,,
112|86,0,0,13,0,0,0,0,0,0,0,1,7,1,0,0,0,,,0|0#1|0#2|0#3|0#4|0#5|0#6|0#7|0#8|0#9|0#10|0#11|0#12|0,
50|115,0,0,0,0,0,0,0,0,0,0,0,0,0,0,0,0,,,,
140|116,0,0,0,0,0,0,0,0,0,0,0,0,0,0,0,0,,,,
87|15,0,0,0,0,0,0,0,0,0,0,0,0,0,0,0,0,,,,
45|3,0,0,0,0,0,0,0,0,0,0,0,0,1,0,0,0,,,,
89|40,0,0,0,0,0,0,0,0,0,0,0,0,0,0,0,0,0|0#1|0#2|0#3|0#4|0#5|0#6|0#7|0#8|0#9|0#10|0#11|0#12|0,,0|0#1|0#2|0#3|0#4|0#5|0#6|0#7|0#8|0#9|0#10|0#11|0#12|0,
10|41,0,0,0,0,0,0,0,0,0,0,0,0,0,0,0,0,,,,
22|83,0,0,0,0,0,0,0,0,0,0,0,0,0,0,0,0,,,,
20|58,0,0,0,0,0,0,0,0,0,0,0,0,0,0,0,0,,,,
