140|35,0,0,0,0,0,0,0,0,0,0,0,0,0,0,0,0,0|0#1|0#2|0#3|0#4|0#5|0#6|0#7|0#8|0#9|0#10|0#11|0#12|0,0|0#1|0#2|0#3|0#4|0#5|0#6|0#7|0#8|0#9|0#10|0#11|0#12|0,0|0#1|0#2|0#3|0#4|0#5|0#6|0#7|0#8|0#9|0#10|0#11|0#12|0,0|0#1|0#2|0#3|0#4|0#5|0#6|0#7|0#8|0#9|0#10|0#11|0#12|0
144|107,0,0,0,0,0,0,0,0,0,0,0,0,0,0,0,0,,,,
40|102,0,0,0,0,0,0,0,0,0,0,0,0,0,0,0,0,,,,
81|85,0,0,0,0,0,0,0,0,0,0,0,0,1,0,0,0,0|0#1|0#2|0#3|0#4|0#5|0#6|0#7|0#8|0#9|0#10|0#11|0#12|0,,0|0#1|0#2|0#3|0#4|0#5|0#6|0#7|0#8|0#9|0#10|0#11|0#12|0,
36|94,0,0,0,0,0,0,0,0,0,0,0,0,0,0,0,0,,,,
43|63,0,0,0,0,0,0,0,0,0,0,0,0,0,0,0,0,,,,
114|55,0,0,0,0,0,0,0,0,0,0,0,0,0,0,0,0,0|0#1|0#2|0#3|0#4|0#5|0#6|0#7|0#8|0#9|0#10|0#11|0#12|0,,0|0#1|0#2|0#3|0#4|0#5|0#6|0#7|0#8|0#9|0#10|0#11|0#12|0,0|0#1|0#2|0#3|0#4|0#5|0#6|0#7|0#8|0#9|0#10|0#11|0#12|0
7|108,0,0,0,0,0,0,0,0,0,0,0,0,0,0,0,0,,,,
24|52,0,0,0,0,0,0,0,0,0,0,0,0,0,0,0,0,,,,
12|10,0,0,0,0,0,0,0,0,0,0,0,0,0,0,0,0,,,,
107|86,0,0,4,0,0,0,1,0,0,0,0,1,0,0,0,0,,,0|0#1|0#2|0#3|0#4|0#5|0#6|0#7|0#8|0#9|0#10|0#11|0#12|0,
126|97,0,0,6,0,2,1,1,2,7,0,3,3,1,0,0,0,,,,
32|8,0,0,0,0,0,0,0,0,0,0,0,1,0,0,0,0,,,,
31|21,0,0,0,0,0,0,0,0,0,0,0,0,0,0,0,0,,,,
130|103,0,0,0,0,0,0,0,0,0,0,0,0,0,0,0,0,,,,
17|83,0,0,0,0,0,0,0,0,0,0,0,0,0,0,0,0,,,,
62|74,0,0,0,0,0,0,0,0,0,0,0,0,0,0,0,0,,,,
2|53,0,0,0,0,0,0,0,0,0,0,0,0,0,0,0,0,,,,
22|27,0,0,0,0,0,1,1,0,1,0,1,0,0,0,0,0,,,,
135|91,0,0,0,0,0,0,0,0,0,0,0,0,0,0,0,0,,,,
121|24,0,0,0,0,0,0,0,0,0,0,0,0,0,0,0,0,,,,
41|119,0,0,0,0,0,0,0,0,0,0,0,0,0,0,0,0,,,,
0|28,0,0,0,0,0,0,0,0,0,0,0,0,0,0,0,0,,,,
34|69,0,0,0,0,0,0,0,0,0,0,0,0,0,0,0,0,,,,
41|38,0,0,0,0,0,0,0,0,0,0,0,0,0,0,0,0,0|0#1|0#2|0#3|0#4|0#5|0#6|0#7|0#8|0#9|0#10|0#11|0#12|0,,0|0#1|0#2|0#3|0#4|0#5|0#6|0#7|0#8|0#9|0#10|0#11|0#12|0,0|0#1|0#2|0#3|0#4|0#5|0#6|0#7|0#8|0#9|0#10|0#11|0#12|0
15|58,0,0,0,0,0,0,0,0,0,0,0,0,0,0,0,0,,,,
92|101,0,0,0,0,0,0,1,0,0,0,0,0,0,0,0,0,0|0#1|0#2|0#3|0#4|0#5|0#6|0#7|0#8|0#9|0#10|0#11|0#12|0,0|0#1|0#2|0#3|0#4|0#5|0#6|0#7|0#8|0#9|0#10|0#11|0#12|0,0|0#1|0#2|0#3|0#4|0#5|0#6|0#7|0#8|0#9|0#10|0#11|0#12|0,0|0#1|0#2|0#3|0#4|0#5|0#6|0#7|0#8|0#9|0#10|0#11|0#12|0
19|141,0,0,0,0,0,0,0,0,0,0,0,0,0,0,0,0,,,,
93|118,0,0,0,0,0,0,0,0,0,0,0,0,0,0,0,0,,,,
54|106,0,0,0,0,0,0,0,0,0,0,0,0,0,0,0,0,,,,
60|49,0,1,0,0,0,0,0,0,0,0,0,0,0,0,0,0,,,,
109|142,0,0,0,0,0,0,0,0,0,0,0,0,0,0,0,0,,,,
116|80,6,0,1,0,0,0,0,0,0,0,0,1,0,0,0,0,0|0#1|0#2|0#3|0#4|0#5|0#6|0#7|0#8|0#9|0#10|0#11|0#12|0,,0|0#1|0#2|0#3|0#4|0#5|0#6|0#7|0#8|0#9|0#10|0#11|0#12|0,
152|77,0,0,0,0,0,0,0,0,0,0,0,0,0,0,0,0,,,,
133|66,0,0,0,0,0,0,0,0,0,0,0,0,0,0,0,0,0|0#1|0#2|0#3|0#4|0#5|0#6|0#7|0#8|0#9|0#10|0#11|0#12|0,,,
142|60,0,0,0,0,0,0,0,0,0,0,0,0,0,0,0,0,0|0#1|0#2|0#3|0#4|0#5|0#6|0#7|0#8|0#9|0#10|0#11|0#12|0,,0|0#1|0#2|0#3|0#4|0#5|0#6|0#7|0#8|0#9|0#10|0#11|0#12|0,0|0#1|0#2|0#3|0#4|0#5|0#6|0#7|0#8|0#9|0#10|0#11|0#12|0
50|32,0,0,0,0,0,0,0,0,0,0,0,0,0,0,0,0,,,,
102|13,0,0,0,0,0,0,0,0,0,0,0,0,0,0,0,0,,,,
