8|54,0,0,0,0,0,0,0,0,0,0,0,0,0,0,0,0,,,,
82|13,0,0,0,0,0,0,0,0,0,0,0,0,0,0,0,0,,,,
146|36,0,0,0,0,0,0,0,0,0,0,0,0,0,0,0,0,0|0#1|0#2|0#3|0#4|0#5|0#6|0#7|0#8|0#9|0#10|0#11|0#12|0,,0|0#1|0#2|0#3|0#4|0#5|0#6|0#7|0#8|0#9|0#10|0#11|0#12|0,
96|80,0,3,9,0,0,3,0,0,0,0,0,8,2,0,0,0,0|0#1|0#2|0#3|0#4|0#5|0#6|0#7|0#8|0#9|0#10|0#11|0#12|0,0|0#1|0#2|0#3|0#4|0#5|0#6|0#7|0#8|0#9|0#10|0#11|0#12|0,0|0#1|0#2|0#3|0#4|0#5|0#6|0#7|0#8|0#9|0#10|0#11|0#12|0,0|0#1|0#2|0#3|0#4|0#5|0#6|0#7|0#8|0#9|0#10|0#11|0#12|0
137|106,1,0,1,0,1,0,0,0,1,0,4,1,2,0,0,0,,,,
87|86,0,0,0,0,0,0,0,0,0,0,0,0,0,0,0,0,,,,
148|61,0,0,0,0,0,0,0,0,0,0,0,0,0,0,0,0,0|0#1|0#2|0#3|0#4|0#5|0#6|0#7|0#8|0#9|0#10|0#11|0#12|0,,0|0#1|0#2|0#3|0#4|0#5|0#6|0#7|0#8|0#9|0#10|0#11|0#12|0,
28|28,0,1,0,0,0,0,0,0,0,0,1,0,1,0,0,0,,,,
33|101,0,0,0,0,0,0,0,0,0,0,0,0,0,0,0,0,,,,
20|114,0,0,0,0,0,0,0,0,0,0,0,0,0,0,0,0,,,,
92|9,0,0,0,0,0,0,0,0,0,0,0,0,0,0,0,0,,,,
75|44,0,0,0,0,0,0,0,1,0,0,0,0,2,0,0,0,,,,
94|55,11,0,16,2,0,0,1,3,1,0,3,8,12,0,0,0,0|0#1|0#2|0#3|3#4|2#5|2#6|2#7|1#8|2#9|2#10|2#11|1#12|0,0|0#1|0#2|0#3|2#4|1#5|0#6|0#7|0#8|0#9|0#10|0#11|0#12|0,0|0#1|0#2|0#3|3#4|2#5|2#6|1#7|1#8|2#9|1#10|1#11|1#12|0,0|0#1|0#2|0#3|2#4|0#5|0#6|0#7|0#8|0#9|0#10|0#11|0#12|0
6|29,0,0,0,0,0,0,0,0,0,0,0,0,0,0,0,0,,,,
139|67,0,0,0,0,0,0,0,0,0,0,0,0,0,0,0,0,0|0#1|0#2|0#3|0#4|0#5|0#6|0#7|0#8|0#9|0#10|0#11|0#12|0,,0|0#1|0#2|0#3|0#4|0#5|0#6|0#7|0#8|0#9|0#10|0#11|0#12|0,
72|113,0,0,0,0,0,0,1,0,1,0,1,0,1,0,0,0,,,,
85|100,7,0,5,15,0,3,1,2,1,0,1,2,3,0,1,0,0|0#1|0#2|0#3|0#4|0#5|0#6|0#7|0#8|0#9|0#10|0#11|0#12|0,,0|0#1|0#2|0#3|0#4|0#5|0#6|0#7|0#8|0#9|0#10|0#11|0#12|0,
86|117,0,0,0,0,0,0,0,9,1,0,0,0,0,0,0,0,,,,
68|75,0,0,0,0,0,1,0,0,1,0,0,0,1,0,0,0,0|0#1|0#2|0#3|0#4|0#5|0#6|0#7|0#8|0#9|0#10|0#11|0#12|0,,0|0#1|0#2|0#3|0#4|0#5|0#6|0#7|0#8|0#9|0#10|0#11|0#12|0,
151|4,0,0,0,0,0,0,0,0,3,0,0,9,0,0,0,0,,,,
56|33,0,0,0,0,0,0,0,0,0,0,0,0,0,0,0,0,,,0|0#1|0#2|0#3|0#4|0#5|0#6|0#7|0#8|0#9|0#10|0#11|0#12|0,
99|104,0,0,0,0,0,0,0,0,0,0,0,0,0,0,0,0,,0|0#1|0#2|0#3|0#4|0#5|0#6|0#7|0#8|0#9|0#10|0#11|0#12|0,,0|0#1|0#2|0#3|0#4|0#5|0#6|0#7|0#8|0#9|0#10|0#11|0#12|0
73|19,0,0,0,0,0,0,0,0,0,0,0,0,0,0,0,0,,,,
108|14,0,0,0,0,0,0,0,0,0,0,0,0,1,0,0,0,,,,
47|105,0,0,0,0,0,0,0,0,0,0,0,0,0,0,0,0,,,,
18|11,0,0,0,0,0,0,0,0,0,0,0,0,0,0,0,0,,,,
124|119,0,0,0,0,0,0,0,0,0,0,0,0,0,0,0,0,,,,
125|6,0,0,0,0,0,0,0,0,0,0,0,0,0,0,0,0,,,,
34|118,0,0,0,0,0,0,0,0,0,0,0,0,0,0,0,0,,,,
37|22,0,0,0,0,0,0,0,0,0,0,0,0,0,0,0,0,,,,
47|39,0,0,0,0,0,0,0,0,0,0,0,0,0,0,0,0,,,,
49|64,2,0,3,1,0,2,1,1,6,0,1,1,1,0,0,0,,,,
127|25,0,0,0,0,0,0,0,0,0,0,0,0,0,0,0,0,,,,
110|115,130,43,137,6,32,17,8,18,35,15,96,47,9,1,0,0,,,,
129|50,0,0,0,0,0,0,0,0,0,0,0,0,0,0,0,0,,,,
123|102,0,0,0,0,0,0,0,0,0,0,0,0,1,0,0,0,,,,
