65|22,0,0,0,0,0,0,0,0,0,0,0,0,0,0,0,0,,,,
113|140,30,8,19,3,4,1,2,3,0,0,8,1,1,0,0,0,,,,
129|45,0,0,0,0,0,0,0,2,0,0,0,0,0,0,0,0,,0|0#1|0#2|0#3|0#4|0#5|0#6|0#7|0#8|0#9|0#10|0#11|0#12|0,,0|0#1|0#2|0#3|0#4|0#5|0#6|0#7|0#8|0#9|0#10|0#11|0#12|0
75|39,3,0,1,0,0,0,0,0,1,0,0,1,0,0,0,0,,0|0#1|0#2|0#3|0#4|0#5|0#6|0#7|0#8|0#9|0#10|0#11|0#12|0,,
8|49,0,0,0,0,0,0,0,0,0,0,0,0,0,0,0,0,,,,
56|28,0,0,0,0,0,0,0,0,0,0,0,0,0,0,0,0,,,,
148|56,0,0,0,0,0,0,0,0,0,0,0,0,0,0,0,0,0|0#1|0#2|0#3|0#4|0#5|0#6|0#7|0#8|0#9|0#10|0#11|0#12|0,,0|0#1|0#2|0#3|0#4|0#5|0#6|0#7|0#8|0#9|0#10|0#11|0#12|0,
37|17,0,0,0,0,0,0,0,0,0,0,0,0,0,0,0,0,,,,
20|109,0,0,0,0,0,0,0,0,0,0,0,0,0,0,0,0,,,,
39|42,0,0,0,0,0,0,0,0,0,0,0,0,0,0,0,0,,,,
84|6,0,0,0,0,0,0,0,0,0,0,0,0,0,0,0,0,,,,
77|64,39,21,50,11,1,6,2,14,2,0,10,1,18,0,0,0,0|0#1|0#2|0#3|0#4|0#5|0#6|0#7|0#8|0#9|0#10|0#11|0#12|0,0|0#1|0#2|0#3|0#4|0#5|0#6|0#7|0#8|0#9|0#10|0#11|0#12|0,0|0#1|0#2|0#3|0#4|0#5|0#6|0#7|0#8|0#9|0#10|0#11|0#12|0,0|0#1|0#2|0#3|0#4|0#5|0#6|0#7|0#8|0#9|0#10|0#11|0#12|0
89|142,0,0,0,0,0,0,0,0,0,0,0,0,0,0,0,0,,,,
96|75,3,0,12,0,0,1,1,1,1,0,0,5,0,0,0,0,0|0#1|0#2|0#3|1#4|0#5|0#6|0#7|0#8|0#9|0#10|0#11|0#12|0,0|0#1|0#2|0#3|0#4|0#5|0#6|0#7|0#8|0#9|0#10|0#11|0#12|0,0|0#1|0#2|0#3|1#4|0#5|0#6|0#7|0#8|0#9|0#10|0#11|0#12|0,0|0#1|0#2|0#3|0#4|0#5|0#6|0#7|0#8|0#9|0#10|0#11|0#12|0
49|59,0,0,0,0,0,0,0,0,0,0,0,0,0,0,0,0,,,,
58|53,0,0,0,0,0,0,0,0,0,0,0,1,0,0,0,0,0|0#1|0#2|0#3|0#4|0#5|0#6|0#7|0#8|0#9|0#10|0#11|0#12|0,,0|0#1|0#2|0#3|0#4|0#5|0#6|0#7|0#8|0#9|0#10|0#11|0#12|0,
72|108,0,0,0,0,0,0,0,0,0,0,0,0,0,0,0,0,,,,
136|14,0,0,0,0,0,0,0,0,0,0,0,0,0,0,0,0,,,,
143|1,0,0,0,0,0,0,0,0,0,0,0,0,0,0,0,0,,,,
117|3,0,0,0,0,0,0,0,0,0,0,0,0,0,0,0,0,,,,
84|33,0,0,0,0,0,0,0,0,0,0,0,2,1,0,0,0,,,,
37|143,0,0,0,0,0,0,0,0,0,0,0,0,0,0,0,0,,,,
58|8,0,0,0,0,0,0,0,0,0,0,0,0,0,0,0,0,,,,
46|11,107,38,448,3,28,24,13,25,69,10,89,22,47,0,4,0,,,,
127|144,0,0,0,0,0,0,0,0,0,0,0,0,0,0,0,0,,,,
