136|109,0,0,0,0,0,0,0,0,0,0,0,0,0,0,0,0,,,,
82|6,0,0,0,0,0,0,0,0,0,0,0,0,0,0,0,0,,,,
107|11,0,0,0,0,0,0,0,0,0,0,0,0,3,0,0,0,,,,
115|3,0,0,0,0,0,0,0,0,0,0,0,0,0,0,0,0,,,,
7|51,0,0,0,0,0,0,0,0,0,0,0,0,0,0,0,0,,,,
141|1,0,0,0,0,0,0,0,0,0,0,0,0,0,0,0,0,,,,
46|108,0,0,0,0,0,0,0,0,0,0,0,0,0,0,0,0,,,,
98|107,0,1,1,0,0,1,1,0,2,0,1,0,0,0,0,0,,,,
32|104,0,0,0,0,0,0,0,0,0,0,0,0,0,0,0,0,,,,
65|47,0,0,0,0,0,0,0,0,0,0,0,0,0,0,0,0,,,0|0#1|0#2|0#3|0#4|0#5|0#6|0#7|0#8|0#9|0#10|0#11|0#12|0,
145|33,212,56,478,6,40,44,30,137,61,14,177,56,8,1,1,0,0|0#1|0#2|0#3|0#4|0#5|0#6|0#7|0#8|0#9|0#10|0#11|0#12|0,0|0#1|0#2|0#3|0#4|0#5|0#6|0#7|0#8|0#9|0#10|0#11|0#12|0,0|0#1|0#2|0#3|0#4|0#5|0#6|0#7|0#8|0#9|0#10|0#11|0#12|0,0|0#1|0#2|0#3|0#4|0#5|0#6|0#7|0#8|0#9|0#10|0#11|0#12|0
72|16,0,0,0,0,0,0,0,0,0,0,0,0,0,0,0,0,,,,
86|83,0,0,0,0,0,0,0,0,0,0,0,0,0,0,0,0,0|0#1|0#2|0#3|0#4|0#5|0#6|0#7|0#8|0#9|0#10|0#11|0#12|0,,,
138|64,0,0,0,0,0,0,0,0,0,0,0,0,0,0,0,0,,,,
39|67,0,0,0,0,0,0,0,0,0,0,0,0,0,0,0,0,,,,
93|52,36,10,21,10,0,5,2,4,4,9,10,6,2,0,0,0,0|0#1|0#2|0#3|4#4|4#5|4#6|4#7|4#8|4#9|4#10|4#11|4#12|0,0|0#1|0#2|0#3|3#4|3#5|3#6|2#7|2#8|2#9|2#10|2#11|3#12|0,0|0#1|0#2|0#3|4#4|4#5|4#6|4#7|4#8|4#9|4#10|4#11|4#12|0,0|0#1|0#2|0#3|3#4|3#5|3#6|2#7|2#8|2#9|2#10|2#11|3#12|0
46|36,0,0,0,0,0,0,0,0,0,0,0,0,0,0,0,0,,,,
117|28,0,0,0,0,0,0,0,0,0,0,0,0,0,0,0,0,,,,
58|78,0,0,0,0,0,0,0,0,0,0,0,0,0,0,0,0,,,,
67|72,0,0,0,0,0,0,0,0,0,0,0,0,0,0,0,0,0|0#1|0#2|0#3|0#4|0#5|0#6|0#7|0#8|0#9|0#10|0#11|0#12|0,,0|0#1|0#2|0#3|0#4|0#5|0#6|0#7|0#8|0#9|0#10|0#11|0#12|0,
81|10,121,34,270,2,16,15,6,64,21,3,61,16,1,0,0,0,,,,
84|58,52,21,114,9,2,11,5,11,7,0,29,37,5,0,0,0,0|0#1|0#2|0#3|4#4|3#5|1#6|1#7|2#8|2#9|2#10|2#11|2#12|0,0|0#1|0#2|0#3|3#4|2#5|1#6|0#7|0#8|0#9|1#10|2#11|0#12|0,0|0#1|0#2|0#3|4#4|1#5|2#6|1#7|2#8|2#9|2#10|2#11|2#12|0,0|0#1|0#2|0#3|2#4|2#5|0#6|0#7|0#8|0#9|2#10|1#11|0#12|0
122|105,0,0,0,0,0,0,0,0,0,0,0,0,0,0,0,0,,,,
91|27,0,0,0,0,0,0,0,0,0,0,0,0,0,0,0,0,,,,
136|39,0,0,0,0,0,0,0,0,0,0,0,0,0,0,0,0,,,,
5|26,0,0,0,0,0,0,0,0,0,0,0,0,0,0,0,0,,,,
84|103,1,0,0,0,0,0,0,0,0,0,0,0,0,0,0,0,,,,
119|53,124,44,133,38,11,17,5,24,9,2,82,18,22,0,0,0,0|0#1|0#2|0#3|0#4|0#5|0#6|0#7|0#8|0#9|0#10|0#11|0#12|0,0|0#1|0#2|0#3|0#4|0#5|0#6|0#7|0#8|0#9|0#10|0#11|0#12|0,0|0#1|0#2|0#3|0#4|0#5|0#6|0#7|0#8|0#9|0#10|0#11|0#12|0,0|0#1|0#2|0#3|0#4|0#5|0#6|0#7|0#8|0#9|0#10|0#11|0#12|0
27|25,0,0,0,0,0,0,0,0,0,0,0,0,0,0,0,0,,,,
77|89,0,0,0,0,0,0,0,0,0,0,0,0,0,0,0,0,0|0#1|0#2|0#3|0#4|0#5|0#6|0#7|0#8|0#9|0#10|0#11|0#12|0,0|0#1|0#2|0#3|0#4|0#5|0#6|0#7|0#8|0#9|0#10|0#11|0#12|0,0|0#1|0#2|0#3|0#4|0#5|0#6|0#7|0#8|0#9|0#10|0#11|0#12|0,0|0#1|0#2|0#3|0#4|0#5|0#6|0#7|0#8|0#9|0#10|0#11|0#12|0
48|61,0,0,0,0,0,0,0,0,0,0,0,0,0,0,0,0,,,,
56|8,0,0,0,0,0,0,0,0,0,0,0,0,0,0,0,0,,,,
126|22,0,0,0,0,0,0,0,0,0,0,0,0,0,0,0,0,,,,
29|50,0,0,0,0,0,0,0,0,0,0,0,0,0,0,0,0,,,,
71|116,0,0,0,0,0,0,0,0,0,0,0,0,0,0,0,0,,,,
55|30,0,0,0,0,0,0,0,0,0,0,0,0,0,0,1,0,,,,
74|41,0,0,0,0,0,0,0,0,1,0,0,0,0,0,0,0,,,,
