91|4,0,0,0,0,0,0,0,0,0,0,0,0,0,0,0,0,,,,
31|55,0,0,0,0,0,0,0,0,0,0,0,0,0,0,0,0,,,,
66|110,0,2,2,0,0,1,1,0,0,0,2,0,0,0,0,0,,,,
24|86,0,0,0,0,0,0,0,0,0,0,0,0,0,0,0,0,,,,
53|123,0,0,0,0,0,0,0,0,0,0,0,0,0,0,0,0,,,,
123|83,0,0,0,0,0,0,0,0,0,0,0,0,2,0,0,0,0|0#1|0#2|0#3|0#4|0#5|0#6|0#7|0#8|0#9|0#10|0#11|0#12|0,0|0#1|0#2|0#3|0#4|0#5|0#6|0#7|0#8|0#9|0#10|0#11|0#12|0,0|0#1|0#2|0#3|0#4|0#5|0#6|0#7|0#8|0#9|0#10|0#11|0#12|0,0|0#1|0#2|0#3|0#4|0#5|0#6|0#7|0#8|0#9|0#10|0#11|0#12|0
43|97,0,0,0,0,0,0,0,0,0,0,0,0,0,0,0,0,,,,
52|91,0,0,0,0,0,0,0,0,0,0,0,0,0,0,0,0,,0|0#1|0#2|0#3|0#4|0#5|0#6|0#7|0#8|0#9|0#10|0#11|0#12|0,,0|0#1|0#2|0#3|0#4|0#5|0#6|0#7|0#8|0#9|0#10|0#11|0#12|0
104|72,2,0,0,0,3,1,18,0,0,0,2,0,2,0,0,0,0|0#1|0#2|0#3|2#4|0#5|0#6|0#7|0#8|0#9|2#10|2#11|2#12|0,0|0#1|0#2|0#3|0#4|0#5|0#6|0#7|0#8|0#9|0#10|0#11|0#12|0,0|0#1|0#2|0#3|1#4|0#5|0#6|0#7|0#8|1#9|2#10|2#11|2#12|0,0|0#1|0#2|0#3|0#4|0#5|0#6|0#7|0#8|0#9|0#10|0#11|0#12|0
6|125,0,0,0,0,0,0,0,0,0,0,0,0,0,0,0,0,,,,
2|87,0,0,0,0,0,0,0,0,0,0,0,0,0,0,0,0,,,,
28|115,0,0,0,0,0,0,0,0,0,0,0,0,0,0,0,0,,,,
130|52,0,0,0,0,0,0,0,0,0,0,0,0,0,0,0,0,,,,
121|58,0,0,0,0,0,1,0,0,0,0,0,0,0,0,0,0,0|0#1|0#2|0#3|0#4|0#5|0#6|0#7|0#8|0#9|0#10|0#11|0#12|0,0|0#1|0#2|0#3|0#4|0#5|0#6|0#7|0#8|0#9|0#10|0#11|0#12|0,0|0#1|0#2|0#3|0#4|0#5|0#6|0#7|0#8|0#9|0#10|0#11|0#12|0,
67|127,0,0,0,0,0,0,0,0,0,0,0,0,0,0,0,0,,,,
114|89,0,0,0,0,0,0,0,0,0,0,0,1,1,0,0,0,0|0#1|0#2|0#3|0#4|0#5|0#6|0#7|0#8|0#9|0#10|0#11|0#12|0,0|0#1|0#2|0#3|0#4|0#5|0#6|0#7|0#8|0#9|0#10|0#11|0#12|0,0|0#1|0#2|0#3|0#4|0#5|0#6|0#7|0#8|0#9|0#10|0#11|0#12|0,0|0#1|0#2|0#3|0#4|0#5|0#6|0#7|0#8|0#9|0#10|0#11|0#12|0
124|1,0,0,0,0,0,0,0,0,0,0,0,0,0,0,0,0,,,,
15|128,0,0,0,0,0,0,0,0,0,0,0,0,0,0,0,0,,,,
98|12,0,0,0,0,0,0,0,0,0,0,0,0,0,0,0,0,,,,
92|135,0,0,0,0,0,0,0,0,0,0,0,0,0,0,0,0,,,,
40|136,0,0,0,0,0,0,0,0,0,0,0,0,0,0,0,0,,,,
130|137,0,0,0,0,0,0,0,1,0,0,0,0,0,0,0,0,,,,
140|69,0,0,0,0,0,0,0,0,0,0,0,0,0,0,0,0,,,,
12|44,0,0,0,0,0,0,0,0,0,0,0,0,0,0,0,0,,,,
50|66,0,0,0,0,0,0,0,1,0,0,0,0,0,0,0,0,,,0|0#1|0#2|0#3|0#4|0#5|0#6|0#7|0#8|0#9|0#10|0#11|0#12|0,
102|47,0,0,0,0,0,0,0,0,0,0,0,0,0,0,0,0,,,,0|0#1|0#2|0#3|0#4|0#5|0#6|0#7|0#8|0#9|0#10|0#11|0#12|0
104|112,0,0,0,0,0,0,0,0,0,0,0,0,0,0,0,0,,,,
89|18,0,0,0,0,0,0,0,0,0,0,0,0,0,0,0,0,,,,
142|94,0,0,0,0,0,0,0,0,0,0,0,0,0,0,0,0,,,,
14|111,0,0,0,0,0,0,0,0,0,0,0,0,0,0,0,0,,,,
65|6,0,0,0,0,0,0,0,0,0,0,0,0,0,0,0,0,,,,
39|8,0,0,0,0,0,0,0,0,0,0,0,0,0,0,0,0,,,,
143|124,0,0,0,0,0,0,0,0,0,0,0,0,0,0,0,0,,,,
10|19,0,0,0,0,0,0,0,0,0,0,0,0,0,0,0,0,,,,
33|80,0,0,0,0,0,0,0,0,0,0,0,0,0,0,0,0,,,,
118|116,0,0,0,0,0,0,0,0,0,0,0,0,0,0,0,0,,,,
105|129,0,0,4,0,2,0,1,1,5,0,0,0,0,0,0,0,,,,
111|41,0,0,0,0,0,0,0,0,0,0,0,0,0,0,0,0,,,,
