117|111,0,0,0,0,0,0,0,0,0,0,0,0,0,0,0,0,,,,
31|67,0,0,0,0,0,0,0,0,0,0,0,0,0,0,0,0,,,,
5|120,0,0,0,0,0,0,0,0,0,0,0,0,0,0,0,0,,,,
27|110,0,0,0,0,0,0,0,0,0,0,0,0,0,0,0,0,,,,
79|13,0,0,0,0,0,0,0,0,0,0,0,0,0,0,0,0,,,,
33|92,0,0,0,0,0,0,0,0,0,0,0,0,0,0,0,0,,,,
6|137,0,0,0,0,0,0,0,0,0,0,0,0,0,0,0,0,,,,
67|139,0,0,0,0,0,0,0,0,0,0,0,0,0,0,0,0,,,,
104|124,0,0,0,0,0,0,0,0,0,0,0,0,0,0,0,0,,,,
12|56,0,0,0,0,0,0,0,0,0,0,0,0,0,0,0,0,,,,
14|81,0,0,0,0,0,0,0,0,0,0,0,0,0,0,0,0,,,,
102|59,192,79,491,14,27,45,33,38,34,17,133,24,29,2,0,0,0|0#1|0#2|0#3|4#4|4#5|4#6|4#7|4#8|4#9|4#10|4#11|4#12|0,0|0#1|0#2|0#3|4#4|4#5|4#6|4#7|4#8|4#9|4#10|4#11|4#12|0,0|0#1|0#2|0#3|4#4|4#5|4#6|4#7|4#8|4#9|4#10|4#11|4#12|0,0|0#1|0#2|0#3|4#4|4#5|4#6|4#7|4#8|4#9|4#10|4#11|4#12|0
123|95,1,0,0,0,0,0,0,0,0,0,0,3,0,0,0,0,,,,
111|53,34,14,8,0,0,2,0,4,0,0,4,0,3,0,0,0,0|0#1|0#2|0#3|2#4|2#5|2#6|2#7|2#8|2#9|2#10|2#11|2#12|0,0|0#1|0#2|0#3|2#4|0#5|1#6|2#7|2#8|1#9|1#10|2#11|2#12|0,0|0#1|0#2|0#3|2#4|2#5|2#6|2#7|2#8|2#9|2#10|2#11|2#12|0,0|0#1|0#2|0#3|0#4|1#5|1#6|2#7|1#8|1#9|2#10|2#11|2#12|0
143|136,0,0,0,0,0,0,0,0,0,0,0,1,0,0,0,0,,,,
40|61,0,0,0,0,0,1,0,0,1,0,1,0,0,0,1,0,,,,
53|135,0,0,0,0,0,0,0,0,0,0,0,0,0,0,0,0,,,,
98|24,0,0,0,0,0,0,0,0,0,0,0,0,0,0,0,0,,,,
91|130,0,0,0,0,0,0,0,0,0,0,0,1,0,0,0,0,,,,
92|147,0,0,0,0,0,0,0,0,0,0,0,0,0,0,0,0,,,,
14|123,0,0,0,0,0,0,0,0,0,0,0,0,0,0,0,0,,,,
24|98,0,0,0,0,0,0,0,0,0,0,0,0,0,0,0,0,,,,
28|127,0,0,0,0,0,0,0,0,0,0,0,0,0,0,0,0,,,,
130|64,0,0,0,0,0,0,0,0,0,0,0,0,0,0,0,0,,,,
50|78,0,0,0,0,0,0,0,0,0,0,0,0,0,0,0,0,0|0#1|0#2|0#3|0#4|0#5|0#6|0#7|0#8|0#9|0#10|0#11|0#12|0,0|0#1|0#2|0#3|0#4|0#5|0#6|0#7|0#8|0#9|0#10|0#11|0#12|0,0|0#1|0#2|0#3|0#4|0#5|0#6|0#7|0#8|0#9|0#10|0#11|0#12|0,0|0#1|0#2|0#3|0#4|0#5|0#6|0#7|0#8|0#9|0#10|0#11|0#12|0
2|99,0,0,0,0,0,0,0,0,0,0,0,0,0,0,0,0,,,,
118|128,0,0,0,0,2,0,0,1,0,0,0,0,0,0,0,0,,,,
21|50,0,2,0,0,0,0,0,3,0,0,0,0,0,0,0,0,,,,
66|122,0,0,0,0,0,0,0,0,0,0,0,0,0,0,0,0,,,,
104|84,0,2,2,0,0,2,0,0,0,0,0,0,1,0,0,0,0|0#1|0#2|0#3|0#4|0#5|0#6|0#7|0#8|0#9|0#10|0#11|0#12|0,0|0#1|0#2|0#3|0#4|0#5|0#6|0#7|0#8|0#9|0#10|0#11|0#12|0,0|0#1|0#2|0#3|0#4|0#5|0#6|0#7|0#8|0#9|1#10|0#11|0#12|0,0|0#1|0#2|0#3|0#4|0#5|0#6|0#7|0#8|0#9|0#10|0#11|0#12|0
