27|91,0,0,0,0,0,0,0,0,0,0,0,0,0,0,0,0,,,,
34|60,0,0,0,0,0,0,0,1,0,0,0,0,0,0,0,0,,,,
17|119,0,0,0,0,0,0,0,0,0,0,0,0,0,0,0,0,,,,
131|32,0,0,0,0,0,0,0,0,0,0,0,0,0,0,0,0,,,,
72|82,0,0,0,1,0,0,0,0,0,0,0,0,0,0,2,0,,,,0|0#1|0#2|0#3|0#4|0#5|0#6|0#7|0#8|0#9|0#10|0#11|0#12|0
91|93,0,0,0,0,0,0,1,0,0,0,0,0,0,0,0,0,,,,
94|126,0,0,0,0,0,0,0,0,1,0,0,0,0,0,0,0,,,,
81|139,0,0,0,0,0,0,0,0,0,0,0,0,0,0,0,0,,,,
80|122,0,0,0,0,0,0,0,0,0,0,0,0,0,0,0,0,,,,
103|27,0,0,0,0,0,0,0,0,0,0,0,0,0,0,0,0,0|0#1|0#2|0#3|0#4|0#5|0#6|0#7|0#8|0#9|0#10|0#11|0#12|0,0|0#1|0#2|0#3|0#4|0#5|0#6|0#7|0#8|0#9|0#10|0#11|0#12|0,0|0#1|0#2|0#3|0#4|0#5|0#6|0#7|0#8|0#9|0#10|0#11|0#12|0,0|0#1|0#2|0#3|0#4|0#5|0#6|0#7|0#8|0#9|0#10|0#11|0#12|0
82|99,0,0,0,0,0,0,0,0,0,0,0,0,0,0,0,0,,,,
117|94,0,0,1,0,0,0,0,0,0,0,0,2,1,0,0,0,,,0|0#1|0#2|0#3|0#4|0#5|0#6|0#7|0#8|0#9|0#10|0#11|0#12|0,0|0#1|0#2|0#3|0#4|0#5|0#6|0#7|0#8|0#9|0#10|0#11|0#12|0
25|66,0,0,0,0,0,0,0,0,0,0,0,0,0,0,0,0,,,,
41|110,0,0,0,0,0,0,0,0,0,0,0,0,0,0,0,0,,,,
106|103,0,0,0,0,0,0,0,0,0,0,0,0,0,0,0,0,,,,
115|69,0,0,0,0,0,1,0,1,1,0,0,1,0,0,0,0,0|0#1|0#2|0#3|0#4|0#5|0#6|0#7|0#8|0#9|0#10|0#11|0#12|0,0|0#1|0#2|0#3|0#4|0#5|0#6|0#7|0#8|0#9|0#10|0#11|0#12|0,0|0#1|0#2|0#3|0#4|0#5|0#6|0#7|0#8|0#9|0#10|0#11|0#12|0,
63|88,0,1,0,0,0,0,0,0,0,0,0,0,0,0,0,0,0|0#1|0#2|0#3|0#4|0#5|0#6|0#7|0#8|0#9|0#10|0#11|0#12|0,0|0#1|0#2|0#3|0#4|0#5|0#6|0#7|0#8|0#9|0#10|0#11|0#12|0,0|0#1|0#2|0#3|0#4|0#5|0#6|0#7|0#8|0#9|0#10|0#11|0#12|0,0|0#1|0#2|0#3|0#4|0#5|0#6|0#7|0#8|0#9|0#10|0#11|0#12|0
145|115,0,0,0,0,0,0,0,0,0,0,0,0,0,0,0,0,,,,
53|71,0,0,0,0,0,0,0,0,0,0,0,0,0,0,0,0,0|0#1|0#2|0#3|0#4|0#5|0#6|0#7|0#8|0#9|0#10|0#11|0#12|0,,0|0#1|0#2|0#3|0#4|0#5|0#6|0#7|0#8|0#9|0#10|0#11|0#12|0,
32|35,0,0,0,0,0,0,0,0,0,0,0,0,0,0,0,0,,,,
136|6,0,0,0,0,0,0,0,0,0,0,0,0,0,0,0,0,,,,
131|111,5,17,15,11,4,0,1,5,9,2,6,12,0,0,0,0,,,,
68|101,0,0,0,0,0,0,0,0,0,0,0,0,0,0,0,0,,,,
141|49,0,0,0,0,0,0,0,0,0,0,0,0,0,0,0,0,,,,
5|92,0,0,0,0,0,0,0,0,0,0,0,0,0,0,0,0,,,,
18|97,0,0,0,0,0,0,0,0,0,0,0,0,0,0,0,0,,,,
132|128,2,0,5,0,2,0,1,0,1,0,1,1,1,0,0,0,,,,
60|40,0,0,0,1,0,1,1,0,0,0,0,1,0,0,0,0,,,,
122|38,0,0,0,0,0,0,0,0,0,0,0,0,0,0,0,0,,,,
150|43,0,0,0,0,0,0,0,0,0,0,0,0,0,0,0,0,0|0#1|0#2|0#3|0#4|0#5|0#6|0#7|0#8|0#9|0#10|0#11|0#12|0,,,
8|116,0,0,0,0,0,0,0,0,0,0,0,0,0,0,0,0,,,,
13|24,0,0,0,0,0,0,0,1,0,0,0,1,0,0,0,0,,,,
16|102,0,0,0,0,0,0,0,0,0,0,0,0,0,0,0,0,,,,
70|57,0,0,0,0,0,0,0,0,0,0,0,0,0,0,0,0,,,,
112|21,0,0,0,0,0,0,0,0,0,0,0,0,0,0,0,0,,,,
124|63,0,0,0,0,0,0,0,0,0,0,0,0,0,0,0,0,0|0#1|0#2|0#3|0#4|0#5|0#6|0#7|0#8|0#9|0#10|0#11|0#12|0,0|0#1|0#2|0#3|0#4|0#5|0#6|0#7|0#8|0#9|0#10|0#11|0#12|0,0|0#1|0#2|0#3|0#4|0#5|0#6|0#7|0#8|0#9|0#10|0#11|0#12|0,
44|77,0,0,0,0,0,0,0,1,0,0,0,0,0,0,0,0,,,,
3|67,0,0,0,0,0,0,0,0,0,0,0,0,0,0,0,0,,,,
42|127,0,0,0,0,0,0,0,0,0,0,0,0,0,0,0,0,,,,
55|114,0,0,0,0,0,0,0,0,0,0,0,0,0,0,0,0,,,,
51|46,0,0,0,0,0,0,0,0,0,0,0,0,0,0,0,0,,,,
69|118,0,0,0,0,0,0,0,0,0,0,0,0,0,0,0,0,,,,
105|52,0,0,0,0,0,0,0,2,0,0,1,1,2,0,0,0,0|0#1|0#2|0#3|2#4|2#5|1#6|0#7|0#8|1#9|2#10|2#11|0#12|0,0|0#1|0#2|0#3|1#4|0#5|0#6|1#7|1#8|1#9|1#10|0#11|0#12|0,0|0#1|0#2|0#3|1#4|1#5|1#6|1#7|1#8|2#9|2#10|1#11|1#12|0,0|0#1|0#2|0#3|1#4|0#5|1#6|1#7|1#8|1#9|0#10|0#11|0#12|0
143|74,0,0,0,0,0,0,0,0,0,0,0,0,0,0,0,0,,,,
