98|95,0,0,0,0,0,0,0,0,0,0,0,0,0,0,0,0,,,,
88|120,0,0,0,0,0,0,0,0,0,0,0,0,0,0,0,0,,,,
29|20,0,0,0,0,0,0,0,0,0,0,0,0,0,0,0,0,,,,
48|31,0,0,0,0,0,0,0,0,0,0,0,0,0,0,0,0,,,,
113|135,0,0,0,0,0,0,0,0,0,0,0,0,0,0,0,0,,,,
39|37,0,0,0,0,0,0,1,2,0,0,0,0,0,0,0,0,,,,
58|48,0,2,0,0,0,0,0,0,0,0,0,0,2,0,2,0,,,0|0#1|0#2|0#3|0#4|0#5|0#6|0#7|0#8|0#9|0#10|0#11|0#12|0,
9|4,0,0,0,0,0,0,0,0,0,0,0,0,0,0,0,0,,,,
93|22,0,0,0,0,0,0,0,0,0,0,0,0,0,0,0,0,,,,
127|139,0,0,0,0,0,0,0,0,0,0,0,0,0,0,0,0,,,,
37|138,0,0,0,0,0,0,0,0,0,0,0,0,0,0,0,0,,,,
89|137,0,1,0,0,0,0,0,0,0,0,0,0,0,0,0,0,,,,
109|0,0,0,0,0,0,0,0,0,0,0,0,0,0,0,0,0,,,,
138|34,0,0,0,0,0,0,0,0,0,0,0,0,0,0,0,0,,,,
23|134,0,0,0,0,0,0,0,0,0,0,0,0,0,0,0,0,,,,
76|3,0,0,0,0,0,0,0,0,0,0,0,0,0,0,0,0,,,,
75|133,0,0,0,0,0,0,0,0,0,0,0,0,0,0,0,0,,,,
86|53,134,50,353,19,21,23,7,18,24,6,121,32,9,1,0,0,0|0#1|0#2|0#3|3#4|2#5|2#6|2#7|2#8|2#9|2#10|2#11|2#12|0,0|0#1|0#2|0#3|2#4|2#5|1#6|1#7|1#8|1#9|2#10|2#11|1#12|0,0|0#1|0#2|0#3|3#4|2#5|2#6|2#7|2#8|2#9|2#10|2#11|2#12|0,0|0#1|0#2|0#3|2#4|1#5|0#6|1#7|1#8|1#9|2#10|2#11|1#12|0
7|21,0,0,0,0,0,0,0,0,0,0,0,0,0,0,0,0,,,,
77|59,0,0,0,0,0,0,0,0,0,0,0,0,0,0,0,0,,,0|0#1|0#2|0#3|0#4|0#5|0#6|0#7|0#8|0#9|0#10|0#11|0#12|0,0|0#1|0#2|0#3|0#4|0#5|0#6|0#7|0#8|0#9|0#10|0#11|0#12|0
62|146,0,0,0,0,0,0,0,0,0,0,0,0,0,0,0,0,,,,
10|147,0,1,0,0,0,0,0,0,0,0,0,0,0,0,0,0,,,,
65|17,0,0,0,0,0,0,0,0,0,0,0,0,0,0,0,0,,,,
84|28,0,0,0,0,0,0,0,0,0,0,0,0,0,0,0,0,,0|0#1|0#2|0#3|0#4|0#5|0#6|0#7|0#8|0#9|0#10|0#11|0#12|0,,0|0#1|0#2|0#3|0#4|0#5|0#6|0#7|0#8|0#9|0#10|0#11|0#12|0
151|130,0,0,0,0,0,0,0,0,0,0,0,0,0,0,0,0,,,,
126|122,0,0,0,0,0,0,0,0,0,0,0,0,0,0,0,0,,,,
1|144,0,0,0,0,0,0,0,0,0,0,0,0,0,0,0,0,,,,
74|11,0,0,0,0,0,0,0,0,0,0,0,0,0,0,0,0,,,,
152|147,0,0,0,0,0,0,0,0,0,0,0,0,0,0,0,0,,,,
36|121,0,0,0,0,0,0,0,0,0,0,0,0,0,0,0,0,,,,
79|84,0,0,1,0,0,0,0,0,1,0,0,0,0,0,0,0,,,,
67|42,0,0,0,0,0,0,0,0,0,0,0,0,0,0,0,0,,,,
119|23,0,0,0,0,0,0,0,0,0,0,0,0,0,0,0,0,,,,
