137|120,0,0,0,0,0,0,0,0,0,0,0,0,0,0,0,0,,,,
45|28,1,0,0,0,0,0,0,0,0,0,0,0,0,0,0,0,,,,
125|14,0,0,0,0,0,0,0,0,0,0,0,0,0,0,0,0,,,,
35|11,0,0,0,0,0,0,0,0,0,0,0,0,0,0,0,0,,,,
6|43,0,0,0,0,0,0,0,0,0,0,0,0,0,0,0,0,,,,
144|25,0,0,0,0,0,0,0,0,0,0,0,0,0,0,0,0,,,,
19|48,0,0,0,0,0,0,0,0,0,0,0,0,0,0,0,0,,,,
21|145,0,0,0,0,0,0,0,0,0,0,0,0,0,0,0,0,,,,
149|98,0,0,0,0,0,0,0,0,0,0,0,0,0,0,0,0,,,,
66|64,0,0,0,0,0,0,0,0,0,0,0,1,0,0,0,0,,,,
64|39,0,0,0,0,0,0,0,0,0,0,0,0,0,0,0,0,,,,
146|50,0,0,0,0,0,0,0,0,0,0,0,0,0,0,0,0,,,,
26|17,0,0,0,0,0,0,0,0,0,0,0,0,0,0,0,0,,,,
124|133,0,0,0,0,0,0,0,0,0,0,0,0,0,0,0,0,,,,
73|33,4,1,0,0,0,2,0,2,7,0,1,2,1,0,0,0,0|0#1|0#2|0#3|0#4|0#5|0#6|0#7|0#8|0#9|0#10|0#11|0#12|0,,0|0#1|0#2|0#3|0#4|0#5|0#6|0#7|0#8|0#9|0#10|0#11|0#12|0,
4|18,0,0,0,0,0,0,0,0,0,0,0,0,0,0,0,0,,,,
111|146,0,0,0,0,0,0,0,0,0,0,0,0,0,0,0,0,,,,
118|45,0,0,0,0,0,0,0,0,0,0,0,0,0,0,0,0,,,,
47|53,103,38,339,9,26,18,10,21,3,4,80,35,28,0,2,0,0|0#1|0#2|0#3|1#4|0#5|0#6|0#7|0#8|0#9|0#10|0#11|0#12|0,0|0#1|0#2|0#3|0#4|0#5|0#6|0#7|0#8|0#9|0#10|0#11|0#12|0,0|0#1|0#2|0#3|0#4|0#5|0#6|0#7|0#8|0#9|0#10|0#11|0#12|0,0|0#1|0#2|0#3|0#4|0#5|0#6|0#7|0#8|0#9|0#10|0#11|0#12|0
48|136,0,0,0,0,0,0,0,0,0,0,0,0,0,0,0,0,,,,
54|22,0,0,3,0,0,1,0,0,1,0,2,2,0,0,0,0,,,,
59|95,0,0,1,0,0,0,1,1,0,0,0,0,1,0,1,0,0|0#1|0#2|0#3|0#4|0#5|0#6|0#7|0#8|0#9|0#10|0#11|0#12|0,0|0#1|0#2|0#3|0#4|0#5|0#6|0#7|0#8|0#9|0#10|0#11|0#12|0,0|0#1|0#2|0#3|0#4|0#5|0#6|0#7|0#8|0#9|0#10|0#11|0#12|0,0|0#1|0#2|0#3|0#4|0#5|0#6|0#7|0#8|0#9|0#10|0#11|0#12|0
92|44,4,7,4,1,5,0,2,1,0,0,2,9,0,1,0,0,0|0#1|0#2|0#3|0#4|1#5|2#6|2#7|2#8|1#9|0#10|0#11|0#12|0,0|0#1|0#2|0#3|0#4|0#5|0#6|0#7|0#8|0#9|0#10|0#11|0#12|0,0|0#1|0#2|0#3|0#4|2#5|2#6|2#7|2#8|0#9|0#10|0#11|0#12|0,0|0#1|0#2|0#3|0#4|0#5|0#6|0#7|0#8|0#9|0#10|0#11|0#12|0
139|81,0,0,0,0,0,0,0,0,0,0,0,0,0,0,0,0,,,,
90|19,0,0,0,0,0,0,0,0,0,0,0,0,0,0,0,0,,,,
85|75,0,0,0,0,4,0,1,0,0,0,0,2,2,0,0,0,0|0#1|0#2|0#3|3#4|2#5|2#6|2#7|2#8|2#9|2#10|2#11|2#12|0,0|0#1|0#2|0#3|2#4|2#5|1#6|1#7|1#8|1#9|1#10|1#11|2#12|0,0|0#1|0#2|0#3|3#4|2#5|2#6|2#7|2#8|2#9|2#10|2#11|2#12|0,0|0#1|0#2|0#3|2#4|2#5|0#6|1#7|1#8|1#9|0#10|1#11|2#12|0
34|132,0,0,0,0,0,0,0,0,0,0,0,0,0,0,0,0,,,,
86|131,0,0,0,0,0,0,0,0,0,0,0,0,0,0,0,0,,,,
28|42,0,0,0,0,0,0,1,0,0,0,0,0,0,0,0,0,,,,
38|59,0,0,0,0,0,0,0,0,0,0,0,0,0,0,0,0,,,,
73|144,0,0,0,0,0,0,0,0,0,0,0,0,0,0,0,0,,,,
137|56,0,0,0,0,0,0,0,0,0,0,0,0,0,0,0,0,,,,0|0#1|0#2|0#3|0#4|0#5|0#6|0#7|0#8|0#9|0#10|0#11|0#12|0
38|2,0,0,0,0,0,0,0,0,0,0,0,0,0,0,0,0,,,,
64|0,0,0,0,0,0,0,0,0,0,0,0,0,0,0,0,0,,,,
138|137,0,0,0,0,0,0,0,0,0,0,0,0,0,0,0,0,,,,
