139|14,0,0,0,0,0,0,1,0,4,0,0,0,0,0,0,0,,,,
78|39,0,0,0,0,0,1,0,0,0,0,0,0,0,0,0,0,0|0#1|0#2|0#3|0#4|0#5|0#6|0#7|0#8|0#9|0#10|0#11|0#12|0,,,
88|8,0,0,0,0,0,0,0,0,0,0,0,0,0,0,0,0,,,,
87|33,0,0,0,0,0,0,0,0,0,0,0,0,0,0,0,0,,,,
99|75,41,22,55,4,3,3,2,6,0,1,25,7,10,0,0,0,0|0#1|0#2|0#3|2#4|2#5|2#6|2#7|2#8|2#9|1#10|2#11|1#12|0,0|0#1|0#2|0#3|0#4|2#5|1#6|1#7|0#8|0#9|0#10|1#11|0#12|0,0|0#1|0#2|0#3|2#4|2#5|2#6|2#7|1#8|2#9|1#10|2#11|0#12|0,0|0#1|0#2|0#3|0#4|2#5|2#6|0#7|0#8|0#9|0#10|1#11|0#12|0
11|121,0,0,0,0,0,0,0,0,0,0,0,0,0,0,0,0,,,,
128|113,1,2,3,1,0,3,1,2,2,0,0,6,0,0,0,0,,,,
102|139,0,0,0,0,0,0,0,0,0,0,0,0,0,0,0,0,,,,
115|126,0,0,0,0,0,0,0,0,0,0,0,0,0,0,0,0,,,,
49|11,0,0,0,0,0,0,0,0,1,0,0,0,0,0,0,0,,,,
110|79,38,21,57,0,16,32,4,19,61,8,41,26,17,0,0,0,0|0#1|0#2|0#3|2#4|0#5|0#6|0#7|0#8|0#9|0#10|1#11|0#12|0,0|0#1|0#2|0#3|1#4|0#5|0#6|0#7|0#8|0#9|0#10|0#11|0#12|0,0|0#1|0#2|0#3|1#4|0#5|0#6|0#7|0#8|0#9|1#10|0#11|1#12|0,0|0#1|0#2|0#3|1#4|0#5|0#6|0#7|0#8|0#9|0#10|0#11|0#12|0
3|135,0,0,0,0,0,0,0,0,0,0,0,0,0,0,0,0,,,,
101|122,0,0,0,0,0,0,0,0,0,0,0,0,0,0,0,0,,,,
20|76,0,0,0,0,0,0,0,0,0,0,0,0,0,0,0,0,,,,
147|3,0,0,0,0,0,0,0,0,0,0,0,0,0,0,0,0,,,,
25|125,0,0,0,0,0,0,0,0,0,0,0,0,0,0,0,0,,,,
50|133,0,0,0,0,0,0,0,0,0,0,0,0,0,0,0,0,,,,
68|22,0,0,0,0,0,0,0,0,0,0,0,0,0,0,0,0,,,,0|0#1|0#2|0#3|0#4|0#5|0#6|0#7|0#8|0#9|0#10|0#11|0#12|0
63|120,0,0,0,0,0,0,0,0,0,0,0,0,0,0,0,0,,,,
12|138,0,0,0,0,0,0,0,0,0,0,0,0,0,0,0,0,,,,
64|137,0,0,0,0,0,0,0,0,0,0,0,0,0,0,0,0,,,,
77|124,0,0,0,0,0,0,0,0,0,0,0,0,0,0,0,0,,,,
39|129,0,0,0,0,0,0,0,0,0,0,0,0,0,0,0,0,,,,
59|28,2,0,5,0,2,1,2,2,1,0,5,0,0,0,0,0,,,,
140|134,4,5,2,3,0,3,0,0,0,0,1,2,0,0,0,0,,,,
38|112,0,0,0,0,0,0,0,0,0,0,0,0,0,0,0,0,,,,
100|62,642,134,1833,1,106,49,26,75,89,130,382,559,102,6,0,0,0|0#1|0#2|0#3|4#4|4#5|4#6|4#7|4#8|4#9|4#10|4#11|4#12|0,0|0#1|0#2|0#3|4#4|4#5|4#6|4#7|4#8|4#9|4#10|4#11|4#12|0,0|0#1|0#2|0#3|4#4|4#5|4#6|4#7|4#8|4#9|4#10|4#11|4#12|0,0|0#1|0#2|0#3|4#4|4#5|4#6|4#7|4#8|4#9|4#10|4#11|4#12|0
