85|85,5,3,3,0,0,1,0,7,7,0,2,0,2,0,0,0,0|0#1|0#2|0#3|0#4|0#5|0#6|0#7|0#8|0#9|0#10|0#11|0#12|0,0|0#1|0#2|0#3|0#4|0#5|0#6|0#7|0#8|0#9|0#10|0#11|0#12|0,0|0#1|0#2|0#3|0#4|0#5|0#6|0#7|0#8|0#9|0#10|0#11|0#12|0,0|0#1|0#2|0#3|0#4|0#5|0#6|0#7|0#8|0#9|0#10|0#11|0#12|0
5|9,1,15,0,0,1,0,0,0,0,0,2,0,1,0,0,0,,,,
73|43,0,0,7,0,0,0,2,2,0,0,3,2,0,0,0,0,,,,
131|3,0,0,0,0,0,0,0,0,0,0,0,0,0,0,0,0,,,,
90|29,0,0,0,0,0,1,0,0,1,0,0,0,1,0,0,0,,,,
4|28,0,0,0,0,0,0,0,0,0,0,0,0,0,0,0,0,,,,
86|141,0,0,0,0,0,0,0,0,0,0,0,0,0,0,0,0,,,,
16|10,0,0,0,0,0,0,0,0,0,0,0,2,0,0,0,0,,,,
38|69,0,0,0,0,0,0,1,0,0,0,0,0,0,0,0,0,,,,
54|32,0,0,0,0,0,0,0,0,0,0,0,0,0,0,0,0,0|0#1|0#2|0#3|0#4|0#5|0#6|0#7|0#8|0#9|0#10|0#11|0#12|0,0|0#1|0#2|0#3|0#4|0#5|0#6|0#7|0#8|0#9|0#10|0#11|0#12|0,,
124|143,0,0,0,0,0,0,0,0,0,0,0,0,0,0,0,0,,,,
48|146,1,0,0,0,0,0,0,0,2,0,0,0,2,0,0,0,,,,
35|21,0,0,0,0,0,0,0,0,0,0,0,0,0,0,0,0,,,,
71|18,0,0,0,0,0,0,0,0,0,0,0,0,0,0,0,0,,,,
34|142,0,0,0,0,0,0,0,0,0,0,0,0,0,0,0,0,,,,
125|24,0,0,0,0,0,0,0,0,0,0,0,0,0,0,0,0,,,,
144|35,51,23,115,1,10,2,6,8,13,1,43,50,9,0,0,0,,,,
137|66,0,0,0,0,0,0,0,0,0,0,0,0,0,0,0,0,0|0#1|0#2|0#3|0#4|0#5|0#6|0#7|0#8|0#9|0#10|0#11|0#12|0,0|0#1|0#2|0#3|0#4|0#5|0#6|0#7|0#8|0#9|0#10|0#11|0#12|0,0|0#1|0#2|0#3|0#4|0#5|0#6|0#7|0#8|0#9|0#10|0#11|0#12|0,0|0#1|0#2|0#3|0#4|0#5|0#6|0#7|0#8|0#9|0#10|0#11|0#12|0
19|58,0,4,0,0,1,1,0,1,0,0,0,1,0,0,0,0,,,,
45|38,0,0,0,0,0,0,0,0,0,0,0,0,0,0,0,0,,,,
72|8,0,0,0,0,0,0,0,0,0,0,0,0,0,0,0,0,,,,
47|63,0,0,0,0,0,0,0,0,0,0,0,0,0,0,0,0,,,,
137|130,0,0,0,0,0,0,0,3,2,0,0,0,0,0,0,0,,,,
64|49,1,0,0,0,0,0,1,0,1,0,0,0,0,0,0,0,,,,
80|12,22,9,26,19,2,0,1,3,10,5,8,7,7,0,0,0,,,,
66|74,0,0,0,0,0,0,0,0,0,0,0,0,0,0,0,0,,,,
146|60,0,0,0,0,0,0,0,0,0,0,0,0,0,0,0,0,,,,
92|54,24,3,35,16,2,11,5,10,0,2,13,1,4,0,0,0,0|0#1|0#2|0#3|4#4|4#5|4#6|3#7|3#8|3#9|3#10|3#11|3#12|0,0|0#1|0#2|0#3|2#4|3#5|2#6|2#7|2#8|2#9|2#10|2#11|2#12|0,0|0#1|0#2|0#3|4#4|4#5|3#6|3#7|3#8|3#9|3#10|3#11|3#12|0,0|0#1|0#2|0#3|3#4|2#5|2#6|2#7|2#8|2#9|2#10|2#11|2#12|0
105|5,0,0,0,0,0,0,0,0,0,0,0,0,0,0,0,0,,,,
26|27,0,0,0,0,0,0,0,0,0,0,0,0,0,0,0,0,,,,
118|55,0,0,0,0,0,0,0,0,0,0,0,0,0,0,0,0,0|0#1|0#2|0#3|0#4|0#5|0#6|0#7|0#8|0#9|0#10|0#11|0#12|0,0|0#1|0#2|0#3|0#4|0#5|0#6|0#7|0#8|0#9|0#10|0#11|0#12|0,0|0#1|0#2|0#3|0#4|1#5|0#6|0#7|0#8|0#9|0#10|0#11|0#12|0,0|0#1|0#2|0#3|0#4|0#5|0#6|0#7|0#8|0#9|0#10|0#11|0#12|0
138|147,0,0,0,0,0,0,0,0,0,0,0,0,0,0,0,0,,,,
6|53,0,0,0,0,0,0,0,0,0,0,0,0,0,0,0,0,,,,
28|52,0,0,0,0,0,0,0,0,0,0,0,0,0,0,0,0,,,,
139|91,0,0,0,0,0,0,0,0,0,0,0,0,0,0,0,0,,,,
106|13,0,0,0,0,0,0,0,0,0,0,0,0,0,0,0,0,,,,
