20|83,0,0,0,0,0,0,0,0,0,0,0,0,0,0,0,0,,,,
102|146,0,0,0,0,0,0,0,0,0,0,0,0,0,0,0,0,,,,
85|15,0,0,0,0,0,1,0,0,0,0,0,0,2,0,0,0,,,,
129|137,0,0,0,0,0,0,0,0,0,0,0,0,0,0,0,0,,,,
99|82,0,0,1,0,0,0,0,1,0,0,0,0,1,0,0,0,,,0|0#1|0#2|0#3|0#4|0#5|0#6|0#7|0#8|0#9|0#10|0#11|0#12|0,
149|38,0,0,0,0,0,0,0,0,0,0,0,0,0,0,0,0,,,,
25|132,0,0,0,0,0,0,0,0,0,0,0,0,0,0,0,0,,,,
139|21,0,0,0,0,0,0,0,0,0,0,0,0,0,0,0,0,,,,
78|46,0,0,0,0,0,0,0,0,0,0,0,0,0,0,0,0,,0|0#1|0#2|0#3|0#4|0#5|0#6|0#7|0#8|0#9|0#10|0#11|0#12|0,,0|0#1|0#2|0#3|0#4|0#5|0#6|0#7|0#8|0#9|0#10|0#11|0#12|0
39|136,0,0,0,0,0,0,0,0,0,0,0,0,0,0,0,0,,,,
128|120,0,0,0,0,0,0,0,0,1,0,0,1,0,0,0,0,,,,
12|145,0,0,0,0,0,0,0,0,0,0,0,0,0,0,0,0,,,,
64|144,0,0,0,0,0,0,0,0,0,0,0,0,0,0,0,0,,,,
51|1,0,0,0,0,0,0,0,0,0,0,0,0,0,0,0,0,,,,
97|57,38,19,32,8,5,9,2,13,9,1,23,0,15,0,0,0,0|0#1|0#2|0#3|4#4|4#5|4#6|4#7|4#8|4#9|4#10|4#11|4#12|0,0|0#1|0#2|0#3|4#4|4#5|4#6|4#7|4#8|4#9|4#10|4#11|4#12|0,0|0#1|0#2|0#3|4#4|4#5|4#6|4#7|4#8|4#9|4#10|4#11|4#12|0,0|0#1|0#2|0#3|4#4|4#5|4#6|4#7|4#8|4#9|4#10|4#11|4#12|0
77|131,0,0,0,0,0,0,0,0,0,0,0,0,0,0,0,0,,,,
50|140,0,0,0,0,0,0,0,0,0,0,0,0,0,0,0,0,,,,
11|89,0,0,0,0,0,0,0,0,0,0,0,0,0,0,0,0,,,,
25|3,0,0,0,0,0,0,0,0,0,0,0,0,0,0,0,0,,,,
3|142,0,0,0,0,0,0,0,0,0,0,0,0,0,0,0,0,,,,
59|35,0,0,0,0,0,0,0,0,0,0,0,0,0,0,0,0,,,,
87|40,0,0,0,0,0,0,0,0,0,0,0,0,0,0,0,0,0|0#1|0#2|0#3|0#4|0#5|0#6|0#7|0#8|0#9|1#10|0#11|0#12|0,0|0#1|0#2|0#3|0#4|0#5|0#6|0#7|0#8|0#9|0#10|0#11|0#12|0,0|0#1|0#2|0#3|0#4|0#5|0#6|0#7|0#8|0#9|0#10|0#11|0#12|0,0|0#1|0#2|0#3|0#4|0#5|0#6|0#7|0#8|0#9|0#10|0#11|0#12|0
115|133,0,0,0,0,0,0,0,0,0,0,0,4,1,0,0,0,,,,
110|86,0,0,0,0,0,0,0,0,0,0,0,2,0,0,0,0,,,0|0#1|0#2|0#3|0#4|0#5|0#6|0#7|0#8|0#9|0#10|0#11|0#12|0,
140|141,0,0,0,0,0,0,0,0,0,0,0,0,0,0,0,0,,,,
