92|90,0,0,1,0,0,0,0,0,0,0,0,3,1,0,0,0,,,,
2|39,0,0,0,0,0,0,0,0,0,0,0,0,0,0,0,0,,,,
116|66,0,0,0,0,0,0,0,0,0,0,0,1,0,0,0,0,0|0#1|0#2|0#3|0#4|0#5|0#6|0#7|0#8|0#9|0#10|0#11|0#12|0,0|0#1|0#2|0#3|0#4|0#5|0#6|0#7|0#8|0#9|0#10|0#11|0#12|0,0|0#1|0#2|0#3|0#4|0#5|0#6|0#7|0#8|0#9|0#10|0#11|0#12|0,0|0#1|0#2|0#3|0#4|0#5|0#6|0#7|0#8|0#9|0#10|0#11|0#12|0
135|77,0,0,0,0,0,0,0,0,0,0,0,0,1,0,0,0,0|0#1|0#2|0#3|0#4|0#5|0#6|0#7|0#8|0#9|0#10|0#11|0#12|0,,0|0#1|0#2|0#3|0#4|0#5|0#6|0#7|0#8|0#9|0#10|0#11|0#12|0,0|0#1|0#2|0#3|0#4|0#5|0#6|0#7|0#8|0#9|0#10|0#11|0#12|0
17|69,0,0,0,0,0,0,0,0,0,0,0,0,0,0,0,0,,,,
26|63,0,0,0,0,0,0,0,0,0,0,0,0,0,0,0,0,,,,
64|85,0,0,0,0,0,1,0,0,0,0,0,0,0,0,0,0,0|0#1|0#2|0#3|0#4|0#5|0#6|0#7|0#8|0#9|0#10|0#11|0#12|0,,0|0#1|0#2|0#3|0#4|0#5|0#6|0#7|0#8|0#9|0#10|0#11|0#12|0,
43|49,0,0,0,0,0,0,0,0,0,0,0,0,0,0,0,0,,0|0#1|0#2|0#3|0#4|0#5|0#6|0#7|0#8|0#9|0#10|0#11|0#12|0,,0|0#1|0#2|0#3|0#4|0#5|0#6|0#7|0#8|0#9|0#10|0#11|0#12|0
151|40,0,0,0,0,0,0,0,0,0,0,0,0,0,0,0,0,,,,
19|127,0,0,0,0,0,0,0,0,0,0,0,0,0,0,0,0,,,,
50|18,0,0,0,0,0,0,0,0,0,0,0,0,0,0,0,0,,,,
24|38,0,0,0,0,0,0,0,0,0,0,0,0,0,0,0,0,,,,
33|32,0,0,0,0,0,0,0,0,0,0,0,0,0,0,0,0,,,,
19|94,0,0,0,0,0,0,0,0,0,0,0,0,0,0,0,0,,,,
44|135,0,0,0,0,0,0,0,0,0,0,0,0,0,0,0,0,,,,
83|96,0,0,0,0,0,0,0,0,0,0,0,0,0,0,0,0,,,,
52|43,0,0,0,0,0,0,0,0,0,0,0,0,0,0,0,0,,,,
87|8,0,0,0,0,0,0,0,0,0,0,0,0,0,0,0,0,,,,
144|71,0,0,0,0,0,0,0,0,0,0,0,0,0,0,0,0,,,,
142|46,0,0,0,0,0,0,0,0,0,0,0,0,0,0,0,0,,,,
83|147,0,0,0,0,0,0,0,0,0,0,0,0,0,0,0,0,,,,
123|35,0,0,0,0,0,0,0,0,0,0,0,0,0,0,0,0,,,,
30|131,0,0,0,0,0,0,0,0,0,0,0,0,0,0,0,0,,,,
4|64,0,0,0,0,0,0,0,0,0,0,0,0,0,0,0,0,,,,
96|134,0,0,0,0,0,0,0,0,0,0,0,0,0,0,0,0,,,,
90|65,8,2,0,1,0,0,0,0,0,1,1,1,0,0,0,0,0|0#1|0#2|0#3|4#4|4#5|4#6|4#7|4#8|4#9|4#10|4#11|4#12|0,0|0#1|0#2|0#3|4#4|3#5|2#6|3#7|2#8|2#9|2#10|2#11|3#12|0,0|0#1|0#2|0#3|4#4|4#5|4#6|4#7|4#8|4#9|4#10|4#11|4#12|0,0|0#1|0#2|0#3|4#4|2#5|2#6|3#7|2#8|2#9|3#10|3#11|3#12|0
134|136,0,0,0,0,0,0,0,0,0,0,0,0,0,0,0,0,,,,
125|60,0,0,0,0,0,1,0,0,0,0,0,0,0,0,0,0,,,,
57|122,0,0,0,0,0,0,0,0,0,0,0,0,0,0,0,0,,,,
104|24,0,0,0,0,0,0,0,0,1,0,0,0,1,0,0,0,0|0#1|0#2|0#3|0#4|0#5|0#6|0#7|0#8|0#9|0#10|0#11|0#12|0,0|0#1|0#2|0#3|0#4|0#5|0#6|0#7|0#8|0#9|0#10|0#11|0#12|0,0|0#1|0#2|0#3|0#4|0#5|0#6|0#7|0#8|0#9|0#10|0#11|0#12|0,0|0#1|0#2|0#3|0#4|0#5|0#6|0#7|0#8|0#9|0#10|0#11|0#12|0
82|130,0,0,0,0,0,0,0,0,0,0,0,0,0,0,0,0,,,,
58|139,0,0,0,0,0,0,0,0,0,0,0,0,0,0,0,0,,,,
109|128,0,0,0,0,0,0,0,0,0,0,0,0,0,0,0,0,,,,
118|91,0,0,0,0,0,0,0,0,1,0,0,0,0,0,0,0,,,,
18|110,0,0,0,0,0,0,0,0,0,0,0,0,0,0,0,0,,,,
146|3,0,0,0,0,0,0,0,0,0,0,0,0,0,0,0,0,,,,
109|97,1,0,1,0,0,0,0,0,0,0,0,8,1,0,0,0,,,,
71|54,0,0,0,0,0,0,0,0,0,0,0,0,0,0,0,0,,0|0#1|0#2|0#3|0#4|0#5|0#6|0#7|0#8|0#9|0#10|0#11|0#12|0,0|0#1|0#2|0#3|0#4|0#5|0#6|0#7|0#8|0#9|0#10|0#11|0#12|0,0|0#1|0#2|0#3|0#4|0#5|0#6|0#7|0#8|0#9|0#10|0#11|0#12|0
108|111,0,0,0,0,0,0,0,0,1,0,0,0,0,0,0,0,,,,
14|21,0,0,0,0,0,0,0,0,0,0,0,0,0,0,0,0,,,,
120|132,0,0,0,0,0,0,0,0,0,0,0,0,0,0,0,0,,,,
147|123,0,0,0,0,0,0,0,0,0,0,0,0,0,0,0,0,,,,
45|74,0,0,0,0,0,0,0,0,0,0,0,0,0,0,0,0,,,,
