79|3,0,0,0,0,0,0,0,0,0,0,0,0,0,0,0,0,,,,
6|82,0,0,0,0,0,0,0,0,0,0,0,0,0,0,0,0,,,,
111|7,0,0,0,0,0,0,0,0,0,0,0,0,0,0,0,0,,,,
108|104,0,0,0,0,0,0,0,0,0,0,0,0,0,0,0,0,,,,
35|50,0,0,0,0,0,0,0,0,0,0,0,0,0,0,0,0,,,,
47|92,0,0,0,0,0,0,0,0,0,0,0,0,0,0,0,0,,,,
38|98,0,0,0,0,0,0,0,0,0,0,0,0,0,0,0,0,,,,
71|47,0,0,0,0,0,0,0,0,0,0,0,0,0,0,0,0,,,,
144|64,1,0,2,0,2,0,2,1,0,0,3,0,1,0,0,0,0|0#1|0#2|0#3|0#4|0#5|0#6|0#7|0#8|0#9|0#10|0#11|0#12|0,,0|0#1|0#2|0#3|0#4|0#5|0#6|0#7|0#8|0#9|0#10|0#11|0#12|0,0|0#1|0#2|0#3|0#4|0#5|0#6|0#7|0#8|0#9|0#10|0#11|0#12|0
26|56,0,0,0,0,0,0,0,0,0,0,0,0,0,0,0,0,,,,
116|59,0,0,0,0,0,0,0,0,0,0,0,0,0,0,0,0,0|0#1|0#2|0#3|0#4|0#5|0#6|0#7|0#8|0#9|0#10|0#11|0#12|0,,0|0#1|0#2|0#3|0#4|0#5|0#6|0#7|0#8|0#9|0#10|0#11|0#12|0,
19|87,0,0,0,0,0,0,0,0,0,0,0,0,0,0,0,0,,,,
43|111,0,0,0,0,0,0,0,0,0,0,0,0,0,0,0,0,,,,
4|57,0,0,0,0,0,0,0,0,0,0,0,0,0,0,0,0,,,,
83|89,0,0,0,0,0,0,0,0,0,0,0,0,0,0,0,0,0|0#1|0#2|0#3|0#4|0#5|0#6|0#7|0#8|0#9|0#10|0#11|0#12|0,0|0#1|0#2|0#3|0#4|0#5|0#6|0#7|0#8|0#9|0#10|0#11|0#12|0,0|0#1|0#2|0#3|0#4|0#5|0#6|0#7|0#8|0#9|0#10|0#11|0#12|0,0|0#1|0#2|0#3|0#4|0#5|0#6|0#7|0#8|0#9|0#10|0#11|0#12|0
90|58,32,8,380,39,7,12,14,17,0,11,20,89,11,0,0,0,0|0#1|0#2|0#3|4#4|4#5|4#6|4#7|4#8|4#9|4#10|4#11|4#12|0,0|0#1|0#2|0#3|2#4|2#5|2#6|2#7|2#8|2#9|2#10|3#11|3#12|0,0|0#1|0#2|0#3|4#4|4#5|4#6|4#7|4#8|4#9|4#10|4#11|4#12|0,0|0#1|0#2|0#3|3#4|2#5|2#6|2#7|2#8|2#9|2#10|3#11|3#12|0
118|84,0,0,0,0,0,0,0,0,0,0,1,8,0,0,0,0,0|0#1|0#2|0#3|0#4|0#5|0#6|0#7|0#8|0#9|0#10|0#11|0#12|0,,,
14|14,0,0,0,0,0,0,0,0,0,0,0,0,0,0,0,0,,,,
52|36,0,0,0,0,0,0,0,0,0,0,0,0,0,0,0,0,,,,
104|17,0,0,0,0,0,0,0,0,0,0,0,0,0,0,0,0,,,,
9|100,0,0,0,0,0,0,0,0,0,0,0,0,0,0,0,0,,,,
132|22,0,0,0,0,0,0,0,0,0,0,0,0,0,0,0,0,,,,
57|115,0,0,0,0,0,0,0,0,0,0,0,0,0,0,0,0,,,,
82|123,0,0,0,0,0,0,0,0,0,0,0,0,0,0,0,0,,,,
106|42,7,2,22,1,2,1,0,3,0,0,12,4,0,0,0,0,0|0#1|0#2|0#3|0#4|0#5|0#6|0#7|0#8|0#9|0#10|0#11|0#12|0,,0|0#1|0#2|0#3|0#4|0#5|0#6|0#7|0#8|0#9|0#10|0#11|0#12|0,
73|72,0,0,0,0,0,0,0,0,0,0,0,0,0,0,0,0,0|0#1|0#2|0#3|0#4|0#5|0#6|0#7|0#8|0#9|0#10|0#11|0#12|0,,0|0#1|0#2|0#3|0#4|0#5|0#6|0#7|0#8|0#9|0#10|0#11|0#12|0,
120|125,0,0,0,0,0,0,0,0,0,0,0,0,0,0,0,0,,,,
96|127,0,0,0,0,0,0,0,0,0,0,0,0,0,0,0,0,,,,
33|25,0,0,0,0,0,0,0,0,0,0,0,0,0,0,0,0,,,,
113|11,0,0,0,0,0,0,0,0,0,0,0,0,0,0,0,0,,,,
28|81,0,0,0,0,0,0,0,0,0,0,0,0,0,0,0,0,,,,
18|103,0,0,0,0,0,0,0,0,0,0,0,0,0,0,0,0,,,,
134|129,0,0,0,1,0,1,0,0,0,0,0,0,0,0,0,0,,,,
44|128,0,0,0,0,0,0,0,0,0,0,0,0,1,0,0,0,,,,
125|53,0,0,0,0,0,0,0,0,0,0,0,0,0,0,0,0,,,,
45|67,0,0,0,0,0,0,0,0,0,0,0,0,0,0,0,0,,,,
95|110,0,0,0,0,0,0,0,0,0,0,0,0,0,0,0,0,,,,
64|78,0,0,0,0,0,0,0,0,3,0,0,0,2,0,0,0,0|0#1|0#2|0#3|0#4|0#5|0#6|0#7|0#8|0#9|0#10|0#11|0#12|0,,0|0#1|0#2|0#3|0#4|0#5|0#6|0#7|0#8|0#9|0#10|0#11|0#12|0,
137|95,0,0,0,0,0,0,0,0,0,0,0,0,0,0,0,0,,,,
147|116,0,0,0,0,0,0,0,0,0,0,0,0,0,0,0,0,,,,
80|41,0,0,0,0,0,1,2,0,0,0,0,2,1,0,0,0,0|0#1|0#2|0#3|0#4|0#5|0#6|0#7|0#8|0#9|0#10|0#11|0#12|0,0|0#1|0#2|0#3|0#4|0#5|0#6|0#7|0#8|0#9|0#10|0#11|0#12|0,0|0#1|0#2|0#3|0#4|0#5|0#6|0#7|0#8|0#9|0#10|0#11|1#12|0,0|0#1|0#2|0#3|0#4|0#5|0#6|0#7|0#8|0#9|0#10|0#11|0#12|0
54|61,0,0,0,0,0,0,0,0,0,0,0,0,0,0,0,0,,,,
142|39,0,0,0,0,0,0,0,0,0,0,0,0,0,0,0,0,,,,
151|33,0,0,0,0,0,0,0,0,0,0,0,0,0,0,0,0,,,,
123|28,0,0,0,0,0,0,1,0,0,0,0,0,0,0,0,0,,,,
133|112,0,0,0,0,0,0,0,5,0,0,0,0,1,0,0,0,,,,
30|124,0,0,0,0,0,0,0,0,0,0,0,0,0,0,0,0,,,,
61|30,0,0,0,0,0,0,0,0,0,0,0,0,0,0,0,0,,,,
92|83,0,0,0,0,0,0,0,0,0,0,0,5,0,0,0,0,,,,
