140|131,0,0,0,0,0,0,0,0,0,0,0,0,0,0,0,0,,,,
25|122,0,0,0,0,0,0,0,0,0,0,0,0,0,0,0,0,,,,
12|135,0,0,0,0,0,0,0,0,0,0,0,0,0,0,0,0,,,,
87|30,0,0,0,0,0,0,0,0,0,0,0,0,0,0,0,0,,,,
50|130,0,0,0,0,0,0,0,0,0,0,0,0,0,0,0,0,,,,
77|121,0,0,0,0,0,0,0,0,0,0,0,0,0,0,0,0,,,,
78|36,0,0,0,0,0,0,0,0,0,0,0,0,0,0,0,0,0|0#1|0#2|0#3|0#4|0#5|0#6|0#7|0#8|0#9|0#10|0#11|0#12|0,,0|0#1|0#2|0#3|0#4|0#5|0#6|0#7|0#8|0#9|0#10|0#11|0#12|0,0|0#1|0#2|0#3|0#4|0#5|0#6|0#7|0#8|0#9|0#10|0#11|0#12|0
102|136,0,0,0,0,0,0,0,0,0,0,0,0,0,0,0,0,,,,
128|110,0,0,0,0,0,1,0,0,0,0,0,1,0,0,0,0,,,,
147|0,0,0,0,0,0,0,0,0,0,0,0,0,0,0,0,0,,,,
139|11,0,0,0,0,0,0,0,0,0,0,0,0,0,0,0,0,,,,
11|79,0,0,0,0,0,0,0,0,0,0,0,0,0,0,0,0,,,,
3|132,0,0,0,0,0,0,0,0,0,0,0,0,0,0,0,0,,,,
149|28,0,0,0,0,0,0,0,0,0,0,0,0,0,0,0,0,,,,
78|138,0,0,0,0,0,0,0,0,0,0,0,0,0,0,0,0,,,,
39|126,0,0,0,0,0,0,0,0,0,0,0,0,0,0,0,0,,,,
110|76,0,0,0,0,0,0,0,1,0,0,0,0,0,0,0,0,0|0#1|0#2|0#3|0#4|0#5|0#6|0#7|0#8|0#9|0#10|0#11|0#12|0,0|0#1|0#2|0#3|0#4|0#5|0#6|0#7|0#8|0#9|0#10|0#11|0#12|0,0|0#1|0#2|0#3|0#4|0#5|0#6|0#7|0#8|0#9|0#10|0#11|0#12|0,0|0#1|0#2|0#3|0#4|0#5|0#6|0#7|0#8|0#9|0#10|0#11|0#12|0
64|134,0,0,0,0,0,0,0,0,0,0,0,0,0,0,0,0,,,,
99|72,23,8,74,3,0,6,5,5,1,0,19,13,1,0,0,0,0|0#1|0#2|0#3|4#4|4#5|2#6|2#7|2#8|2#9|3#10|3#11|2#12|0,0|0#1|0#2|0#3|3#4|3#5|2#6|2#7|2#8|2#9|2#10|2#11|2#12|0,0|0#1|0#2|0#3|4#4|3#5|2#6|2#7|2#8|3#9|3#10|3#11|3#12|0,0|0#1|0#2|0#3|3#4|2#5|2#6|2#7|2#8|2#9|2#10|2#11|2#12|0
20|73,0,0,0,0,0,0,0,0,0,0,0,0,0,0,0,0,,,,
88|5,0,0,0,0,0,0,0,0,0,0,0,0,0,0,0,0,,,,
97|47,24,16,13,6,4,1,1,3,0,2,9,2,7,0,0,0,0|0#1|0#2|0#3|2#4|2#5|2#6|2#7|3#8|3#9|3#10|3#11|3#12|0,0|0#1|0#2|0#3|1#4|2#5|2#6|2#7|2#8|2#9|2#10|2#11|2#12|0,0|0#1|0#2|0#3|2#4|2#5|2#6|3#7|3#8|3#9|3#10|3#11|3#12|0,0|0#1|0#2|0#3|0#4|2#5|2#6|2#7|2#8|2#9|2#10|2#11|2#12|0
59|25,0,0,0,0,0,0,0,0,0,0,0,0,0,0,1,0,,,,
26|139,0,0,0,0,0,0,0,0,0,0,0,0,0,0,0,0,,,,
115|123,0,0,0,0,0,0,0,0,0,0,0,0,0,0,0,0,,,,
120|9,0,0,0,0,0,0,0,0,0,0,0,0,0,0,0,0,,,,
129|127,0,0,0,0,0,1,0,0,0,0,0,0,0,0,0,0,,,,
51|147,0,0,0,0,0,0,0,0,0,0,0,0,0,0,0,0,,,,
