150|111,0,0,0,0,0,0,0,0,0,0,0,0,0,0,0,0,,,,
22|115,0,0,0,0,0,0,0,0,0,0,0,0,0,0,0,0,,,,
139|107,0,0,0,0,0,0,0,0,0,0,0,0,0,0,0,0,,,,
0|125,0,0,0,0,0,0,0,0,0,0,0,0,0,0,0,0,,,,
149|51,0,0,0,0,0,0,0,0,0,0,0,0,0,0,0,0,0|0#1|0#2|0#3|0#4|0#5|0#6|0#7|0#8|0#9|0#10|0#11|0#12|0,,,
128|15,0,0,0,0,0,0,0,0,0,0,0,0,0,0,0,0,,,,
60|110,0,0,0,0,0,0,0,0,0,0,0,0,0,0,0,0,,,,
36|119,0,0,0,0,0,0,0,0,0,0,0,0,0,0,0,0,,,,
69|65,0,0,0,0,0,0,0,0,0,0,0,0,0,0,0,0,,,,
125|103,0,0,0,0,0,0,0,0,0,0,0,0,0,0,0,0,,,,
97|70,11,5,15,1,5,1,2,5,3,5,6,144,11,0,0,0,0|0#1|0#2|0#3|4#4|4#5|4#6|4#7|4#8|4#9|4#10|4#11|4#12|0,0|0#1|0#2|0#3|4#4|4#5|4#6|4#7|3#8|3#9|3#10|3#11|3#12|0,0|0#1|0#2|0#3|4#4|4#5|4#6|4#7|4#8|4#9|4#10|4#11|4#12|0,0|0#1|0#2|0#3|4#4|4#5|4#6|3#7|3#8|3#9|3#10|3#11|3#12|0
61|127,0,0,0,0,0,0,0,0,0,0,0,0,0,0,0,0,,,,
94|1,0,0,0,0,0,0,0,3,0,0,0,0,1,0,0,0,,,,
88|76,121,34,116,5,17,20,9,33,0,0,39,7,3,0,0,0,0|0#1|0#2|0#3|3#4|0#5|0#6|1#7|0#8|0#9|0#10|2#11|2#12|0,0|0#1|0#2|0#3|2#4|0#5|0#6|0#7|0#8|0#9|0#10|0#11|1#12|0,0|0#1|0#2|0#3|2#4|0#5|0#6|1#7|0#8|0#9|1#10|2#11|2#12|0,0|0#1|0#2|0#3|0#4|0#5|0#6|0#7|0#8|0#9|0#10|0#11|1#12|0
68|3,0,0,0,0,0,0,0,0,0,0,0,0,0,0,0,0,,,,
151|128,0,0,0,0,0,0,0,0,0,0,0,0,0,0,0,0,,,,
48|29,0,0,0,0,0,0,0,0,0,0,0,0,0,0,0,0,,,,
49|106,0,0,0,0,0,0,0,0,0,0,0,0,2,0,0,0,,,,
76|34,8,0,1,1,0,0,0,1,0,0,1,0,2,0,0,0,,0|0#1|0#2|0#3|0#4|0#5|0#6|0#7|0#8|0#9|0#10|0#11|0#12|0,0|0#1|0#2|0#3|0#4|0#5|0#6|0#7|0#8|0#9|0#10|0#11|0#12|0,0|0#1|0#2|0#3|0#4|0#5|0#6|0#7|0#8|0#9|0#10|0#11|0#12|0
87|101,6,2,3,6,1,0,0,7,1,0,0,1,2,0,0,0,0|0#1|0#2|0#3|0#4|0#5|0#6|0#7|0#8|0#9|0#10|0#11|0#12|0,,0|0#1|0#2|0#3|0#4|0#5|0#6|0#7|0#8|0#9|0#10|0#11|0#12|0,
100|7,0,0,0,0,0,0,0,0,0,0,0,0,0,0,0,0,,,,
38|12,0,0,0,0,0,0,0,0,0,0,0,0,0,0,0,0,,,,
7|19,0,0,0,0,0,0,0,0,0,0,0,0,0,0,0,0,,,,
9|44,0,0,0,0,0,0,0,0,0,0,0,0,0,0,0,0,,,,
74|114,0,0,2,0,0,0,0,0,0,0,0,0,0,0,0,0,,,,
95|45,0,2,0,0,0,0,0,0,0,0,0,0,1,0,0,0,0|0#1|0#2|0#3|0#4|0#5|0#6|0#7|0#8|0#9|0#10|0#11|0#12|0,0|0#1|0#2|0#3|0#4|0#5|0#6|0#7|0#8|0#9|0#10|0#11|0#12|0,0|0#1|0#2|0#3|0#4|0#5|0#6|0#7|0#8|0#9|0#10|0#11|0#12|0,0|0#1|0#2|0#3|0#4|0#5|0#6|0#7|0#8|0#9|0#10|0#11|0#12|0
88|118,0,0,0,0,0,0,0,20,1,0,0,0,0,0,0,0,,,,
147|26,0,0,1,0,0,1,0,0,0,0,1,1,0,0,0,0,0|0#1|0#2|0#3|0#4|0#5|0#6|0#7|0#8|0#9|0#10|0#11|0#12|0,,0|0#1|0#2|0#3|0#4|0#5|0#6|0#7|0#8|0#9|0#10|0#11|0#12|0,
29|18,0,0,0,0,0,0,0,0,0,0,0,0,0,0,0,0,,,,
112|116,0,0,0,0,0,0,0,0,0,0,0,0,0,0,0,0,,,,
35|102,0,0,0,0,0,0,0,0,0,0,0,0,0,0,0,0,,,,
57|23,0,0,0,0,0,0,0,0,0,0,0,0,0,0,0,0,,,0|0#1|0#2|0#3|0#4|0#5|0#6|0#7|0#8|0#9|0#10|0#11|0#12|0,
