24|76,0,0,0,0,0,0,0,0,0,0,0,0,0,0,0,0,,,,
30|7,0,0,0,0,0,0,0,0,0,0,0,0,0,0,0,0,,,,
12|34,0,0,0,0,0,0,0,0,0,0,0,0,0,0,0,0,,,,
114|79,3,0,1,5,0,0,0,1,0,0,0,39,2,0,0,0,0|0#1|0#2|0#3|0#4|0#5|0#6|0#7|0#8|0#9|0#10|0#11|0#12|0,,0|0#1|0#2|0#3|0#4|0#5|0#6|0#7|0#8|0#9|0#10|0#11|0#12|0,
15|118,0,0,0,0,0,0,0,0,0,0,0,0,0,0,0,0,,,,
104|102,0,0,0,0,0,0,0,0,0,0,0,0,0,0,1,0,,,,
123|73,0,0,0,0,0,0,0,0,0,0,0,0,0,0,0,0,,,,
130|127,0,0,0,0,0,0,0,0,0,0,0,0,0,0,0,0,,,,
6|115,0,0,0,0,0,0,0,0,0,0,0,0,0,0,0,0,,,,
50|56,0,1,0,0,0,0,0,0,0,0,1,0,0,0,0,0,,,,
66|100,1,0,0,0,0,0,1,0,1,0,0,0,0,0,0,0,,,,
53|113,0,0,0,0,0,0,0,0,0,0,0,0,0,0,0,0,,,,
43|87,0,0,0,0,0,0,0,0,0,0,0,0,0,0,0,0,,,,
111|31,0,0,0,0,0,0,0,0,0,0,0,0,1,0,0,0,,0|0#1|0#2|0#3|0#4|0#5|0#6|0#7|0#8|0#9|0#10|0#11|0#12|0,,0|0#1|0#2|0#3|0#4|0#5|0#6|0#7|0#8|0#9|0#10|0#11|0#12|0
33|70,0,0,0,0,0,0,0,0,0,0,0,0,0,0,0,0,,,,
40|126,0,0,0,0,0,0,0,0,0,0,0,0,0,0,0,0,,,,
105|119,3,0,1,0,0,0,1,0,0,0,0,6,5,0,0,0,,,,
28|105,0,0,0,0,0,0,0,0,0,0,0,0,0,0,0,0,,,,
121|48,0,0,0,0,0,0,0,0,0,0,0,0,0,0,0,0,,,,
130|42,0,0,0,0,0,0,0,0,0,0,0,0,0,0,0,0,0|0#1|0#2|0#3|0#4|0#5|0#6|0#7|0#8|0#9|0#10|0#11|0#12|0,0|0#1|0#2|0#3|0#4|0#5|0#6|0#7|0#8|0#9|0#10|0#11|0#12|0,0|0#1|0#2|0#3|0#4|0#5|0#6|0#7|0#8|0#9|0#10|0#11|0#12|0,0|0#1|0#2|0#3|0#4|0#5|0#6|0#7|0#8|0#9|0#10|0#11|0#12|0
92|125,0,0,0,0,0,0,0,0,0,0,0,0,0,0,0,0,,,,
140|59,0,0,0,0,0,0,0,0,0,0,0,0,0,0,0,0,,,,
67|117,0,0,0,0,0,0,0,0,0,0,0,0,0,0,0,0,,,,
14|101,0,0,0,0,0,0,0,0,0,0,0,0,0,0,0,0,,,,
31|45,0,0,0,0,0,0,0,0,0,0,0,0,0,0,0,0,,,,
52|81,0,5,0,0,0,0,0,1,1,0,0,0,0,0,0,0,,0|0#1|0#2|0#3|0#4|0#5|0#6|0#7|0#8|0#9|0#10|0#11|0#12|0,,
102|37,0,0,0,0,0,0,0,0,0,0,0,0,0,0,0,0,0|0#1|0#2|0#3|0#4|0#5|0#6|0#7|0#8|0#9|0#10|0#11|0#12|0,0|0#1|0#2|0#3|0#4|0#5|0#6|0#7|0#8|0#9|0#10|0#11|0#12|0,0|0#1|0#2|0#3|0#4|0#5|0#6|0#7|0#8|0#9|0#10|0#11|0#12|0,0|0#1|0#2|0#3|0#4|0#5|0#6|0#7|0#8|0#9|0#10|0#11|0#12|0
62|98,0,0,0,0,0,0,0,1,0,0,0,0,0,0,0,0,0|0#1|0#2|0#3|0#4|0#5|0#6|0#7|0#8|0#9|0#10|0#11|0#12|0,,0|0#1|0#2|0#3|0#4|0#5|0#6|0#7|0#8|0#9|0#10|0#11|0#12|0,
118|106,0,0,0,0,0,0,0,0,0,0,0,0,0,0,0,0,,,,
142|84,0,0,0,0,0,0,0,0,0,0,0,0,0,0,0,0,,,,
104|62,166,43,434,52,18,26,26,30,28,11,150,20,32,1,0,0,0|0#1|0#2|0#3|4#4|4#5|4#6|4#7|4#8|4#9|4#10|4#11|4#12|0,0|0#1|0#2|0#3|4#4|4#5|4#6|4#7|4#8|4#9|4#10|4#11|4#12|0,0|0#1|0#2|0#3|4#4|4#5|4#6|4#7|4#8|4#9|4#10|4#11|4#12|0,0|0#1|0#2|0#3|4#4|4#5|4#6|4#7|4#8|4#9|4#10|4#11|4#12|0
2|77,0,0,0,0,0,0,0,0,0,0,0,0,0,0,0,0,,,,
71|92,0,0,0,0,0,0,0,0,0,0,0,0,0,0,0,0,,,,
143|114,0,0,0,0,0,0,0,0,0,0,0,0,0,0,0,0,,,,
