63|9,0,0,0,0,0,0,0,0,0,0,0,0,0,0,0,0,,,,
117|127,0,0,0,0,0,0,0,0,0,0,0,0,0,0,0,0,,,,
116|110,0,0,0,0,0,0,0,0,0,0,0,0,0,0,0,0,,,,
65|121,0,0,0,0,0,0,0,0,0,0,0,0,0,0,0,0,,,,
21|66,0,1,0,0,0,0,0,0,0,0,0,0,0,0,0,0,,,,
142|135,13,7,28,1,4,4,5,3,2,0,11,5,5,0,0,0,,,,
79|29,2,0,0,1,1,0,0,0,1,0,0,11,0,0,0,0,0|0#1|0#2|0#3|0#4|0#5|0#6|0#7|0#8|0#9|0#10|0#11|0#12|0,,0|0#1|0#2|0#3|0#4|0#5|0#6|0#7|0#8|0#9|0#10|0#11|0#12|0,
30|60,0,0,0,0,0,0,0,0,0,0,0,0,0,0,0,0,,,,
113|94,0,0,0,0,0,0,0,0,0,0,0,0,0,0,0,0,,,,
122|4,2,0,5,0,2,0,1,1,4,0,0,0,1,0,0,0,,,,
14|97,0,0,0,0,0,0,0,0,0,0,0,0,0,0,0,0,,,,
103|123,0,0,0,0,0,0,0,0,0,0,0,5,0,0,0,0,,,,
66|138,0,0,0,0,0,0,0,0,0,0,0,0,0,0,0,0,,,,
52|134,0,0,0,0,0,0,0,0,0,0,0,0,0,0,0,0,,,,
5|136,0,0,0,0,0,0,0,0,0,0,0,0,0,0,0,0,,,,
111|69,1,0,3,1,0,3,1,0,0,0,0,9,0,0,0,0,0|0#1|0#2|0#3|0#4|0#5|0#6|0#7|0#8|0#9|0#10|0#11|0#12|0,0|0#1|0#2|0#3|0#4|0#5|0#6|0#7|0#8|0#9|0#10|0#11|0#12|0,0|0#1|0#2|0#3|0#4|0#5|0#6|0#7|0#8|0#9|0#10|0#11|0#12|0,0|0#1|0#2|0#3|0#4|0#5|0#6|0#7|0#8|0#9|0#10|0#11|0#12|0
27|126,0,0,0,0,0,0,0,0,0,0,0,0,0,0,0,0,,,,
13|122,0,0,0,0,0,0,0,0,0,0,0,0,0,0,0,0,,,,
40|77,0,0,0,0,0,0,0,0,0,0,0,0,0,0,0,0,,,,
101|52,86,39,66,11,5,15,4,13,10,3,33,12,14,0,0,0,0|0#1|0#2|0#3|2#4|2#5|2#6|2#7|2#8|2#9|2#10|2#11|2#12|0,0|0#1|0#2|0#3|1#4|1#5|2#6|0#7|1#8|1#9|1#10|1#11|2#12|0,0|0#1|0#2|0#3|2#4|2#5|2#6|2#7|2#8|2#9|2#10|2#11|3#12|0,0|0#1|0#2|0#3|1#4|1#5|1#6|0#7|1#8|0#9|2#10|1#11|2#12|0
14|139,0,0,0,0,0,0,0,0,0,0,0,0,0,0,0,0,,,,
23|91,0,0,0,0,0,0,0,0,0,0,0,0,0,0,0,0,,,,
88|23,0,0,0,0,0,0,0,0,0,0,0,0,0,0,0,0,,0|0#1|0#2|0#3|0#4|0#5|0#6|0#7|0#8|0#9|0#10|0#11|0#12|0,,0|0#1|0#2|0#3|0#4|0#5|0#6|0#7|0#8|0#9|0#10|0#11|0#12|0
79|125,0,0,0,0,0,0,0,0,0,0,0,0,0,0,0,0,,,,
1|92,0,0,0,0,0,0,0,0,0,0,0,0,0,0,0,0,,,,
69|12,0,0,0,0,0,0,0,0,0,0,0,0,0,0,0,0,,,,
91|146,0,0,0,0,0,0,0,0,0,0,0,0,0,0,0,0,,,,
120|63,0,0,0,0,0,0,0,0,0,0,0,0,0,0,0,0,,,0|0#1|0#2|0#3|0#4|0#5|0#6|0#7|0#8|0#9|0#10|0#11|0#12|0,
