87|121,0,0,0,0,0,0,0,0,0,0,0,0,0,0,0,0,,,,
74|29,0,0,0,0,0,0,0,1,0,0,0,0,0,0,0,0,,,,
95|65,258,81,457,23,36,46,40,38,6,27,211,63,44,1,0,0,0|0#1|0#2|0#3|4#4|4#5|4#6|4#7|4#8|4#9|4#10|4#11|4#12|0,0|0#1|0#2|0#3|4#4|4#5|4#6|4#7|4#8|4#9|4#10|4#11|4#12|0,0|0#1|0#2|0#3|4#4|4#5|4#6|4#7|4#8|4#9|4#10|4#11|4#12|0,0|0#1|0#2|0#3|4#4|4#5|4#6|4#7|4#8|4#9|4#10|4#11|4#12|0
139|127,0,0,0,0,0,0,0,0,0,0,0,0,0,0,0,0,,,,
13|9,0,0,0,0,0,0,0,0,0,0,0,1,0,0,0,0,,,,
125|123,0,0,0,0,0,0,0,0,0,0,0,0,0,0,0,0,,,,
48|49,0,0,0,0,0,0,0,0,0,0,0,0,0,0,0,0,,,,
22|135,0,0,0,0,0,0,0,0,0,0,0,0,0,0,0,0,,,,
83|23,0,0,0,0,0,0,0,0,1,0,0,0,0,0,0,0,,,,
149|71,0,0,0,0,0,0,0,0,0,0,0,0,0,0,0,0,,,,
128|35,0,0,0,0,0,0,0,0,0,0,0,0,0,0,0,0,,,,
9|64,0,0,0,0,0,0,0,0,0,0,0,0,0,0,0,0,,,,
76|54,1,0,4,0,0,1,1,1,0,0,0,5,0,0,0,0,0|0#1|0#2|0#3|0#4|0#5|0#6|0#7|0#8|0#9|0#10|0#11|0#12|0,,0|0#1|0#2|0#3|0#4|0#5|0#6|0#7|0#8|0#9|0#10|0#11|0#12|0,
38|32,0,0,0,0,0,0,0,1,0,0,0,0,0,0,0,0,,,,
109|24,0,0,0,0,0,0,0,0,0,0,0,0,0,0,0,0,0|0#1|0#2|0#3|0#4|0#5|0#6|0#7|0#8|0#9|0#10|0#11|0#12|0,,0|0#1|0#2|0#3|0#4|0#5|0#6|0#7|0#8|0#9|0#10|0#11|0#12|0,
88|96,8,1,16,23,2,4,1,1,2,0,1,12,4,0,0,0,0|0#1|0#2|0#3|0#4|0#5|0#6|0#7|0#8|0#9|0#10|0#11|0#12|0,0|0#1|0#2|0#3|0#4|0#5|0#6|0#7|0#8|0#9|0#10|0#11|0#12|0,0|0#1|0#2|0#3|0#4|0#5|0#6|0#7|0#8|0#9|0#10|0#11|0#12|0,0|0#1|0#2|0#3|0#4|0#5|0#6|0#7|0#8|0#9|0#10|0#11|0#12|0
64|12,0,0,0,0,0,0,0,0,0,0,0,0,0,0,0,0,,,,
88|138,0,0,0,0,0,0,0,0,0,0,0,0,0,0,0,0,,,,
36|139,0,0,0,0,0,0,0,0,0,0,0,0,0,0,0,0,,,,
55|18,0,0,0,0,0,0,0,0,0,0,0,0,0,0,0,0,,,,
138|110,0,0,0,0,0,0,0,0,0,0,0,0,0,0,0,0,,,,
35|122,0,0,0,0,0,0,0,0,0,0,0,0,0,0,0,0,,,,
150|131,0,0,0,0,0,0,0,0,0,0,0,0,0,0,0,0,,,,
7|39,0,0,0,0,0,0,0,0,0,0,0,0,0,0,0,0,,,,
57|43,1,1,20,0,1,2,2,1,0,0,2,3,1,0,0,0,0|0#1|0#2|0#3|0#4|0#5|0#6|0#7|0#8|0#9|0#10|0#11|0#12|0,,0|0#1|0#2|0#3|0#4|0#5|0#6|0#7|0#8|0#9|0#10|0#11|0#12|0,
112|136,0,1,0,0,0,0,1,0,0,0,0,3,0,0,0,0,,,,
69|85,12,3,36,4,4,2,1,6,9,0,5,2,3,0,0,0,0|0#1|0#2|0#3|0#4|0#5|0#6|0#7|0#8|0#9|0#10|0#11|0#12|0,,,
19|21,0,0,0,0,0,0,0,0,0,0,0,0,0,0,0,0,,,,
60|130,0,0,0,0,0,0,0,0,0,0,0,0,0,0,0,0,,,,
49|126,0,0,0,0,0,0,0,0,0,0,0,0,0,0,0,0,,,,
147|46,0,0,0,0,0,0,0,0,0,0,0,0,0,0,0,0,,,,
74|134,0,0,0,0,0,0,0,0,0,0,0,0,0,0,0,0,,,,
97|90,0,0,0,0,0,0,0,0,0,0,0,0,0,0,0,0,,,,
29|38,0,0,0,0,0,0,0,0,0,0,0,0,0,0,0,0,,,,
61|147,0,0,0,0,0,0,0,0,0,0,0,0,0,0,0,0,,,,
0|145,0,0,0,0,0,0,0,0,0,0,0,0,0,0,0,0,,,,
