69|37,0,0,0,0,0,0,0,0,0,0,0,1,0,0,0,0,0|0#1|0#2|0#3|0#4|0#5|0#6|0#7|0#8|0#9|0#10|0#11|0#12|0,,0|0#1|0#2|0#3|0#4|0#5|0#6|0#7|0#8|0#9|0#10|0#11|0#12|0,
12|130,0,0,0,0,0,0,0,0,0,0,0,0,0,0,0,0,,,,
88|0,0,0,0,0,0,0,0,0,0,0,0,0,0,0,0,0,,,,
120|88,5,6,6,0,0,2,0,5,1,0,1,0,1,0,0,0,0|0#1|0#2|0#3|0#4|0#5|0#6|0#7|0#8|0#9|0#10|0#11|0#12|0,0|0#1|0#2|0#3|0#4|0#5|0#6|0#7|0#8|0#9|0#10|0#11|0#12|0,0|0#1|0#2|0#3|0#4|0#5|0#6|0#7|0#8|0#9|0#10|0#11|0#12|0,0|0#1|0#2|0#3|0#4|0#5|0#6|0#7|0#8|0#9|0#10|0#11|0#12|0
97|42,0,0,0,0,0,1,1,0,0,0,0,0,0,0,0,0,,,,
110|71,0,0,0,0,0,1,0,0,0,0,0,2,0,0,0,0,0|0#1|0#2|0#3|0#4|1#5|0#6|0#7|0#8|0#9|0#10|0#11|1#12|0,0|0#1|0#2|0#3|0#4|0#5|0#6|0#7|0#8|0#9|0#10|0#11|0#12|0,0|0#1|0#2|0#3|0#4|0#5|0#6|0#7|0#8|0#9|0#10|0#11|0#12|0,0|0#1|0#2|0#3|0#4|0#5|0#6|0#7|0#8|0#9|0#10|0#11|0#12|0
95|17,0,0,0,0,0,0,0,0,0,0,0,0,0,0,0,0,,,,
11|74,0,0,0,0,0,0,0,0,0,0,0,0,0,0,0,0,,,,
101|77,5,0,6,0,10,0,2,1,1,0,3,0,5,0,0,0,0|0#1|0#2|0#3|0#4|0#5|0#6|0#7|0#8|0#9|0#10|0#11|0#12|0,0|0#1|0#2|0#3|0#4|0#5|0#6|0#7|0#8|0#9|0#10|0#11|0#12|0,0|0#1|0#2|0#3|0#4|0#5|0#6|0#7|0#8|0#9|0#10|0#11|0#12|0,0|0#1|0#2|0#3|0#4|0#5|0#6|0#7|0#8|0#9|0#10|0#11|0#12|0
4|144,0,0,0,0,0,0,0,0,0,0,0,0,0,0,0,0,,,,
102|131,0,0,0,0,0,0,0,0,0,0,0,0,0,0,0,0,,,,
26|134,0,0,0,0,0,0,0,0,0,0,0,0,0,0,0,0,,,,
78|31,6,4,1,1,0,0,0,4,0,0,0,0,0,0,0,0,,,,
116|135,0,0,0,0,0,0,0,0,0,0,0,0,0,0,0,0,,,,
141|143,0,0,0,0,0,0,0,0,0,0,0,0,0,0,0,0,,,,
120|4,0,0,0,0,0,0,0,0,0,0,0,0,0,0,0,0,,,,
30|85,0,0,0,0,0,0,0,0,0,0,0,0,0,0,0,0,,,,
129|122,0,0,1,0,0,0,0,0,0,0,0,4,0,0,0,0,,,,
61|9,0,0,0,0,0,0,0,0,0,0,0,0,0,0,0,0,,,,
13|147,0,0,0,0,0,0,0,0,0,0,0,0,0,0,0,0,,,,
65|146,0,0,0,0,0,0,0,0,0,0,0,0,0,0,0,0,,,,
39|121,0,0,0,0,0,0,0,0,0,0,0,0,0,0,0,0,,,,
78|133,0,0,0,0,0,0,0,0,0,0,0,0,0,0,0,0,,,,
59|20,0,0,0,0,0,0,0,0,0,0,0,0,0,0,0,0,,,,
9|16,0,0,0,0,0,0,0,0,0,0,0,0,0,0,0,0,,,,
149|23,0,0,0,0,0,0,0,0,0,0,0,0,0,0,0,0,,,,
88|48,0,0,0,0,0,0,0,0,1,0,0,0,0,0,0,0,0|0#1|0#2|0#3|0#4|0#5|0#6|0#7|0#8|0#9|0#10|0#11|0#12|0,,,0|0#1|0#2|0#3|0#4|0#5|0#6|0#7|0#8|0#9|0#10|0#11|0#12|0
51|142,0,0,0,0,0,0,0,0,0,0,0,0,0,0,0,0,,,,
