34|21,0,0,0,0,0,0,0,0,0,0,0,0,0,0,0,0,,,,
98|134,0,0,0,0,0,0,0,0,0,0,0,0,0,0,0,0,,,,
32|131,0,0,0,0,0,0,0,0,0,0,0,0,0,0,0,0,,,,
63|49,0,0,0,0,0,0,0,0,0,0,0,0,0,0,0,0,,,,
138|91,0,0,0,0,0,0,0,0,0,0,0,0,0,0,0,0,,,,
5|53,0,0,0,0,0,0,0,0,0,0,0,0,0,0,0,0,,,,
39|94,1,0,0,0,0,0,0,1,1,0,1,0,1,0,0,0,,0|0#1|0#2|0#3|0#4|0#5|0#6|0#7|0#8|0#9|0#10|0#11|0#12|0,,0|0#1|0#2|0#3|0#4|0#5|0#6|0#7|0#8|0#9|0#10|0#11|0#12|0
105|13,0,0,0,0,0,0,0,0,0,0,0,0,0,0,0,0,,,,
91|54,180,85,242,8,6,28,10,58,1,5,113,23,11,0,0,0,0|0#1|0#2|0#3|2#4|2#5|2#6|1#7|1#8|1#9|2#10|2#11|0#12|0,0|0#1|0#2|0#3|2#4|1#5|0#6|0#7|0#8|0#9|1#10|1#11|0#12|0,0|0#1|0#2|0#3|2#4|2#5|1#6|2#7|0#8|2#9|2#10|0#11|1#12|0,0|0#1|0#2|0#3|2#4|0#5|0#6|0#7|0#8|1#9|1#10|0#11|0#12|0
37|69,0,0,0,0,0,0,0,0,0,0,0,0,0,0,0,0,,,,
53|32,8,2,45,3,4,2,2,6,8,0,10,3,0,0,0,0,,,0|0#1|0#2|0#3|0#4|0#5|0#6|0#7|0#8|0#9|0#10|0#11|0#12|0,
46|63,0,0,0,0,0,0,0,0,0,0,0,0,0,0,0,0,,,,
84|85,4,2,1,3,0,0,0,4,4,0,6,6,5,0,0,0,0|0#1|0#2|0#3|0#4|0#5|0#6|0#7|1#8|1#9|0#10|0#11|0#12|0,0|0#1|0#2|0#3|0#4|0#5|0#6|0#7|0#8|0#9|0#10|0#11|0#12|0,0|0#1|0#2|0#3|0#4|0#5|0#6|1#7|1#8|0#9|0#10|0#11|0#12|0,0|0#1|0#2|0#3|0#4|0#5|0#6|0#7|0#8|0#9|0#10|0#11|0#12|0
149|123,0,0,0,0,0,0,0,0,0,0,0,0,0,0,0,0,,,,
62|8,0,0,0,0,0,2,0,0,1,0,0,0,0,0,0,0,,,,
85|147,0,0,0,0,0,0,0,0,0,0,0,0,0,0,0,0,,,,
3|28,0,0,0,0,0,0,0,0,0,0,0,0,0,0,0,0,,,,
44|38,0,0,0,0,0,0,0,0,0,0,0,0,0,0,0,0,,,,
84|130,0,0,0,0,0,0,0,0,0,0,0,0,0,0,0,0,,,,
65|74,0,0,0,0,0,0,0,0,0,0,0,0,1,0,0,0,,,,
143|35,0,1,0,0,0,1,0,0,0,0,0,1,1,0,0,0,0|0#1|0#2|0#3|0#4|0#5|0#6|0#7|0#8|0#9|0#10|0#11|0#12|0,0|0#1|0#2|0#3|0#4|0#5|0#6|0#7|0#8|0#9|0#10|0#11|0#12|0,0|0#1|0#2|0#3|0#4|0#5|0#6|0#7|0#8|0#9|0#10|0#11|0#12|0,0|0#1|0#2|0#3|0#4|0#5|0#6|0#7|0#8|0#9|0#10|0#11|0#12|0
72|43,0,0,0,0,0,0,0,0,0,0,0,0,0,0,0,0,0|0#1|0#2|0#3|0#4|0#5|0#6|0#7|0#8|0#9|0#10|0#11|0#12|0,,0|0#1|0#2|0#3|0#4|0#5|0#6|0#7|0#8|0#9|0#10|0#11|0#12|0,
122|132,0,0,0,0,0,0,0,0,0,0,0,0,0,0,0,0,,,,
145|60,0,0,0,0,0,0,0,0,0,0,0,0,0,0,0,0,,,,
27|52,0,0,0,0,0,0,0,0,0,0,0,0,0,0,0,0,,,,
70|18,0,0,0,0,0,0,0,0,0,0,0,0,0,0,0,0,,,,
46|135,0,0,0,0,0,0,0,0,0,0,0,0,0,0,0,0,,,,
59|122,0,0,0,0,0,0,0,0,0,0,0,0,0,0,0,0,,,,
119|80,0,0,0,0,0,0,0,0,0,0,0,0,0,0,0,0,0|0#1|0#2|0#3|0#4|0#5|0#6|0#7|0#8|0#9|0#10|0#11|0#12|0,0|0#1|0#2|0#3|0#4|0#5|0#6|1#7|0#8|0#9|0#10|0#11|0#12|0,,0|0#1|0#2|0#3|0#4|0#5|0#6|0#7|0#8|0#9|0#10|0#11|0#12|0
121|3,0,0,0,0,0,0,0,0,0,0,0,0,0,0,0,0,,,,
71|143,0,0,0,0,0,0,0,0,0,0,0,0,0,0,0,0,,,,
124|24,0,0,0,0,0,0,0,0,0,0,0,0,0,0,0,0,,,,
136|136,0,0,0,0,0,0,0,0,0,0,0,0,0,0,0,0,,,,
15|10,0,0,0,0,0,0,0,0,0,0,0,2,0,0,0,0,,,,
136|66,0,0,0,0,0,0,0,0,0,0,0,0,0,0,0,0,,,,
129|97,0,0,0,0,0,0,0,0,0,0,0,0,0,0,0,0,,,,
25|27,0,0,0,0,0,0,0,0,1,0,0,0,0,0,0,0,,,,
117|55,0,0,0,1,0,0,0,0,0,0,0,0,1,0,0,0,0|0#1|0#2|0#3|0#4|0#5|0#6|0#7|0#8|0#9|1#10|0#11|0#12|0,0|0#1|0#2|0#3|0#4|0#5|0#6|0#7|0#8|0#9|0#10|0#11|0#12|0,0|0#1|0#2|0#3|0#4|0#5|0#6|1#7|0#8|0#9|0#10|0#11|0#12|0,0|0#1|0#2|0#3|0#4|0#5|0#6|0#7|0#8|0#9|0#10|0#11|0#12|0
18|58,1,1,1,0,0,0,0,2,5,0,0,0,0,0,0,0,,,,
