22|52,42,24,13,0,3,0,3,24,4,1,11,1,1,0,0,0,0|0#1|0#2|0#3|0#4|0#5|0#6|0#7|0#8|0#9|0#10|0#11|0#12|0,,0|0#1|0#2|0#3|0#4|0#5|0#6|0#7|0#8|0#9|0#10|0#11|0#12|0,0|0#1|0#2|0#3|0#4|0#5|0#6|0#7|0#8|0#9|0#10|0#11|0#12|0
133|91,0,0,0,0,0,0,0,0,0,0,0,0,0,0,0,0,,,,
112|55,0,0,0,0,1,0,0,0,0,0,0,0,4,0,0,0,0|0#1|0#2|0#3|0#4|0#5|0#6|0#7|0#8|0#9|0#10|0#11|0#12|0,,0|0#1|0#2|0#3|0#4|0#5|0#6|0#7|0#8|0#9|0#10|0#11|0#12|0,
54|131,0,0,0,0,0,0,0,0,0,0,0,0,0,0,0,0,,,,
140|60,0,0,0,0,0,0,0,0,0,0,0,0,0,0,0,0,,,,
131|66,0,0,0,0,0,0,0,0,0,0,0,0,0,0,0,0,0|0#1|0#2|0#3|0#4|0#5|0#6|0#7|0#8|0#9|0#10|0#11|0#12|0,,0|0#1|0#2|0#3|0#4|0#5|0#6|0#7|0#8|0#9|0#10|0#11|0#12|0,
99|26,0,0,0,0,0,0,0,0,0,0,0,0,0,0,0,0,,0|0#1|0#2|0#3|0#4|0#5|0#6|0#7|0#8|0#9|0#10|0#11|0#12|0,,0|0#1|0#2|0#3|0#4|0#5|0#6|0#7|0#8|0#9|0#10|0#11|0#12|0
150|77,0,0,0,0,0,0,0,0,0,0,0,0,0,0,0,0,,0|0#1|0#2|0#3|0#4|0#5|0#6|0#7|0#8|0#9|0#10|0#11|0#12|0,,
100|13,0,0,0,0,0,0,0,0,0,0,0,0,0,0,0,0,,,,
93|143,0,0,0,0,0,0,0,0,0,0,0,0,0,0,0,0,,,,
106|137,0,0,0,0,0,0,0,0,0,0,0,0,0,0,0,0,,,,
119|124,0,0,0,0,0,0,0,0,0,0,0,1,0,0,0,0,,,,
32|69,0,0,0,0,0,0,0,0,0,0,0,0,0,0,0,0,,,,
29|123,0,0,0,0,0,0,0,0,0,0,0,0,0,0,0,0,,,,
41|63,0,0,0,0,0,0,0,0,0,0,0,0,0,0,0,0,,,,
0|53,0,0,0,0,0,0,0,0,0,0,0,0,0,0,0,0,,,,
105|120,0,0,0,0,0,3,0,0,0,0,0,0,0,0,0,0,,,,
15|83,0,0,0,0,0,0,0,0,0,0,0,0,0,0,0,0,,,,
41|144,0,0,0,0,0,0,0,0,0,0,0,0,0,0,0,0,,,,
12|8,0,0,0,0,0,0,0,0,0,0,0,0,0,0,0,0,,,,
105|86,0,0,0,0,0,0,0,0,0,0,0,0,0,0,0,0,,,,
60|74,0,0,0,0,0,0,0,0,0,0,0,0,0,0,0,0,,,,
16|136,0,0,0,0,0,0,0,0,0,0,0,0,0,0,0,0,,,,
13|58,0,1,0,0,0,0,0,0,0,0,0,0,0,0,0,0,,,,
20|27,0,0,0,0,0,0,0,0,0,0,0,0,0,0,0,0,,,,
114|80,2,1,2,1,0,1,2,1,0,0,1,35,0,0,0,0,0|0#1|0#2|0#3|0#4|0#5|0#6|0#7|0#8|0#9|0#10|0#11|0#12|0,,0|0#1|0#2|0#3|0#4|0#5|0#6|0#7|0#8|0#9|0#10|0#11|0#12|0,
10|10,0,0,0,0,0,0,0,0,0,0,0,0,0,0,0,0,,,,
34|94,0,0,0,0,0,0,0,0,0,0,0,0,0,0,0,0,,,,
7|133,0,0,0,0,0,0,0,0,0,0,0,0,0,0,0,0,,,,
124|97,0,0,0,0,0,0,0,0,1,0,0,7,0,0,0,0,,,,
144|132,0,0,0,0,0,0,0,0,0,0,0,0,0,0,0,0,,,,
68|135,0,0,0,0,0,0,0,0,0,0,0,0,0,0,0,0,,,,
131|145,0,0,0,0,0,0,0,0,0,0,0,0,0,0,0,0,,,,
