30|70,0,0,0,0,0,0,0,0,0,0,0,0,0,0,0,0,,,,
116|120,0,0,0,0,0,0,0,0,0,0,0,0,0,0,0,0,,,,
65|131,0,0,0,0,0,0,0,0,0,0,0,0,0,0,0,0,,,,
21|76,0,0,0,0,0,0,0,0,0,0,0,0,0,0,0,0,,,,
40|87,0,0,0,0,0,0,0,0,0,0,0,0,0,0,0,0,,,,
27|136,0,0,0,0,0,0,0,0,0,0,0,0,0,0,0,0,,,,
88|33,0,0,0,0,0,0,0,0,0,0,0,0,0,0,0,0,,,,
117|137,0,0,0,0,0,0,0,0,1,0,0,0,0,0,0,0,,,,
120|73,0,0,0,0,0,0,0,0,0,0,0,0,0,0,0,0,,,,
52|144,0,0,0,0,0,0,0,0,0,0,0,0,0,0,0,0,,,,
79|39,8,1,38,5,8,1,1,3,3,0,10,5,0,0,0,0,0|0#1|0#2|0#3|0#4|0#5|0#6|0#7|0#8|0#9|0#10|0#11|1#12|0,0|0#1|0#2|0#3|0#4|0#5|0#6|0#7|0#8|0#9|0#10|0#11|0#12|0,0|0#1|0#2|0#3|0#4|0#5|0#6|0#7|0#8|0#9|0#10|0#11|0#12|0,0|0#1|0#2|0#3|0#4|0#5|0#6|0#7|0#8|0#9|0#10|0#11|0#12|0
101|62,297,92,373,10,50,34,34,46,58,61,175,134,75,8,0,0,0|0#1|0#2|0#3|4#4|4#5|4#6|4#7|4#8|4#9|4#10|4#11|4#12|0,0|0#1|0#2|0#3|4#4|4#5|4#6|4#7|4#8|4#9|4#10|4#11|4#12|0,0|0#1|0#2|0#3|4#4|4#5|4#6|4#7|4#8|4#9|4#10|4#11|4#12|0,0|0#1|0#2|0#3|4#4|4#5|4#6|4#7|4#8|4#9|4#10|4#11|4#12|0
142|145,0,0,0,0,0,0,0,0,0,0,0,0,0,0,0,0,,,,
5|146,0,0,0,0,0,0,0,0,0,0,0,0,0,0,0,0,,,,
13|132,0,0,0,0,0,0,0,0,0,0,0,0,0,0,0,0,,,,
98|8,0,0,0,0,0,0,0,0,1,0,0,0,0,0,0,0,,,,
69|22,0,0,0,0,0,0,0,0,0,0,0,0,0,0,0,0,,,0|0#1|0#2|0#3|0#4|0#5|0#6|0#7|0#8|0#9|0#10|0#11|0#12|0,
79|135,0,0,0,0,0,0,0,1,0,0,0,0,0,0,0,0,,,,
103|133,0,1,1,0,3,1,1,0,0,0,2,2,0,0,0,0,,,,
111|79,35,4,33,4,18,9,3,8,1,2,28,6,2,0,0,0,0|0#1|0#2|0#3|0#4|0#5|0#6|0#7|0#8|0#9|1#10|0#11|0#12|0,0|0#1|0#2|0#3|0#4|0#5|0#6|0#7|0#8|0#9|0#10|0#11|0#12|0,0|0#1|0#2|0#3|0#4|0#5|0#6|0#7|0#8|0#9|0#10|0#11|0#12|0,0|0#1|0#2|0#3|0#4|0#5|0#6|0#7|0#8|0#9|0#10|0#11|0#12|0
