58|54,2,0,0,0,0,0,1,1,6,0,1,1,0,0,0,0,0|0#1|0#2|0#3|0#4|0#5|0#6|0#7|0#8|0#9|0#10|0#11|0#12|0,0|0#1|0#2|0#3|0#4|0#5|0#6|0#7|0#8|0#9|0#10|0#11|0#12|0,0|0#1|0#2|0#3|0#4|0#5|0#6|0#7|0#8|0#9|0#10|0#11|0#12|0,0|0#1|0#2|0#3|0#4|0#5|0#6|0#7|0#8|0#9|0#10|0#11|0#12|0
37|18,0,0,0,0,0,0,0,0,0,0,0,0,0,0,0,0,,,,
117|4,0,0,0,0,0,0,0,0,0,0,0,0,0,0,0,0,,,,
72|109,0,0,0,0,0,0,0,0,0,0,0,0,0,0,0,0,,,,
113|141,0,0,0,0,0,0,0,0,0,0,0,0,0,0,0,0,,,,
79|90,0,0,0,0,0,0,0,0,0,0,0,0,0,0,0,0,,,,
136|15,0,0,0,0,0,0,0,0,0,0,0,0,0,0,0,0,,,,
96|76,0,0,0,0,0,0,0,1,0,0,0,1,0,0,0,0,0|0#1|0#2|0#3|2#4|1#5|0#6|0#7|0#8|0#9|0#10|0#11|0#12|0,0|0#1|0#2|0#3|1#4|0#5|0#6|0#7|0#8|0#9|0#10|0#11|0#12|0,0|0#1|0#2|0#3|2#4|0#5|0#6|0#7|0#8|0#9|0#10|0#11|1#12|0,0|0#1|0#2|0#3|0#4|0#5|0#6|0#7|0#8|0#9|0#10|0#11|0#12|0
143|2,0,0,0,0,0,0,0,0,0,0,0,0,0,0,0,0,,,,
23|140,0,0,0,0,0,0,0,0,0,0,0,0,0,0,0,0,,,,
65|23,0,0,0,0,0,0,0,0,0,0,0,0,0,0,0,0,,,,
58|9,0,0,0,0,0,0,0,0,0,0,0,0,0,0,0,0,,,,
37|144,0,0,0,0,0,0,0,0,0,0,0,0,0,0,0,0,,,,
56|29,0,0,1,0,0,0,1,0,0,0,0,0,0,0,0,0,,,,
84|7,0,0,0,0,0,0,0,0,0,0,0,0,0,0,0,0,,,,
77|65,26,12,31,23,4,3,0,7,1,0,13,12,11,0,0,0,0|0#1|0#2|0#3|3#4|1#5|1#6|2#7|1#8|1#9|2#10|2#11|2#12|0,0|0#1|0#2|0#3|2#4|1#5|0#6|1#7|0#8|0#9|1#10|1#11|0#12|0,0|0#1|0#2|0#3|2#4|1#5|2#6|2#7|2#8|2#9|1#10|2#11|2#12|0,0|0#1|0#2|0#3|2#4|0#5|0#6|1#7|1#8|0#9|1#10|1#11|1#12|0
46|12,0,3,5,0,0,5,2,2,2,0,0,3,2,0,0,0,,,,
127|145,0,0,0,0,0,0,0,0,0,0,0,0,0,0,0,0,,,,
89|143,0,0,0,0,0,0,0,0,0,0,0,0,0,0,0,0,,,,
148|57,0,0,0,0,0,0,0,0,0,0,0,0,0,0,0,0,0|0#1|0#2|0#3|0#4|0#5|0#6|0#7|0#8|0#9|0#10|0#11|0#12|0,,0|0#1|0#2|0#3|0#4|0#5|0#6|0#7|0#8|0#9|0#10|0#11|0#12|0,
138|40,0,0,0,0,0,0,0,0,0,0,0,0,0,0,0,0,,,,
39|43,0,0,0,0,0,0,0,0,0,0,0,0,0,0,0,0,,,,
84|34,0,0,0,0,0,0,0,0,0,0,0,0,0,0,0,0,,,,
129|46,0,0,0,0,0,0,0,0,0,0,0,0,0,0,0,0,,,,
