64|122,0,0,0,0,0,0,0,0,0,0,0,0,0,0,0,0,,,,
11|67,0,0,0,0,0,0,0,0,0,0,0,0,0,0,0,0,,,,
30|78,0,0,0,0,0,0,0,0,0,0,0,0,0,0,0,0,,,,
65|139,0,0,0,0,0,0,0,0,0,0,0,0,0,0,0,0,,,,
97|35,0,0,0,0,0,0,0,0,0,0,0,0,0,0,0,0,,0|0#1|0#2|0#3|0#4|0#5|0#6|0#7|0#8|0#9|0#10|0#11|0#12|0,0|0#1|0#2|0#3|0#4|0#5|0#6|0#7|0#8|0#9|0#10|0#11|0#12|0,
20|61,0,0,0,0,0,0,0,0,0,0,0,0,0,0,0,0,,,,
115|111,0,0,0,0,0,0,0,0,0,0,0,0,0,0,0,0,,,,
110|64,0,0,0,0,0,0,0,0,0,0,0,5,0,0,0,0,0|0#1|0#2|0#3|0#4|0#5|0#6|0#7|1#8|0#9|0#10|0#11|0#12|0,0|0#1|0#2|0#3|0#4|0#5|0#6|0#7|0#8|0#9|0#10|0#11|0#12|0,0|0#1|0#2|0#3|0#4|0#5|0#6|1#7|0#8|0#9|0#10|0#11|0#12|0,0|0#1|0#2|0#3|0#4|0#5|0#6|0#7|0#8|0#9|0#10|0#11|0#12|0
90|147,0,0,0,0,0,0,0,0,0,0,0,0,0,0,0,0,,,,
4|137,0,0,0,0,0,0,0,0,0,0,0,0,0,0,0,0,,,,
103|95,26,7,11,2,0,0,1,5,0,0,4,1,7,0,0,0,0|0#1|0#2|0#3|0#4|0#5|0#6|0#7|0#8|0#9|0#10|0#11|0#12|0,0|0#1|0#2|0#3|0#4|0#5|0#6|0#7|0#8|0#9|0#10|0#11|0#12|0,0|0#1|0#2|0#3|0#4|0#5|0#6|0#7|0#8|0#9|0#10|0#11|0#12|0,0|0#1|0#2|0#3|0#4|0#5|0#6|0#7|0#8|0#9|0#10|0#11|0#12|0
12|123,0,0,0,0,0,0,0,0,0,0,0,0,0,0,0,0,,,,
102|124,1,0,2,2,0,0,1,0,0,0,0,0,1,0,0,0,,,,
3|120,0,0,0,0,0,0,0,0,0,0,0,0,0,0,0,0,,,,
116|128,0,0,0,0,0,0,0,0,0,0,0,0,0,0,0,0,,,,
53|4,0,0,0,0,0,0,0,0,0,0,0,0,0,0,0,0,,,,
51|135,0,0,0,0,0,0,0,0,0,0,0,0,0,0,0,0,,,,
59|13,0,0,0,0,0,0,0,0,0,0,0,0,0,0,0,0,,,,
99|60,156,38,413,4,38,55,40,36,15,47,114,346,33,11,0,0,0|0#1|0#2|0#3|4#4|4#5|4#6|4#7|4#8|4#9|4#10|4#11|4#12|0,0|0#1|0#2|0#3|4#4|4#5|4#6|4#7|4#8|4#9|4#10|4#11|4#12|0,0|0#1|0#2|0#3|4#4|4#5|4#6|4#7|4#8|4#9|4#10|4#11|4#12|0,0|0#1|0#2|0#3|4#4|4#5|4#6|4#7|4#8|4#9|4#10|4#11|4#12|0
78|24,0,0,0,0,0,0,0,0,0,0,0,7,0,0,0,0,,,,
39|114,0,0,0,0,0,0,0,0,0,0,0,0,0,0,0,0,,,,
78|126,0,0,0,0,0,0,0,0,0,0,0,0,0,0,0,0,,,,
13|92,0,0,0,0,0,0,0,0,0,0,0,0,0,0,0,0,,,,
129|115,128,111,431,42,28,24,16,26,16,21,130,151,93,3,0,0,,,,
141|136,7,7,9,15,5,2,1,2,59,1,8,7,4,1,0,0,,,,
26|127,0,0,0,0,0,0,0,0,0,0,0,0,0,0,0,0,,,,
25|110,0,0,0,0,0,0,0,0,0,0,0,0,0,0,0,0,,,,
27|6,0,0,0,0,0,0,0,0,0,0,0,0,0,0,0,0,,,,
149|16,0,0,0,0,0,0,0,0,0,0,0,0,0,0,0,0,,,,
