97|43,0,0,0,0,0,0,0,0,0,0,0,0,0,0,0,0,0|0#1|0#2|0#3|2#4|0#5|1#6|1#7|0#8|1#9|1#10|1#11|1#12|0,0|0#1|0#2|0#3|2#4|0#5|0#6|0#7|0#8|0#9|0#10|0#11|0#12|0,0|0#1|0#2|0#3|2#4|1#5|0#6|1#7|0#8|0#9|1#10|1#11|2#12|0,0|0#1|0#2|0#3|1#4|0#5|0#6|0#7|0#8|0#9|0#10|0#11|0#12|0
102|132,0,0,0,0,0,0,0,0,0,0,0,0,0,0,0,0,,,,
59|21,0,0,0,0,0,0,0,0,0,0,0,0,0,0,0,0,,,,
120|5,0,0,0,0,0,0,0,0,0,0,0,0,0,0,0,0,,,,
64|130,0,0,0,0,0,0,0,0,0,0,0,0,0,0,0,0,,,,
95|18,0,0,0,0,0,0,0,0,0,0,0,0,0,0,0,0,,,,
129|123,0,0,0,0,0,0,0,0,0,0,0,0,0,0,0,0,,,,
141|144,0,0,0,0,0,0,0,0,0,0,0,0,0,0,0,0,,,,
11|75,0,0,0,0,0,0,0,0,0,0,0,0,0,0,0,0,,,,
69|38,0,0,0,0,0,0,0,0,0,0,0,0,0,0,0,0,,,,
51|143,0,0,0,0,0,0,0,0,0,0,0,0,0,0,0,0,,,,
88|49,0,0,0,0,0,0,0,0,0,0,0,0,0,0,0,0,0|0#1|0#2|0#3|0#4|0#5|0#6|0#7|0#8|0#9|0#10|0#11|0#12|0,0|0#1|0#2|0#3|0#4|0#5|0#6|0#7|0#8|0#9|0#10|0#11|0#12|0,0|0#1|0#2|0#3|0#4|0#5|0#6|0#7|0#8|0#9|0#10|0#11|0#12|0,0|0#1|0#2|0#3|0#4|0#5|0#6|0#7|0#8|0#9|0#10|0#11|0#12|0
110|72,0,0,0,0,0,0,0,0,0,0,0,0,0,0,0,0,0|0#1|0#2|0#3|0#4|0#5|0#6|0#7|0#8|0#9|0#10|0#11|0#12|0,,0|0#1|0#2|0#3|0#4|0#5|0#6|0#7|0#8|0#9|0#10|0#11|0#12|0,0|0#1|0#2|0#3|0#4|0#5|0#6|0#7|0#8|0#9|0#10|0#11|0#12|0
116|136,0,0,0,0,0,0,0,0,0,0,0,0,0,0,0,0,,,,
149|24,0,0,0,0,0,0,0,0,0,0,0,1,0,0,0,0,,,,
120|89,1,0,0,0,0,0,0,0,0,0,0,0,0,0,0,0,0|0#1|0#2|0#3|0#4|0#5|0#6|0#7|0#8|0#9|0#10|0#11|0#12|0,,0|0#1|0#2|0#3|0#4|0#5|0#6|0#7|0#8|0#9|0#10|0#11|0#12|0,
78|134,0,0,0,0,0,0,0,1,0,0,0,0,0,0,0,0,,,,
4|145,0,0,0,0,0,0,0,0,0,0,0,0,0,0,0,0,,,,
30|86,0,0,0,0,0,0,0,0,0,0,0,0,0,0,0,0,,,,
88|1,0,0,0,0,0,0,0,0,0,0,0,0,0,0,0,0,,,,
26|135,0,0,0,0,0,0,0,0,0,0,0,0,0,0,0,0,,,,
78|32,0,0,0,0,0,0,0,0,0,0,0,0,0,0,0,0,,,,
101|78,21,1,4,1,1,1,0,0,0,0,1,2,3,0,0,0,,,0|0#1|0#2|0#3|0#4|0#5|0#6|0#7|0#8|0#9|0#10|0#11|0#12|0,
12|131,0,0,0,0,0,0,0,0,0,0,0,0,0,0,0,0,,,,
65|147,0,0,0,0,0,0,0,0,0,0,0,0,0,0,0,0,,,,
9|17,0,0,0,0,0,0,0,0,0,0,0,0,0,0,0,0,,,,
39|122,0,0,0,0,0,0,0,0,0,0,0,0,0,0,0,0,,,,
