120|26,0,0,0,0,0,0,0,0,0,0,0,0,3,0,0,0,,,,
35|96,0,0,0,0,0,0,0,0,0,0,0,0,0,0,0,0,,,,
11|12,0,0,0,0,0,0,0,0,0,0,0,0,0,0,0,0,,,,
91|109,0,0,0,0,0,0,0,0,0,0,0,1,1,0,0,0,,,,
106|88,0,0,0,0,0,1,1,0,1,0,0,2,0,0,0,0,0|0#1|0#2|0#3|0#4|0#5|0#6|0#7|0#8|0#9|0#10|0#11|0#12|0,0|0#1|0#2|0#3|0#4|0#5|0#6|0#7|0#8|0#9|0#10|0#11|0#12|0,0|0#1|0#2|0#3|0#4|0#5|0#6|0#7|0#8|0#9|0#10|0#11|0#12|0,0|0#1|0#2|0#3|0#4|0#5|0#6|0#7|0#8|0#9|0#10|0#11|0#12|0
101|15,9,4,16,0,0,1,1,1,1,0,3,0,2,0,0,0,,,,
70|70,0,0,0,0,0,0,0,0,0,0,0,0,0,0,0,0,,,,
132|141,0,0,1,0,0,0,0,1,1,0,0,0,0,0,0,0,,,,
16|85,0,0,0,0,0,0,0,0,0,0,0,0,0,0,0,0,,,,
132|68,0,0,0,0,0,0,0,0,0,0,0,0,0,0,0,0,,,,
23|54,0,0,0,0,0,0,0,0,0,0,0,0,0,0,0,0,,,,
56|144,0,0,0,0,0,0,0,0,0,0,0,0,0,0,0,0,,,,
134|93,0,0,0,0,0,0,0,0,0,0,0,0,0,0,0,0,,,,
17|132,0,0,0,0,0,0,0,0,0,0,0,0,0,0,0,0,,,,
115|82,0,0,0,0,0,1,1,1,1,0,0,5,0,0,0,0,,,,
9|146,0,0,0,0,0,0,0,0,0,0,0,0,0,0,0,0,,,,
107|133,0,0,0,0,0,0,0,0,0,0,0,0,0,0,0,0,,,,
1|55,0,0,0,0,0,0,0,0,0,0,0,0,0,0,0,0,,,,
49|1,0,0,0,0,0,0,0,0,0,0,0,0,0,0,0,0,,,,
103|40,0,0,0,0,0,0,0,0,0,0,0,0,0,0,0,0,0|0#1|0#2|0#3|0#4|0#5|0#6|0#7|0#8|0#9|0#10|0#11|0#12|0,,0|0#1|0#2|0#3|0#4|0#5|0#6|0#7|0#8|0#9|0#10|0#11|0#12|0,0|0#1|0#2|0#3|0#4|0#5|0#6|0#7|0#8|0#9|0#10|0#11|0#12|0
122|51,0,0,0,0,0,0,0,6,0,0,0,0,0,0,0,0,,,,
141|62,0,0,0,0,0,0,0,0,0,0,0,0,0,0,0,0,,,,
69|131,0,0,0,0,0,0,0,0,0,0,0,0,0,0,0,0,,,,
113|57,0,0,0,0,0,1,1,0,0,0,0,4,0,0,0,0,0|0#1|0#2|0#3|0#4|0#5|0#6|0#7|0#8|1#9|0#10|0#11|0#12|0,0|0#1|0#2|0#3|0#4|0#5|0#6|0#7|0#8|0#9|0#10|0#11|0#12|0,0|0#1|0#2|0#3|0#4|0#5|0#6|0#7|0#8|0#9|0#10|0#11|0#12|0,0|0#1|0#2|0#3|0#4|0#5|0#6|0#7|0#8|0#9|0#10|0#11|0#12|0
3|80,0,0,0,0,0,0,0,0,0,0,0,0,0,0,0,0,,,,
42|65,0,0,0,0,0,0,0,0,0,0,0,0,0,0,0,0,,,,
42|140,0,0,0,0,0,0,0,0,0,0,0,0,0,0,0,0,,,,
44|90,0,0,0,0,0,0,0,0,0,0,0,0,0,0,0,0,,,,
8|0,0,1,0,0,0,0,0,1,0,0,0,0,0,0,0,0,,,,
61|76,2,0,2,2,0,2,1,1,0,0,0,1,2,0,0,0,,,,
21|29,0,0,0,0,0,0,0,0,0,0,0,0,0,0,0,0,,,,
80|87,12,5,49,0,2,4,2,4,2,0,5,6,0,1,0,0,,,,
146|145,0,1,0,0,0,0,0,0,0,0,0,0,0,0,0,0,,,,
125|99,0,0,0,0,0,0,0,0,0,0,0,0,0,0,0,0,,,,
151|79,0,0,0,0,0,0,0,0,0,0,0,0,0,0,0,0,,,,
30|23,0,0,0,0,0,0,0,0,0,0,0,0,0,0,0,0,,,,
