85|13,0,0,0,0,0,0,0,0,0,0,0,0,0,0,0,0,,,,
129|135,0,0,0,0,0,0,0,0,0,0,0,0,0,0,0,0,,,,
9|29,0,0,0,0,0,0,0,0,0,0,0,0,0,0,0,0,,,,
59|33,0,0,0,0,0,0,0,0,0,0,0,0,0,0,0,0,0|0#1|0#2|0#3|0#4|0#5|0#6|0#7|0#8|0#9|0#10|0#11|0#12|0,,0|0#1|0#2|0#3|0#4|0#5|0#6|0#7|0#8|0#9|0#10|0#11|0#12|0,
11|87,0,0,0,0,0,0,0,0,0,0,0,0,0,0,0,0,,,,
25|1,0,0,0,0,0,0,0,0,0,0,0,0,0,0,0,0,,,,
30|98,0,0,0,0,0,0,0,0,0,0,0,0,0,0,0,0,,,,
76|19,5,1,11,0,3,3,1,2,5,0,5,0,1,0,0,0,,,,
20|81,0,0,0,0,0,0,0,0,0,0,0,0,0,0,0,0,,,,
78|44,0,0,0,0,0,0,0,0,1,0,0,0,0,0,0,0,,,,
12|143,0,0,0,0,0,0,0,0,0,0,0,0,0,0,0,0,,,,
26|147,0,0,0,0,0,0,0,0,0,0,0,0,0,0,0,0,,,,
102|144,0,0,0,0,0,0,0,0,0,0,0,0,0,0,0,0,,,,
99|80,36,23,106,6,2,8,5,9,3,2,37,5,45,0,0,0,0|0#1|0#2|0#3|2#4|1#5|0#6|0#7|1#8|0#9|0#10|1#11|2#12|0,0|0#1|0#2|0#3|1#4|0#5|0#6|0#7|0#8|0#9|1#10|0#11|0#12|0,0|0#1|0#2|0#3|2#4|0#5|1#6|0#7|1#8|0#9|1#10|1#11|2#12|0,0|0#1|0#2|0#3|1#4|0#5|0#6|0#7|0#8|0#9|1#10|0#11|0#12|0
129|8,0,0,0,0,0,0,0,0,0,0,0,0,0,0,0,0,,,,
64|142,0,0,0,0,0,0,0,0,0,0,0,0,0,0,0,0,,,,
115|131,0,0,0,0,0,0,0,1,0,0,0,0,0,0,0,0,,,,
3|140,0,0,0,0,0,0,0,0,0,0,0,0,0,0,0,0,,,,
78|146,0,0,0,0,0,0,0,0,0,0,0,0,0,0,0,0,,,,
25|130,0,0,0,0,0,0,0,0,0,0,0,0,0,0,0,0,,,,
39|134,0,0,0,0,0,0,0,0,0,0,0,0,0,0,0,0,,,,
149|36,0,0,0,0,0,0,0,0,0,0,0,0,0,0,0,0,,,,
110|84,1,0,1,0,0,1,0,1,2,0,0,3,1,0,0,0,0|0#1|0#2|0#3|0#4|0#5|0#6|0#7|0#8|0#9|0#10|0#11|0#12|0,0|0#1|0#2|0#3|0#4|0#5|0#6|0#7|0#8|0#9|0#10|0#11|0#12|0,0|0#1|0#2|0#3|0#4|0#5|0#6|0#7|0#8|0#9|0#10|0#11|0#12|0,0|0#1|0#2|0#3|0#4|0#5|0#6|0#7|0#8|0#9|0#10|0#11|0#12|0
97|55,1,8,5,0,1,1,12,1,0,1,1,2,3,0,0,0,0|0#1|0#2|0#3|4#4|4#5|4#6|4#7|4#8|4#9|4#10|4#11|4#12|0,0|0#1|0#2|0#3|3#4|4#5|4#6|4#7|4#8|4#9|4#10|4#11|4#12|0,0|0#1|0#2|0#3|4#4|4#5|4#6|4#7|4#8|4#9|4#10|4#11|4#12|0,0|0#1|0#2|0#3|4#4|4#5|4#6|4#7|4#8|4#9|3#10|4#11|3#12|0
