39|81,0,0,0,0,0,0,0,0,0,0,0,0,0,0,0,0,,,,
46|122,0,0,0,0,0,0,0,0,0,0,0,0,0,0,0,0,,,,
117|42,0,0,0,0,0,0,0,0,0,0,0,0,0,0,0,0,,,,
63|36,0,1,0,0,0,0,0,0,1,0,0,0,0,0,0,0,,,,
46|50,0,0,0,0,0,0,0,0,0,0,0,0,0,0,0,0,0|0#1|0#2|0#3|0#4|0#5|0#6|0#7|0#8|0#9|0#10|0#11|0#12|0,0|0#1|0#2|0#3|0#4|0#5|0#6|0#7|0#8|0#9|0#10|0#11|0#12|0,0|0#1|0#2|0#3|0#4|0#5|0#6|0#7|0#8|0#9|0#10|0#11|0#12|0,0|0#1|0#2|0#3|0#4|0#5|0#6|0#7|0#8|0#9|0#10|0#11|0#12|0
47|139,0,0,0,0,0,0,0,0,0,0,0,0,0,0,0,0,,,,
71|130,0,0,0,0,0,0,0,0,0,0,0,0,0,0,0,0,,,,
124|11,0,0,0,0,0,0,0,0,0,0,0,0,0,0,0,0,,,,
44|25,0,0,0,0,0,0,0,0,0,0,0,0,0,0,0,0,,,,
65|61,0,0,0,0,0,0,0,0,0,0,0,8,0,0,0,0,,,0|0#1|0#2|0#3|0#4|0#5|0#6|0#7|0#8|0#9|0#10|0#11|0#12|0,
136|123,0,0,0,0,0,0,0,0,0,0,0,0,0,0,0,0,,,,
94|89,0,0,0,0,0,0,0,0,0,0,0,0,0,0,0,0,,0|0#1|0#2|0#3|0#4|0#5|0#6|0#7|0#8|0#9|0#10|0#11|0#12|0,,0|0#1|0#2|0#3|0#4|0#5|0#6|0#7|0#8|0#9|0#10|0#11|0#12|0
25|14,0,0,0,0,0,0,0,0,0,0,0,0,0,0,0,0,,,,
108|48,0,0,0,0,0,0,0,0,0,0,0,0,0,0,0,0,0|0#1|0#2|0#3|0#4|0#5|0#6|0#7|0#8|0#9|0#10|0#11|0#12|0,0|0#1|0#2|0#3|0#4|0#5|0#6|0#7|0#8|0#9|0#10|0#11|0#12|0,0|0#1|0#2|0#3|0#4|0#5|0#6|0#7|0#8|0#9|0#10|0#11|0#12|0,0|0#1|0#2|0#3|0#4|0#5|0#6|0#7|0#8|0#9|0#10|0#11|0#12|0
72|147,0,0,0,0,0,0,0,0,0,0,0,0,0,0,0,0,,,,
134|28,0,0,0,0,0,0,0,0,0,0,0,0,0,0,0,0,,,,
37|56,0,0,0,0,0,0,0,0,0,0,0,0,0,0,0,0,,,,
99|138,0,0,0,0,0,0,0,0,0,0,0,0,0,0,0,0,,,,
123|136,0,0,0,0,0,0,0,0,0,0,0,0,0,0,0,0,,,,
136|53,0,0,0,0,0,0,0,0,0,0,0,0,0,0,0,0,0|0#1|0#2|0#3|0#4|0#5|0#6|0#7|0#8|0#9|0#10|0#11|0#12|0,,,
149|110,0,0,0,0,2,1,0,0,0,0,1,0,0,0,0,0,,,,
143|22,0,0,0,0,0,0,0,0,0,0,0,0,0,0,0,0,,,,
127|59,0,0,0,0,0,0,0,0,0,0,0,0,0,0,0,0,,,,
82|47,0,0,0,0,0,0,0,0,0,0,0,0,0,0,0,0,0|0#1|0#2|0#3|0#4|0#5|0#6|0#7|0#8|0#9|0#10|0#11|0#12|0,0|0#1|0#2|0#3|0#4|0#5|0#6|0#7|0#8|0#9|0#10|0#11|0#12|0,0|0#1|0#2|0#3|0#4|0#5|0#6|0#7|0#8|0#9|0#10|0#11|0#12|0,0|0#1|0#2|0#3|0#4|0#5|0#6|0#7|0#8|0#9|0#10|0#11|0#12|0
148|95,0,0,0,0,0,0,0,0,0,0,0,0,0,0,0,0,,,,
18|45,0,0,0,0,0,0,0,0,0,0,0,0,0,0,0,0,,,,
33|135,0,0,0,0,0,0,0,0,0,0,0,0,0,0,0,0,,,,
5|40,0,0,0,0,0,0,0,0,0,0,0,0,0,0,0,0,,,,
72|30,0,0,0,0,0,0,0,1,0,0,0,0,0,0,0,0,,,,
75|78,3,1,8,0,1,3,1,3,3,0,0,0,1,0,0,0,,,,0|0#1|0#2|0#3|0#4|0#5|0#6|0#7|0#8|0#9|0#10|0#11|0#12|0
49|98,0,0,0,0,0,0,0,0,0,0,0,0,0,0,0,0,,,,
85|134,0,0,0,0,0,0,0,0,0,0,0,0,0,0,0,0,,,,
129|84,12,12,27,3,2,4,4,4,2,0,5,1,0,0,0,0,0|0#1|0#2|0#3|0#4|0#5|0#6|0#7|0#8|0#9|0#10|0#11|0#12|0,,0|0#1|0#2|0#3|0#4|0#5|0#6|0#7|0#8|0#9|0#10|0#11|0#12|0,
98|121,0,0,0,0,0,0,0,0,0,0,0,0,0,0,0,0,,,,
8|88,0,0,0,0,0,0,0,0,0,0,0,0,0,0,0,0,,,,
84|72,0,0,0,0,0,0,0,0,0,0,0,0,0,0,0,0,0|0#1|0#2|0#3|0#4|1#5|2#6|2#7|2#8|0#9|1#10|1#11|0#12|0,0|0#1|0#2|0#3|0#4|0#5|0#6|0#7|0#8|0#9|0#10|0#11|0#12|0,0|0#1|0#2|0#3|0#4|1#5|1#6|2#7|1#8|1#9|0#10|0#11|0#12|0,0|0#1|0#2|0#3|0#4|0#5|0#6|0#7|0#8|0#9|0#10|0#11|0#12|0
91|41,0,0,0,0,0,0,0,0,0,0,0,1,0,0,0,0,0|0#1|0#2|0#3|0#4|0#5|1#6|0#7|0#8|1#9|0#10|0#11|0#12|0,0|0#1|0#2|0#3|0#4|0#5|0#6|0#7|0#8|0#9|0#10|0#11|0#12|0,0|0#1|0#2|0#3|0#4|0#5|0#6|0#7|1#8|0#9|0#10|0#11|0#12|0,0|0#1|0#2|0#3|0#4|0#5|0#6|0#7|0#8|0#9|0#10|0#11|0#12|0
115|17,0,0,0,0,0,0,0,0,0,0,0,0,0,0,0,0,,,,
3|15,0,0,0,0,0,0,0,0,0,0,0,0,0,0,0,0,,,,
58|92,0,0,0,0,0,0,0,0,0,0,0,0,0,0,0,0,0|0#1|0#2|0#3|0#4|0#5|0#6|0#7|0#8|0#9|0#10|0#11|0#12|0,,0|0#1|0#2|0#3|0#4|0#5|0#6|0#7|0#8|0#9|0#10|0#11|0#12|0,
56|67,0,0,0,0,0,0,0,0,0,0,0,0,0,0,0,0,,,,
99|9,0,0,0,0,0,0,0,0,0,0,0,0,0,0,0,0,,,,
