14|45,0,0,0,0,0,0,0,0,0,0,0,0,0,0,0,0,,,,
57|146,0,0,0,0,0,0,0,0,0,0,0,0,0,0,0,0,,,,
43|142,0,0,0,0,0,0,0,0,0,0,0,0,0,0,0,0,,,,
54|92,0,0,0,0,0,2,0,0,0,0,0,0,0,0,0,0,,,,
18|134,0,0,0,0,0,0,0,0,0,0,0,0,0,0,0,0,,,,
35|81,0,0,0,0,0,0,0,0,0,0,0,0,0,0,0,0,,,,
95|141,0,0,0,0,0,0,0,0,0,0,0,1,1,0,0,0,,,,
9|131,0,0,0,0,0,0,0,0,0,0,0,0,0,0,0,0,,,,
104|48,0,0,0,0,0,0,0,0,0,0,0,0,1,0,0,0,0|0#1|0#2|0#3|0#4|0#5|0#6|0#7|0#8|0#9|0#10|0#11|0#12|0,,0|0#1|0#2|0#3|0#4|0#5|0#6|0#7|0#8|0#9|0#10|0#11|0#12|0,
59|9,0,0,0,0,0,0,0,0,0,0,0,0,0,0,0,0,,,,
125|84,0,0,0,0,0,1,0,0,0,0,0,0,0,0,0,0,,,,
40|25,0,0,0,0,0,0,0,0,0,0,0,0,0,0,0,0,,0|0#1|0#2|0#3|0#4|0#5|0#6|0#7|0#8|0#9|0#10|0#11|0#12|0,,0|0#1|0#2|0#3|0#4|0#5|0#6|0#7|0#8|0#9|0#10|0#11|0#12|0
133|143,0,0,0,0,0,0,0,0,0,0,0,0,0,0,0,0,,,,
90|89,0,0,0,0,0,0,0,0,1,0,1,0,0,0,0,0,0|0#1|0#2|0#3|0#4|1#5|0#6|0#7|0#8|0#9|0#10|1#11|0#12|0,0|0#1|0#2|0#3|0#4|0#5|0#6|0#7|0#8|0#9|0#10|0#11|0#12|0,0|0#1|0#2|0#3|1#4|0#5|0#6|0#7|0#8|0#9|0#10|0#11|0#12|0,0|0#1|0#2|0#3|0#4|0#5|0#6|0#7|0#8|0#9|0#10|0#11|0#12|0
1|40,0,0,0,0,0,0,0,0,0,0,0,0,0,0,0,0,,,,
113|42,0,0,0,0,0,0,0,0,0,0,0,0,0,0,0,0,,,,
108|135,0,0,0,0,0,0,0,0,0,0,0,0,0,0,0,0,,,,
132|53,0,0,0,0,0,0,0,0,0,0,0,0,0,0,0,0,,,,
123|59,0,0,0,0,0,0,0,0,0,0,0,0,0,0,0,0,0|0#1|0#2|0#3|0#4|0#5|0#6|0#7|0#8|0#9|0#10|0#11|0#12|0,0|0#1|0#2|0#3|0#4|0#5|0#6|0#7|0#8|0#9|0#10|0#11|0#12|0,0|0#1|0#2|0#3|0#4|0#5|0#6|0#7|0#8|0#9|0#10|0#11|0#12|0,0|0#1|0#2|0#3|0#4|0#5|0#6|0#7|0#8|0#9|0#10|0#11|0#12|0
61|61,22,7,33,61,24,5,6,6,11,6,11,16,24,1,1,0,0|0#1|0#2|0#3|0#4|0#5|0#6|0#7|0#8|0#9|0#10|0#11|0#12|0,0|0#1|0#2|0#3|0#4|0#5|0#6|0#7|0#8|0#9|0#10|0#11|0#12|0,0|0#1|0#2|0#3|0#4|0#5|0#6|0#7|0#8|0#9|0#10|0#11|0#12|0,0|0#1|0#2|0#3|0#4|0#5|0#6|0#7|0#8|0#9|0#10|0#11|0#12|0
80|72,0,0,0,0,0,0,0,0,1,0,0,0,0,0,0,0,0|0#1|0#2|0#3|0#4|0#5|0#6|0#7|0#8|0#9|0#10|0#11|0#12|0,,0|0#1|0#2|0#3|0#4|0#5|0#6|0#7|0#8|0#9|0#10|0#11|0#12|0,
26|87,0,0,0,0,0,0,0,0,0,0,0,0,0,0,0,0,,,,
33|56,0,0,0,0,0,0,0,0,0,0,0,0,0,0,0,0,,,,
130|28,0,0,0,0,0,0,0,0,0,0,0,0,0,0,0,0,,,,
147|147,0,0,0,0,0,0,0,0,0,0,0,0,0,0,0,0,,,,
146|130,0,0,0,0,0,0,0,0,0,0,0,0,0,0,0,0,,,,
111|17,0,0,0,0,0,0,0,0,0,0,0,0,0,0,0,0,,,,
151|64,0,0,0,0,0,0,0,0,0,0,0,0,0,0,0,0,,,,
52|67,0,0,0,0,0,0,0,0,0,0,0,0,0,0,0,0,,,,
45|98,0,0,0,0,0,0,0,0,0,0,0,0,0,0,0,0,,,,
21|14,0,0,0,0,0,1,0,0,1,0,0,0,0,0,0,0,,,,
106|73,5,13,3,0,1,2,0,5,0,1,4,0,5,0,0,0,0|0#1|0#2|0#3|3#4|3#5|2#6|2#7|2#8|2#9|2#10|2#11|2#12|0,0|0#1|0#2|0#3|2#4|2#5|2#6|2#7|2#8|1#9|1#10|1#11|1#12|0,0|0#1|0#2|0#3|3#4|2#5|2#6|2#7|2#8|2#9|2#10|2#11|2#12|0,0|0#1|0#2|0#3|2#4|2#5|2#6|2#7|2#8|2#9|1#10|1#11|2#12|0
144|95,0,0,0,0,0,0,0,0,0,0,0,0,0,0,0,0,,,,
16|70,0,0,0,0,0,0,0,0,0,0,0,0,0,0,0,0,,,,
4|88,0,0,0,0,0,0,0,0,0,0,0,0,0,0,0,0,,,,
144|2,0,0,0,0,0,0,0,0,0,0,0,0,0,0,0,0,,,,
85|7,0,0,0,0,0,0,0,0,0,0,0,0,0,0,0,0,,,,
42|50,0,0,0,0,0,0,0,0,0,0,0,0,0,0,0,0,,,,
118|4,0,0,0,0,0,0,0,0,0,0,0,0,0,0,0,0,,,,
71|78,0,0,0,0,0,0,0,0,0,0,0,0,0,0,0,0,,,,
120|11,0,0,0,0,0,0,0,0,0,0,0,0,0,0,0,0,,,,
