99|37,0,0,0,0,0,0,0,0,0,0,0,0,0,0,0,0,0|0#1|0#2|0#3|0#4|0#5|0#6|0#7|0#8|0#9|0#10|0#11|0#12|0,,0|0#1|0#2|0#3|0#4|0#5|0#6|0#7|0#8|0#9|0#10|0#11|0#12|0,
10|21,0,1,0,0,0,0,0,0,0,0,0,0,0,0,0,0,,,,
114|91,5,3,16,1,3,2,3,5,1,0,3,18,3,0,0,0,0|0#1|0#2|0#3|0#4|0#5|0#6|0#7|0#8|0#9|0#10|0#11|0#12|0,0|0#1|0#2|0#3|0#4|0#5|0#6|0#7|0#8|0#9|0#10|0#11|0#12|0,0|0#1|0#2|0#3|0#4|0#5|0#6|0#7|0#8|0#9|0#10|0#11|0#12|0,0|0#1|0#2|0#3|0#4|0#5|0#6|0#7|0#8|0#9|0#10|0#11|0#12|0
132|1,0,0,0,0,0,0,0,0,0,0,0,0,0,0,0,0,,,,
89|20,0,0,0,0,0,0,0,0,0,0,0,0,0,0,0,0,,,,
7|144,0,0,0,0,0,0,0,0,0,0,0,0,0,0,0,0,,,,
119|135,0,0,0,0,0,0,0,0,1,0,0,0,0,0,0,0,,,,
16|147,0,0,0,0,0,0,0,0,0,0,0,0,0,0,0,0,,,,
140|71,0,0,0,0,0,0,0,0,0,0,0,0,0,0,0,0,0|0#1|0#2|0#3|0#4|0#5|0#6|0#7|0#8|0#9|0#10|0#11|0#12|0,,,
150|88,0,0,0,0,0,0,0,0,0,0,0,0,0,0,0,0,0|0#1|0#2|0#3|0#4|0#5|0#6|0#7|0#8|0#9|0#10|0#11|0#12|0,0|0#1|0#2|0#3|0#4|0#5|0#6|0#7|0#8|0#9|0#10|0#11|0#12|0,0|0#1|0#2|0#3|0#4|0#5|0#6|0#7|0#8|0#9|0#10|0#11|0#12|0,0|0#1|0#2|0#3|0#4|0#5|0#6|0#7|0#8|0#9|0#10|0#11|0#12|0
54|142,0,0,0,0,0,0,0,0,0,0,0,0,0,0,0,0,,,,
29|134,0,0,0,0,0,0,0,0,0,0,0,0,0,0,0,0,,,,
20|38,0,0,0,0,0,0,0,0,0,0,0,0,0,0,0,0,,,,
106|3,0,0,0,0,0,0,0,0,0,0,0,0,0,0,0,0,,,,
68|146,0,0,0,0,0,0,0,0,0,0,0,0,0,0,0,0,,,,
73|6,0,0,0,0,0,0,0,0,0,0,0,0,0,0,0,0,,,,
60|85,0,0,0,0,0,0,0,0,0,0,0,0,0,0,0,0,,,,
105|131,0,0,0,0,0,0,0,0,0,0,0,0,0,0,0,0,,,,
121|60,0,0,0,0,0,0,0,0,0,0,0,0,1,0,0,0,0|0#1|0#2|0#3|0#4|0#5|0#6|0#7|0#8|0#9|0#10|0#11|0#12|0,,0|0#1|0#2|0#3|0#4|0#5|0#6|0#7|0#8|0#9|0#10|0#11|0#12|0,
0|64,0,0,0,0,0,0,0,0,0,0,0,0,0,0,0,0,,,,
6|7,0,0,0,0,0,0,0,0,0,0,0,0,0,0,0,0,,,,
144|143,1,1,0,0,0,0,1,0,1,0,0,4,0,0,0,0,,,,
47|8,0,0,0,0,0,0,0,0,0,0,0,0,0,0,0,0,,,,
100|24,0,0,0,0,0,0,0,0,0,0,0,0,0,0,0,0,0|0#1|0#2|0#3|0#4|0#5|0#6|0#7|0#8|0#9|0#10|0#11|0#12|0,,0|0#1|0#2|0#3|0#4|0#5|0#6|0#7|0#8|0#9|0#10|0#11|0#12|0,
131|77,0,0,0,0,0,0,0,0,0,0,0,0,0,0,0,0,,0|0#1|0#2|0#3|0#4|0#5|0#6|0#7|0#8|0#9|0#10|0#11|0#12|0,,
105|97,0,0,0,0,0,0,0,0,0,0,0,0,0,0,0,0,,,,
15|94,0,0,0,0,0,0,0,0,0,0,0,0,0,0,0,0,,,,
22|63,0,2,0,0,0,0,0,7,0,0,0,1,0,0,0,0,,,,
41|74,0,0,0,0,0,0,0,0,0,0,0,0,0,0,0,0,,,,
112|66,0,0,0,0,0,0,0,0,1,0,0,0,0,0,0,0,0|0#1|0#2|0#3|0#4|0#5|0#6|0#7|0#8|0#9|0#10|0#11|0#12|0,0|0#1|0#2|0#3|0#4|0#5|0#6|0#7|0#8|0#9|0#10|0#11|0#12|0,0|0#1|0#2|0#3|0#4|0#5|0#6|0#7|0#8|0#9|0#10|0#11|0#12|0,0|0#1|0#2|0#3|0#4|0#5|0#6|0#7|0#8|0#9|0#10|0#11|0#12|0
15|130,0,0,0,0,0,0,0,0,0,0,0,0,0,0,0,0,,,,
13|69,0,0,0,0,0,0,0,0,0,0,0,0,0,0,0,0,,,,
