104|20,0,0,3,0,0,1,0,0,3,0,0,0,0,0,0,0,,,,
62|56,0,0,0,0,0,1,0,0,0,0,0,4,0,0,0,0,,,,
45|70,0,0,0,0,0,0,0,0,0,0,0,1,0,0,0,0,,,,
81|67,3,1,8,2,1,1,0,3,3,0,1,16,5,0,0,0,0|0#1|0#2|0#3|0#4|0#5|0#6|0#7|0#8|0#9|0#10|0#11|0#12|0,0|0#1|0#2|0#3|0#4|0#5|0#6|0#7|0#8|0#9|0#10|0#11|0#12|0,0|0#1|0#2|0#3|0#4|0#5|0#6|0#7|0#8|0#9|0#10|0#11|0#12|0,0|0#1|0#2|0#3|0#4|0#5|0#6|0#7|0#8|0#9|0#10|0#11|0#12|0
126|79,0,0,0,0,0,0,0,0,0,0,0,0,0,0,0,0,,,,
152|59,0,0,0,0,0,0,0,0,0,0,0,0,0,0,0,0,,,,
44|131,0,0,0,0,0,0,0,0,0,0,0,0,0,0,0,0,,,,
135|73,0,0,0,0,0,0,2,1,1,0,1,1,0,0,0,0,,,,
19|90,0,0,0,0,0,0,0,0,0,0,0,0,0,0,0,0,,,,
83|92,0,0,0,0,0,0,0,0,0,0,0,0,0,0,0,0,,,,
50|14,4,0,11,1,4,0,1,2,0,0,7,2,0,0,0,0,,,,
96|130,0,0,0,0,0,0,0,0,0,0,0,0,0,0,0,0,,,,
83|143,0,0,0,0,0,0,0,0,0,0,0,0,0,0,0,0,,,,
142|42,0,0,0,0,0,1,0,0,0,0,0,1,0,0,0,0,,,,
55|87,0,2,0,0,0,0,0,0,0,0,0,0,0,0,0,0,,,,
97|147,0,0,0,0,0,0,0,0,0,0,0,0,0,0,0,0,,,,
109|124,1,0,0,0,0,0,0,0,0,0,0,1,0,0,0,0,,,,
134|132,0,0,0,0,0,0,0,0,0,0,0,0,0,0,0,0,,,,
31|144,0,0,0,0,0,0,0,0,0,0,0,0,0,0,0,0,,,,
121|145,0,0,0,0,0,0,0,0,0,0,0,1,1,0,0,0,,,,
90|61,28,16,66,31,2,8,13,6,3,3,17,25,7,1,0,0,0|0#1|0#2|0#3|4#4|4#5|4#6|4#7|4#8|4#9|4#10|4#11|4#12|0,0|0#1|0#2|0#3|4#4|4#5|4#6|4#7|4#8|4#9|4#10|4#11|4#12|0,0|0#1|0#2|0#3|4#4|4#5|4#6|4#7|4#8|4#9|4#10|4#11|4#12|0,0|0#1|0#2|0#3|4#4|4#5|4#6|4#7|4#8|4#9|4#10|4#11|4#12|0
17|65,0,0,0,0,0,0,0,0,0,0,0,0,0,0,0,0,,,,
2|35,0,0,0,0,0,0,0,0,0,0,0,0,0,0,0,0,,,,
116|62,2,0,1,4,0,0,1,2,1,0,0,4,0,0,0,0,0|0#1|0#2|0#3|0#4|0#5|0#6|0#7|0#8|0#9|0#10|0#11|0#12|0,0|0#1|0#2|0#3|0#4|0#5|0#6|0#7|0#8|0#9|0#10|0#11|0#12|0,0|0#1|0#2|0#3|0#4|0#5|0#6|0#7|0#8|0#9|0#10|0#11|0#12|0,0|0#1|0#2|0#3|0#4|0#5|0#6|0#7|0#8|0#9|0#10|0#11|0#12|0
24|34,0,0,0,0,0,0,0,0,0,0,0,0,0,0,0,0,,,,
71|50,15,4,7,8,0,2,0,4,3,0,1,0,3,0,0,0,0|0#1|0#2|0#3|0#4|0#5|0#6|0#7|0#8|0#9|0#10|0#11|0#12|0,,0|0#1|0#2|0#3|0#4|0#5|0#6|0#7|0#8|0#9|0#10|0#11|0#12|0,
74|98,0,0,0,0,0,0,0,0,0,0,0,0,0,0,0,0,,,,
107|68,0,1,0,0,0,0,0,1,1,0,0,0,6,0,0,0,0|0#1|0#2|0#3|1#4|2#5|2#6|2#7|1#8|1#9|2#10|1#11|0#12|0,0|0#1|0#2|0#3|0#4|0#5|0#6|0#7|1#8|0#9|1#10|0#11|0#12|0,0|0#1|0#2|0#3|2#4|2#5|1#6|1#7|2#8|2#9|1#10|0#11|1#12|0,0|0#1|0#2|0#3|0#4|0#5|0#6|0#7|0#8|1#9|0#10|0#11|0#12|0
123|31,0,0,0,0,0,0,0,0,0,0,0,0,0,0,0,0,,,,
114|37,0,0,0,0,0,0,0,0,0,0,0,0,0,0,0,0,,,,
133|48,0,0,0,0,0,0,0,0,0,0,0,0,0,0,0,0,,,,
109|93,0,0,0,0,0,0,0,0,0,0,0,0,0,0,0,0,,,,
4|60,0,0,0,0,0,0,0,0,0,0,0,0,0,0,0,0,,,,
87|4,0,0,0,0,0,0,0,0,0,0,0,0,0,0,0,0,,,,
58|135,0,0,0,0,0,0,0,0,0,0,0,0,0,0,0,0,,,,
43|45,0,0,0,0,0,0,0,0,0,0,0,0,0,0,0,0,,,,
140|17,0,0,0,0,0,0,0,0,0,0,0,0,0,0,0,0,,,,
148|136,0,0,0,0,0,0,0,0,0,0,0,0,0,0,0,0,,,,
19|123,0,0,0,0,0,0,0,0,0,0,0,0,0,0,0,0,,,,
36|76,0,0,0,0,0,0,0,0,0,0,0,0,0,0,0,0,,,,
64|81,0,0,0,0,0,0,0,0,1,0,0,0,0,0,0,0,,0|0#1|0#2|0#3|0#4|0#5|0#6|0#7|0#8|0#9|0#10|0#11|0#12|0,,
