96|89,0,0,0,0,0,0,0,0,1,0,0,1,0,0,0,0,,,,
77|78,0,1,0,0,0,0,0,0,0,0,0,0,0,0,2,0,,,,
27|14,6,1,1,0,0,1,0,1,1,0,0,1,1,0,0,0,,,,
67|61,0,0,0,0,0,0,1,0,0,0,0,0,0,0,0,0,,,,
129|59,0,0,0,0,0,0,0,0,0,0,0,0,0,0,0,0,,,,
136|28,0,0,0,0,0,0,0,0,0,0,0,0,0,0,0,0,,,,
126|141,0,0,0,0,0,0,0,0,0,0,0,0,0,0,0,0,,,,
39|56,0,0,0,0,0,0,0,0,0,0,0,0,0,0,0,0,,,,
71|105,0,0,0,0,0,0,0,0,0,0,0,0,0,0,0,0,,,,
74|30,1,0,0,0,0,0,0,23,0,0,0,0,0,0,0,0,,,,
86|72,7,4,20,0,5,5,0,2,1,0,4,0,5,0,0,0,0|0#1|0#2|0#3|0#4|0#5|0#6|0#7|0#8|0#9|1#10|0#11|0#12|0,0|0#1|0#2|0#3|0#4|0#5|0#6|0#7|0#8|0#9|0#10|0#11|0#12|0,0|0#1|0#2|0#3|0#4|0#5|0#6|0#7|0#8|0#9|0#10|0#11|0#12|0,0|0#1|0#2|0#3|0#4|0#5|0#6|0#7|0#8|0#9|0#10|0#11|0#12|0
36|140,0,0,0,0,0,0,0,0,0,0,0,0,0,0,0,0,,,,
58|67,0,0,0,0,0,0,0,0,0,0,0,0,0,0,0,0,0|0#1|0#2|0#3|0#4|0#5|0#6|0#7|0#8|0#9|0#10|0#11|0#12|0,0|0#1|0#2|0#3|0#4|0#5|0#6|0#7|0#8|0#9|0#10|0#11|0#12|0,0|0#1|0#2|0#3|0#4|0#5|0#6|0#7|0#8|0#9|0#10|0#11|0#12|0,
84|47,0,1,0,0,0,0,0,0,1,0,0,0,0,0,0,0,0|0#1|0#2|0#3|0#4|0#5|0#6|0#7|0#8|0#9|0#10|0#11|0#12|0,0|0#1|0#2|0#3|0#4|0#5|0#6|0#7|0#8|0#9|0#10|0#11|0#12|0,0|0#1|0#2|0#3|0#4|0#5|0#6|0#7|0#8|0#9|0#10|0#11|0#12|0,0|0#1|0#2|0#3|0#4|0#5|0#6|0#7|0#8|0#9|0#10|0#11|0#12|0
5|15,0,0,0,0,0,0,0,0,0,0,0,0,0,0,0,0,,,,
117|17,0,0,0,0,0,0,0,0,0,0,0,0,0,0,0,0,,,,
119|42,0,0,0,0,0,0,0,0,0,0,0,0,0,0,0,0,,,,
48|50,0,0,0,0,0,1,0,0,0,0,0,0,0,0,0,0,,0|0#1|0#2|0#3|0#4|0#5|0#6|0#7|0#8|0#9|0#10|0#11|0#12|0,,
93|41,0,0,0,0,0,0,0,0,0,0,0,1,0,0,0,0,0|0#1|0#2|0#3|0#4|0#5|0#6|0#7|0#8|0#9|0#10|0#11|0#12|0,0|0#1|0#2|0#3|0#4|0#5|0#6|0#7|0#8|0#9|0#10|0#11|0#12|0,0|0#1|0#2|0#3|0#4|0#5|0#6|0#7|0#8|0#9|0#10|0#11|0#12|0,0|0#1|0#2|0#3|0#4|0#5|0#6|0#7|0#8|0#9|0#10|0#11|0#12|0
145|22,0,0,0,0,0,0,0,0,0,0,0,0,0,0,0,0,,,,
126|11,0,0,0,0,0,0,0,0,0,0,0,0,0,0,0,0,,,,
85|109,0,0,0,0,0,0,0,0,0,0,0,0,1,0,0,0,,,,
21|8,0,0,0,0,0,0,0,0,0,0,0,0,0,0,0,0,,,,
138|53,0,0,0,0,0,2,0,0,0,0,0,0,0,0,0,0,0|0#1|0#2|0#3|0#4|0#5|0#6|0#7|0#8|0#9|0#10|0#11|0#12|0,,,
91|16,0,0,0,0,0,0,0,0,0,0,0,0,0,0,0,0,,,,
65|36,0,0,0,0,0,0,0,0,0,0,0,0,0,0,0,0,,,,
7|40,0,0,0,0,0,0,0,0,0,0,0,0,0,0,0,0,,,,
46|25,0,0,0,0,0,0,0,0,0,0,0,0,0,0,0,0,,,,
