97|113,0,0,0,0,0,0,0,0,0,0,0,0,0,0,0,0,,,,
147|81,0,0,0,0,0,0,0,0,0,0,0,0,0,0,0,0,,,,
34|17,0,0,0,0,0,0,0,0,0,0,0,0,0,0,0,0,,,,
7|74,0,0,0,0,0,0,0,0,0,0,0,0,0,0,0,0,,,,
58|101,40,18,65,7,6,6,6,5,6,4,29,24,6,0,0,0,0|0#1|0#2|0#3|0#4|0#5|0#6|0#7|0#8|0#9|0#10|0#11|0#12|0,0|0#1|0#2|0#3|0#4|0#5|0#6|0#7|0#8|0#9|0#10|0#11|0#12|0,0|0#1|0#2|0#3|0#4|0#5|0#6|0#7|0#8|0#9|0#10|0#11|0#12|0,0|0#1|0#2|0#3|0#4|0#5|0#6|0#7|0#8|0#9|0#10|0#11|0#12|0
32|127,0,0,0,0,0,0,0,0,0,0,0,0,0,0,0,0,,,,
70|122,2,2,9,0,2,2,2,5,6,0,6,1,10,0,0,0,,,,
80|4,0,0,0,0,0,0,0,0,0,0,0,0,0,0,0,0,,,,
72|39,0,0,1,0,0,0,0,0,0,0,0,0,1,0,0,0,0|0#1|0#2|0#3|0#4|0#5|0#6|0#7|0#8|0#9|0#10|0#11|0#12|0,,0|0#1|0#2|0#3|0#4|0#5|0#6|0#7|0#8|0#9|0#10|0#11|0#12|0,
135|115,1,0,0,0,0,0,0,5,0,0,0,1,0,0,0,0,,,,
126|45,9,0,1,0,0,1,1,4,3,0,0,0,1,0,0,0,,,0|0#1|0#2|0#3|0#4|0#5|0#6|0#7|0#8|0#9|0#10|0#11|0#12|0,
107|34,3,0,1,0,0,0,0,0,2,0,0,0,0,0,0,0,,,,
119|76,0,0,0,0,0,0,1,1,5,0,0,1,0,0,0,0,,0|0#1|0#2|0#3|0#4|0#5|0#6|0#7|0#8|0#9|0#10|0#11|0#12|0,,0|0#1|0#2|0#3|0#4|0#5|0#6|0#7|0#8|0#9|0#10|0#11|0#12|0
121|111,0,0,0,0,0,0,0,0,0,0,0,0,0,0,0,0,,,,
46|59,0,0,0,0,0,0,0,0,0,0,0,0,0,0,0,0,,,,
74|64,0,1,0,0,2,1,0,0,0,0,0,29,0,0,0,0,0|0#1|0#2|0#3|1#4|1#5|0#6|0#7|0#8|0#9|0#10|0#11|0#12|0,0|0#1|0#2|0#3|0#4|0#5|0#6|0#7|0#8|0#9|0#10|0#11|0#12|0,0|0#1|0#2|0#3|2#4|0#5|0#6|0#7|0#8|0#9|0#10|0#11|0#12|0,0|0#1|0#2|0#3|1#4|0#5|0#6|0#7|0#8|0#9|0#10|0#11|0#12|0
28|8,0,0,0,0,0,0,0,0,0,0,0,0,0,0,0,0,,,,
81|33,0,0,0,0,0,0,0,0,0,0,0,0,0,0,0,0,,,,
31|110,0,0,0,0,0,0,0,0,0,0,0,0,0,0,0,0,,,,
53|28,0,0,0,0,0,0,0,0,1,0,0,0,0,0,0,0,,,,
113|1,0,0,0,0,0,0,0,0,0,0,0,0,0,0,0,0,,,,
145|56,0,0,0,0,0,0,0,0,0,0,0,0,0,0,0,0,,,0|0#1|0#2|0#3|0#4|0#5|0#6|0#7|0#8|0#9|0#10|0#11|0#12|0,
48|84,0,0,0,0,0,0,1,0,1,0,0,0,0,0,0,0,,,,
59|118,0,0,0,0,0,0,0,0,0,0,0,0,0,0,0,0,,,,
148|102,0,0,0,0,0,0,0,0,0,0,0,0,0,0,0,0,,,,
43|11,0,0,0,0,0,0,0,0,0,0,0,0,0,0,0,0,,,,
133|14,0,0,0,0,0,0,0,0,0,0,0,0,0,0,0,0,,,,
36|42,0,0,0,0,0,0,0,0,0,0,0,0,0,0,0,0,,,,
62|22,3,0,0,2,0,0,0,0,1,0,0,4,0,0,0,0,,0|0#1|0#2|0#3|0#4|0#5|0#6|0#7|0#8|0#9|0#10|0#11|0#12|0,,
29|73,0,0,0,0,0,0,0,0,0,0,0,0,0,0,0,0,,,,
5|49,0,0,0,0,0,0,0,0,0,0,0,0,0,0,0,0,,,,
152|25,0,0,0,0,0,0,0,0,0,0,0,0,0,0,0,0,,,,
17|31,0,0,0,0,0,0,0,0,0,0,0,0,0,0,0,0,,,,
27|48,0,0,0,0,0,0,0,0,0,0,0,0,0,0,0,0,,,,
45|114,0,0,0,0,0,0,0,0,0,0,0,0,0,0,0,0,,,,
138|87,0,0,0,0,0,0,0,0,0,0,0,0,0,0,0,0,0|0#1|0#2|0#3|0#4|0#5|0#6|0#7|0#8|0#9|0#10|0#11|0#12|0,,,
93|75,1,0,4,1,0,0,1,5,2,0,0,4,0,0,0,0,0|0#1|0#2|0#3|3#4|1#5|0#6|2#7|2#8|2#9|2#10|2#11|1#12|0,0|0#1|0#2|0#3|2#4|0#5|0#6|1#7|2#8|1#9|1#10|2#11|2#12|0,0|0#1|0#2|0#3|2#4|0#5|1#6|2#7|2#8|2#9|2#10|1#11|1#12|0,0|0#1|0#2|0#3|2#4|0#5|0#6|1#7|1#8|1#9|1#10|2#11|2#12|0
122|128,0,0,0,0,0,0,0,0,0,0,0,0,0,0,0,0,,,,
71|139,0,0,0,0,0,0,0,0,0,0,0,0,0,0,0,0,,,,
128|70,0,0,0,0,0,0,0,1,0,0,0,0,0,0,0,0,0|0#1|0#2|0#3|0#4|0#5|0#6|0#7|0#8|0#9|0#10|0#11|0#12|0,,0|0#1|0#2|0#3|0#4|0#5|0#6|0#7|0#8|0#9|0#10|0#11|0#12|0,
54|6,0,0,0,0,0,0,0,0,0,0,0,0,0,0,0,0,,,,
55|53,0,0,0,0,0,0,0,0,0,0,0,0,0,0,0,0,,,0|0#1|0#2|0#3|0#4|0#5|0#6|0#7|0#8|0#9|0#10|0#11|0#12|0,
84|126,0,0,0,0,0,0,0,0,0,0,0,0,0,0,0,0,,,,
67|95,0,0,0,0,0,0,0,0,0,0,0,0,0,0,0,0,,,,
149|119,0,0,3,0,1,1,1,0,5,0,0,0,0,0,0,0,,,,
