136|143,0,0,0,0,0,0,0,0,0,0,0,0,0,0,0,0,,,,
25|34,0,0,0,0,0,0,0,0,0,0,0,0,0,0,0,0,,,,
136|73,0,0,0,0,0,0,0,0,0,0,0,0,0,0,0,0,0|0#1|0#2|0#3|0#4|0#5|0#6|0#7|0#8|0#9|0#10|0#11|0#12|0,,0|0#1|0#2|0#3|0#4|0#5|0#6|0#7|0#8|0#9|0#10|0#11|0#12|0,
115|37,0,0,0,0,0,0,0,0,0,0,0,0,0,0,0,0,,,,
98|141,0,0,0,0,0,0,0,0,0,0,0,0,0,0,0,0,,,,
46|142,0,0,0,0,0,0,0,0,0,0,0,0,0,0,0,0,,,,
75|98,0,0,0,0,0,0,0,0,0,0,0,2,0,0,0,0,0|0#1|0#2|0#3|0#4|0#5|0#6|0#7|0#8|0#9|0#10|0#11|0#12|0,,,
65|81,0,0,0,0,0,1,0,0,0,0,0,0,3,0,0,0,,,,
3|35,0,0,0,0,0,0,0,0,0,0,0,0,0,0,0,0,,,,
70|25,0,0,0,0,0,0,0,0,0,0,0,0,0,0,0,0,,,,
124|31,0,0,0,0,0,0,0,0,0,0,0,0,0,0,0,0,,,,
18|65,0,0,0,0,0,0,0,0,0,0,0,0,0,0,0,0,,,,
108|68,9,4,16,0,2,2,2,3,3,0,7,0,3,0,0,0,0|0#1|0#2|0#3|4#4|4#5|4#6|4#7|4#8|4#9|4#10|4#11|4#12|0,0|0#1|0#2|0#3|4#4|4#5|3#6|2#7|3#8|3#9|3#10|3#11|3#12|0,0|0#1|0#2|0#3|4#4|4#5|4#6|4#7|4#8|4#9|4#10|4#11|4#12|0,0|0#1|0#2|0#3|4#4|3#5|3#6|3#7|3#8|3#9|3#10|3#11|3#12|0
149|130,0,0,0,0,0,0,0,0,0,0,0,0,0,0,0,0,,,,
127|79,0,0,0,0,0,0,0,0,0,0,0,0,0,0,0,0,0|0#1|0#2|0#3|0#4|0#5|0#6|0#7|0#8|0#9|0#10|0#11|0#12|0,,0|0#1|0#2|0#3|0#4|0#5|0#6|0#7|0#8|0#9|0#10|0#11|0#12|0,
150|11,0,0,0,0,0,0,0,0,0,0,0,0,0,0,1,0,,,,
91|61,173,44,370,39,12,30,20,32,10,4,112,13,45,1,1,0,0|0#1|0#2|0#3|4#4|4#5|4#6|4#7|4#8|4#9|4#10|4#11|4#12|0,0|0#1|0#2|0#3|4#4|4#5|4#6|4#7|4#8|4#9|4#10|4#11|4#12|0,0|0#1|0#2|0#3|4#4|4#5|4#6|4#7|4#8|4#9|4#10|4#11|4#12|0,0|0#1|0#2|0#3|4#4|4#5|4#6|4#7|4#8|4#9|4#10|4#11|4#12|0
134|48,0,0,0,0,0,0,0,0,0,0,0,0,0,0,0,0,,,,
46|70,0,0,0,0,0,0,0,0,0,0,0,0,0,0,0,0,,,,
44|45,0,0,0,0,0,0,0,0,0,0,0,0,0,0,0,0,,,,
97|4,0,0,0,0,0,0,0,0,0,0,0,0,0,0,0,0,,,,
141|17,0,0,0,0,0,0,0,0,0,0,0,0,0,0,0,0,,,,
63|56,2,2,17,0,1,1,0,2,1,0,1,95,0,0,0,0,,0|0#1|0#2|0#3|0#4|0#5|0#6|0#7|0#8|0#9|0#10|0#11|0#12|0,0|0#1|0#2|0#3|0#4|0#5|0#6|0#7|0#8|0#9|0#10|0#11|0#12|0,0|0#1|0#2|0#3|0#4|0#5|0#6|0#7|0#8|0#9|0#10|0#11|0#12|0
72|50,1,0,0,0,0,0,0,0,5,0,0,0,5,0,0,0,,,,
82|67,0,0,0,0,0,1,0,1,1,0,0,2,1,0,0,0,0|0#1|0#2|0#3|0#4|0#5|0#6|0#7|0#8|0#9|0#10|0#11|0#12|0,0|0#1|0#2|0#3|0#4|0#5|0#6|0#7|0#8|0#9|0#10|0#11|0#12|0,,0|0#1|0#2|0#3|0#4|0#5|0#6|0#7|0#8|0#9|0#10|0#11|0#12|0
84|92,2,0,1,0,0,0,1,0,0,0,1,3,1,0,0,0,,,,
56|87,0,0,0,0,0,0,0,0,0,0,0,0,0,0,0,0,,,,
81|107,0,0,0,0,0,0,0,0,1,0,0,0,0,0,0,0,,,,
143|42,0,0,0,0,0,0,0,0,0,0,0,0,0,0,0,0,,,,
117|62,0,1,0,0,0,0,0,0,0,0,0,0,0,0,0,0,0|0#1|0#2|0#3|0#4|0#5|0#6|0#7|0#8|0#9|0#10|0#11|0#12|0,,0|0#1|0#2|0#3|0#4|0#5|0#6|0#7|0#8|0#9|0#10|0#11|0#12|0,
51|14,2,0,0,0,0,3,1,0,0,0,0,3,2,0,0,0,,,,
105|20,0,0,0,0,0,0,0,0,0,0,0,0,0,0,0,0,,,,
37|76,0,0,0,0,0,0,0,0,0,0,0,0,0,0,0,0,,,,
5|60,0,0,0,0,0,0,0,0,0,0,0,0,0,0,0,0,,,,
