46|95,0,0,0,0,0,0,0,0,0,0,0,0,0,0,0,0,,,,
53|64,0,0,0,0,0,0,0,2,0,0,0,0,0,0,0,0,,,,
55|107,0,0,0,0,0,0,0,2,0,0,1,0,0,0,0,0,,,,
60|33,0,0,0,0,0,0,0,0,0,0,0,0,0,0,0,0,,,,
128|1,0,0,0,0,0,0,0,0,0,0,0,0,0,0,0,0,,,,
13|17,0,0,0,0,0,0,0,0,0,0,0,0,0,0,0,0,,,,
117|87,94,12,336,4,15,29,7,22,32,5,88,14,17,0,0,0,0|0#1|0#2|0#3|0#4|0#5|0#6|0#7|0#8|0#9|0#10|0#11|0#12|0,0|0#1|0#2|0#3|0#4|0#5|0#6|0#7|0#8|0#9|0#10|0#11|0#12|0,0|0#1|0#2|0#3|0#4|0#5|0#6|0#7|0#8|0#9|0#10|0#11|0#12|0,0|0#1|0#2|0#3|0#4|0#5|0#6|0#7|0#8|0#9|0#10|0#11|0#12|0
41|103,0,0,0,0,0,0,0,0,0,0,0,0,0,0,0,0,,,,
51|39,0,0,0,0,0,0,0,0,0,0,0,3,0,0,0,0,,,,
133|50,0,0,0,0,0,0,0,0,0,0,0,0,0,0,0,0,,,,
131|104,0,0,0,0,0,0,0,0,0,0,0,0,0,0,0,0,,,,
152|61,0,0,0,0,0,0,0,0,0,0,0,0,0,0,0,0,,,,
136|98,0,0,0,0,0,0,0,0,0,0,0,0,0,0,0,0,,,,
131|25,1,0,1,0,4,0,1,0,6,0,4,0,0,0,0,0,0|0#1|0#2|0#3|0#4|0#5|0#6|0#7|0#8|0#9|0#10|0#11|0#12|0,0|0#1|0#2|0#3|0#4|0#5|0#6|0#7|0#8|0#9|0#10|0#11|0#12|0,0|0#1|0#2|0#3|0#4|0#5|0#6|0#7|0#8|0#9|0#10|0#11|0#12|0,0|0#1|0#2|0#3|0#4|0#5|0#6|0#7|0#8|0#9|0#10|0#11|0#12|0
8|109,0,0,0,0,0,0,0,0,0,0,0,0,0,0,0,0,,,,
32|28,0,0,0,0,0,0,0,0,0,0,0,0,0,0,0,0,,,,
145|92,0,0,0,0,0,0,0,0,0,0,0,0,0,0,0,0,,,,
72|75,0,0,1,0,0,0,0,1,0,0,0,1,1,0,0,0,,,,
25|59,0,0,0,0,0,0,0,0,0,0,0,0,0,0,0,0,,,,
94|119,0,0,0,0,0,0,0,0,0,0,0,0,0,0,0,0,,,,
41|22,0,0,0,0,0,0,0,0,0,0,0,0,0,0,0,0,,,,
145|108,0,0,0,0,0,0,0,0,0,0,0,0,0,0,0,0,,,,
95|4,0,0,0,0,0,0,0,0,0,0,0,0,0,0,0,0,,,,
105|45,0,0,0,0,0,0,0,0,0,0,0,0,0,0,0,0,,,,
107|70,1,0,0,0,0,0,0,0,1,0,1,0,0,0,0,0,0|0#1|0#2|0#3|1#4|2#5|2#6|2#7|2#8|2#9|2#10|2#11|1#12|0,0|0#1|0#2|0#3|0#4|1#5|2#6|0#7|1#8|0#9|1#10|0#11|0#12|0,0|0#1|0#2|0#3|2#4|2#5|2#6|1#7|2#8|2#9|2#10|1#11|1#12|0,0|0#1|0#2|0#3|0#4|1#5|1#6|0#7|0#8|0#9|0#10|0#11|0#12|0
150|36,0,0,0,0,0,0,0,0,0,0,0,0,0,0,0,0,,0|0#1|0#2|0#3|0#4|0#5|0#6|0#7|0#8|0#9|0#10|0#11|0#12|0,,0|0#1|0#2|0#3|0#4|0#5|0#6|0#7|0#8|0#9|0#10|0#11|0#12|0
5|85,0,0,0,0,0,0,0,0,0,0,0,0,0,0,0,0,,,,
15|42,0,0,0,0,0,0,0,0,0,0,0,0,0,0,0,0,,,,
34|53,0,0,0,0,0,0,0,0,0,0,0,0,0,0,0,0,,,,
69|6,0,0,0,0,0,0,0,0,0,0,0,0,0,0,0,0,,,,
126|81,0,1,10,0,2,2,1,0,3,0,1,0,2,0,0,0,,,,
143|67,0,0,0,0,0,0,0,0,0,0,0,1,0,0,0,0,,,,
27|84,0,0,0,0,0,0,0,0,0,0,0,0,0,0,0,0,,,,
0|12,0,0,0,0,0,0,0,0,0,0,0,0,0,0,0,0,,,,
22|11,0,0,0,0,0,0,0,0,0,0,0,0,0,0,0,0,,,,
93|102,0,1,0,0,0,1,0,1,0,0,0,2,0,0,0,0,0|0#1|0#2|0#3|0#4|0#5|0#6|0#7|0#8|0#9|0#10|0#11|0#12|0,,0|0#1|0#2|0#3|0#4|0#5|0#6|0#7|0#8|0#9|0#10|0#11|0#12|0,
112|14,0,0,0,0,0,0,0,0,0,0,0,0,0,0,0,0,,,,
124|56,0,0,0,0,0,0,0,0,0,0,0,0,0,0,0,0,,,,
80|115,0,0,0,0,0,0,0,0,0,0,0,0,0,0,0,0,,,,
91|86,0,0,0,0,0,0,0,0,1,0,0,0,0,0,0,0,0|0#1|0#2|0#3|0#4|0#5|0#6|0#7|0#8|0#9|0#10|0#11|0#12|0,0|0#1|0#2|0#3|0#4|0#5|0#6|0#7|0#8|0#9|0#10|0#11|0#12|0,0|0#1|0#2|0#3|0#4|0#5|0#6|0#7|0#8|0#9|0#10|0#11|0#12|0,0|0#1|0#2|0#3|0#4|0#5|0#6|0#7|0#8|0#9|0#10|0#11|0#12|0
