25|137,0,0,0,0,0,0,0,0,0,0,0,0,0,0,0,0,,,,
148|20,0,0,0,0,0,0,0,0,0,0,0,0,0,0,0,0,,,,
25|8,0,0,0,0,0,0,0,0,0,0,0,0,0,0,0,0,,,,
51|6,0,0,0,0,0,0,0,0,0,0,0,0,0,0,0,0,,,,
100|74,0,1,1,2,0,0,0,1,0,0,0,1,0,0,0,0,0|0#1|0#2|0#3|4#4|3#5|1#6|2#7|2#8|2#9|2#10|2#11|2#12|0,0|0#1|0#2|0#3|3#4|2#5|1#6|2#7|2#8|1#9|2#10|2#11|2#12|0,0|0#1|0#2|0#3|4#4|1#5|1#6|2#7|2#8|2#9|2#10|2#11|2#12|0,0|0#1|0#2|0#3|2#4|2#5|1#6|2#7|2#8|2#9|2#10|1#11|2#12|0
87|45,0,0,0,0,0,0,0,0,1,0,1,0,0,0,0,0,0|0#1|0#2|0#3|0#4|0#5|0#6|0#7|0#8|0#9|0#10|0#11|0#12|0,0|0#1|0#2|0#3|0#4|0#5|0#6|0#7|0#8|0#9|0#10|0#11|0#12|0,0|0#1|0#2|0#3|0#4|0#5|0#6|0#7|0#8|0#9|0#10|0#11|0#12|0,0|0#1|0#2|0#3|0#4|0#5|0#6|0#7|0#8|0#9|0#10|0#11|0#12|0
101|134,0,0,0,0,0,0,0,1,1,0,0,0,0,0,0,0,,,,
140|146,0,0,0,0,0,0,0,0,0,0,0,0,3,0,0,0,,,,
2|130,0,0,0,0,0,0,0,0,0,0,0,0,0,0,0,0,,,,
128|125,0,1,5,0,2,1,0,0,0,0,0,0,0,0,0,0,,,,
49|23,0,0,0,0,0,0,0,0,0,0,0,0,0,0,0,0,,,,
24|120,0,0,0,0,0,0,0,0,0,0,0,0,0,0,0,0,,,,
94|14,0,0,0,0,0,0,0,0,0,0,0,0,0,0,0,0,,,,
63|132,0,0,0,0,0,0,0,0,0,0,0,0,0,0,0,0,,,,
10|71,0,0,0,0,0,0,0,0,0,0,0,0,0,0,0,0,,,,
77|136,0,0,0,0,0,0,0,0,0,0,0,0,0,0,0,0,,,,
3|147,0,0,0,0,0,0,0,0,0,0,0,0,0,0,0,0,,,,
114|121,0,0,0,0,0,0,0,0,0,0,0,1,0,0,0,0,,,,
99|87,0,0,0,0,0,0,0,0,0,0,0,7,0,0,0,0,0|0#1|0#2|0#3|0#4|0#5|0#6|0#7|0#8|0#9|0#10|0#11|0#12|0,,0|0#1|0#2|0#3|0#4|0#5|0#6|0#7|0#8|0#9|0#10|0#11|0#12|0,
89|70,0,0,1,0,3,11,1,2,0,0,2,13,2,0,0,0,0|0#1|0#2|0#3|2#4|3#5|2#6|2#7|2#8|2#9|2#10|2#11|2#12|0,0|0#1|0#2|0#3|1#4|2#5|2#6|2#7|2#8|1#9|2#10|1#11|2#12|0,0|0#1|0#2|0#3|2#4|3#5|2#6|2#7|2#8|2#9|2#10|2#11|3#12|0,0|0#1|0#2|0#3|1#4|2#5|2#6|2#7|2#8|2#9|1#10|2#11|2#12|0
139|26,0,0,0,0,0,0,0,0,0,0,0,0,0,0,0,0,,,,
8|13,0,0,0,0,0,0,0,0,0,0,0,0,0,0,0,0,,,,
68|34,0,0,0,0,0,0,0,0,0,0,0,1,0,0,0,0,0|0#1|0#2|0#3|0#4|0#5|0#6|0#7|0#8|0#9|0#10|0#11|0#12|0,,0|0#1|0#2|0#3|0#4|0#5|0#6|0#7|0#8|0#9|0#10|0#11|0#12|0,
11|133,0,0,0,0,0,0,0,0,0,0,0,0,0,0,0,0,,,,
38|124,0,0,0,0,0,0,0,0,0,0,0,0,0,0,0,0,,,,
50|145,0,0,0,0,0,0,0,0,0,0,0,0,0,0,0,0,,,,
115|138,2,1,2,0,0,0,0,1,0,0,0,0,0,0,0,0,,,,
20|88,0,0,0,0,0,0,0,0,0,0,0,0,0,0,0,0,,,,
110|1,0,0,0,0,0,0,0,0,0,0,0,0,0,0,0,0,,,,
