35|23,0,0,0,0,0,0,0,0,0,0,0,0,0,0,0,0,,,,
6|55,0,0,0,0,0,0,0,0,0,0,0,0,0,0,0,0,,,,
16|12,0,0,0,0,0,0,0,0,0,0,0,0,0,0,0,0,,,,
127|51,0,0,0,0,0,0,0,0,0,0,0,0,0,0,0,0,0|0#1|0#2|0#3|0#4|0#5|0#6|0#7|0#8|0#9|0#10|0#11|0#12|0,,0|0#1|0#2|0#3|0#4|0#5|0#6|0#7|0#8|0#9|0#10|0#11|0#12|0,
75|70,6,0,0,0,0,1,1,26,1,0,2,2,1,0,1,0,0|0#1|0#2|0#3|0#4|0#5|0#6|0#7|0#8|0#9|0#10|0#11|0#12|0,0|0#1|0#2|0#3|0#4|0#5|0#6|0#7|0#8|0#9|0#10|0#11|0#12|0,0|0#1|0#2|0#3|0#4|0#5|0#6|0#7|0#8|0#9|0#10|0#11|0#12|0,0|0#1|0#2|0#3|0#4|0#5|0#6|0#7|0#8|0#9|0#10|0#11|0#12|0
105|7,0,0,0,0,0,0,0,0,0,0,0,0,0,0,0,0,,,,
106|15,0,0,0,0,0,0,0,0,0,0,0,0,0,0,0,0,,,,
146|62,0,0,0,0,0,0,0,0,0,0,0,0,0,0,0,0,,,,
144|37,0,0,0,0,0,0,0,0,1,0,0,0,0,0,0,0,,,,
86|143,0,0,0,0,0,0,0,0,0,0,0,0,0,0,0,0,,,,
20|140,0,0,0,0,0,0,0,0,0,0,0,0,0,0,0,0,,,,
110|141,1,0,0,0,0,0,0,0,0,0,0,0,0,0,0,0,,,,
99|1,0,0,0,0,0,0,0,0,0,0,0,0,0,0,0,0,,,,
85|87,7,6,20,4,0,1,0,1,2,0,2,0,3,0,0,0,0|0#1|0#2|0#3|0#4|0#5|0#6|0#7|0#8|0#9|0#10|0#11|0#12|0,0|0#1|0#2|0#3|0#4|0#5|0#6|0#7|0#8|0#9|0#10|0#11|0#12|0,0|0#1|0#2|0#3|0#4|0#5|0#6|0#7|0#8|0#9|0#10|0#11|0#12|0,0|0#1|0#2|0#3|0#4|0#5|0#6|0#7|0#8|0#9|0#10|0#11|0#12|0
73|45,0,0,0,0,0,0,0,0,0,0,0,0,0,0,0,0,,,,
80|14,1,0,0,0,0,2,0,0,0,0,0,0,0,0,0,0,,,,
124|145,0,0,0,0,0,0,0,0,0,0,0,0,0,0,0,0,,,,
108|40,0,0,0,0,0,0,2,0,1,0,0,0,1,0,0,0,,,,
99|130,6,0,8,0,2,3,1,0,6,0,2,2,1,0,0,0,,,,
134|20,0,0,0,0,0,0,0,0,0,0,0,0,0,0,0,0,,,,
131|5,0,0,0,0,0,0,0,0,0,0,0,0,0,0,0,0,,,,
49|90,0,0,0,0,0,0,0,1,0,0,0,0,0,0,0,0,,,,
66|76,0,0,0,0,0,0,0,0,0,0,0,0,0,0,0,0,,,,
137|132,0,0,0,0,0,0,0,0,0,0,0,0,0,0,0,0,,,,
137|68,0,0,0,0,0,0,0,0,0,0,0,0,0,0,0,0,,,,
139|93,0,0,0,0,0,0,0,0,0,0,0,0,0,0,0,0,,,,
92|56,187,48,446,26,13,31,37,30,10,5,162,10,28,0,1,0,0|0#1|0#2|0#3|4#4|4#5|4#6|4#7|4#8|4#9|4#10|4#11|4#12|0,0|0#1|0#2|0#3|4#4|4#5|4#6|4#7|4#8|4#9|4#10|4#11|4#12|0,0|0#1|0#2|0#3|4#4|4#5|4#6|4#7|4#8|4#9|4#10|4#11|4#12|0,0|0#1|0#2|0#3|4#4|4#5|4#6|4#7|4#8|4#9|4#10|4#11|4#12|0
125|26,0,0,0,0,0,0,0,0,0,0,0,0,0,0,0,0,,,,
26|29,0,0,0,0,0,0,0,0,0,0,0,0,0,0,0,0,,,,
28|54,0,0,0,0,0,0,0,0,0,0,0,0,0,0,0,0,,,,
8|80,0,0,0,0,0,0,0,0,0,0,0,0,0,0,0,0,,,,
34|144,0,0,0,0,0,0,0,0,0,0,0,0,0,0,0,0,,,,
47|65,0,0,0,0,0,0,0,0,0,0,0,0,0,0,0,0,,,,
118|57,0,0,0,0,0,0,0,0,1,0,0,0,0,0,0,0,,,,
47|131,0,0,0,0,0,0,0,0,0,0,0,0,0,0,0,0,,,,
54|34,0,0,0,0,0,0,0,0,0,0,0,0,0,0,0,0,,,,
94|81,0,0,0,0,0,0,0,0,1,0,0,1,1,0,0,0,0|0#1|0#2|0#3|0#4|0#5|0#6|0#7|0#8|0#9|0#10|0#11|0#12|0,,0|0#1|0#2|0#3|0#4|0#5|0#6|0#7|0#8|0#9|0#10|0#11|0#12|0,
