27|73,0,0,0,0,0,0,0,0,0,0,0,0,0,0,0,0,,,,
51|28,0,0,0,0,0,0,0,0,0,0,0,0,0,0,0,0,,,,
124|45,0,0,0,0,0,0,0,0,0,0,0,0,0,0,0,0,0|0#1|0#2|0#3|0#4|0#5|0#6|0#7|0#8|0#9|0#10|0#11|0#12|0,0|0#1|0#2|0#3|0#4|0#5|0#6|0#7|0#8|0#9|0#10|0#11|0#12|0,0|0#1|0#2|0#3|0#4|0#5|0#6|0#7|0#8|0#9|0#10|0#11|0#12|0,0|0#1|0#2|0#3|0#4|0#5|0#6|0#7|0#8|0#9|0#10|0#11|0#12|0
80|104,0,0,0,0,0,0,0,0,0,0,0,0,0,0,0,0,,,,
126|70,0,0,0,0,0,0,0,0,0,0,0,0,0,0,0,0,0|0#1|0#2|0#3|0#4|0#5|0#6|0#7|0#8|0#9|0#10|0#11|0#12|0,0|0#1|0#2|0#3|0#4|0#5|0#6|0#7|0#8|0#9|0#10|0#11|0#12|0,0|0#1|0#2|0#3|0#4|0#5|0#6|0#7|0#8|0#9|0#10|0#11|0#12|0,0|0#1|0#2|0#3|0#4|0#5|0#6|0#7|0#8|0#9|0#10|0#11|0#12|0
34|42,0,0,0,0,0,0,0,0,0,0,0,0,0,0,0,0,,,,
117|76,0,0,0,0,0,0,0,0,0,0,0,0,0,0,0,0,,,,
91|75,3,7,6,0,4,11,0,1,0,1,1,0,0,0,0,0,0|0#1|0#2|0#3|2#4|0#5|1#6|2#7|0#8|0#9|1#10|0#11|0#12|0,0|0#1|0#2|0#3|0#4|0#5|0#6|0#7|0#8|0#9|2#10|1#11|1#12|0,0|0#1|0#2|0#3|2#4|0#5|0#6|1#7|0#8|0#9|1#10|0#11|0#12|0,0|0#1|0#2|0#3|0#4|0#5|0#6|0#7|0#8|0#9|2#10|1#11|1#12|0
70|39,0,0,0,0,0,0,0,0,0,0,0,0,0,0,0,0,,,0|0#1|0#2|0#3|0#4|0#5|0#6|0#7|0#8|0#9|0#10|0#11|0#12|0,
72|64,4,0,1,0,0,0,0,0,0,0,0,3,2,0,0,0,0|0#1|0#2|0#3|0#4|0#5|0#6|0#7|0#8|0#9|0#10|0#11|0#12|0,0|0#1|0#2|0#3|0#4|0#5|0#6|0#7|0#8|0#9|0#10|0#11|0#12|0,0|0#1|0#2|0#3|0#4|0#5|0#6|0#7|0#8|0#9|0#10|0#11|0#12|0,0|0#1|0#2|0#3|0#4|0#5|0#6|0#7|0#8|0#9|0#10|0#11|0#12|0
25|48,0,0,0,0,0,0,0,0,0,0,0,0,0,0,0,0,,,,
41|11,0,0,0,0,0,0,0,0,0,0,0,0,0,0,0,0,,,,
152|50,0,0,0,0,0,0,0,0,0,0,0,0,0,0,0,0,,,,
42|109,0,0,0,0,0,0,0,0,0,0,0,0,0,0,0,0,,,,
3|49,0,0,0,0,0,0,0,0,0,0,0,0,0,0,0,0,,,,
105|34,0,0,0,0,0,0,0,1,0,0,0,0,1,0,0,0,0|0#1|0#2|0#3|0#4|0#5|0#6|0#7|0#8|0#9|0#10|0#11|0#12|0,0|0#1|0#2|0#3|0#4|0#5|0#6|0#7|0#8|0#9|0#10|0#11|0#12|0,0|0#1|0#2|0#3|0#4|0#5|0#6|0#7|0#8|0#9|0#10|0#11|0#12|0,0|0#1|0#2|0#3|0#4|0#5|0#6|0#7|0#8|0#9|0#10|0#11|0#12|0
145|81,0,0,0,0,0,0,0,0,0,0,0,0,0,0,0,0,,,,
53|53,0,0,0,0,0,0,0,0,0,0,0,0,0,0,0,0,,,,
135|140,0,0,0,0,0,0,0,0,0,0,0,0,0,0,0,0,,,,
46|84,0,0,0,0,0,0,0,0,0,0,0,0,0,0,0,0,,,,
5|74,0,0,0,0,0,0,0,0,0,0,0,0,0,0,0,0,,,,
18|79,0,0,0,0,0,0,0,1,0,0,0,0,0,0,0,0,,,,
34|6,0,0,0,0,0,0,0,0,0,0,0,0,0,0,0,0,,,,
150|25,0,0,0,0,0,0,0,0,0,0,0,0,0,0,0,0,,,,
44|59,0,0,0,0,0,0,0,0,0,0,0,0,0,0,0,0,,,,
94|108,0,0,0,0,0,0,0,0,0,0,0,0,0,0,0,0,,,,
15|31,0,0,0,0,0,0,0,0,0,0,0,0,0,0,0,0,,,,
149|144,0,0,0,0,0,0,0,0,1,0,0,0,0,0,0,0,,,,
136|87,0,0,0,0,0,0,0,0,0,0,0,1,0,0,0,0,,,,
131|14,0,0,0,0,0,0,0,0,1,0,0,1,0,0,0,0,,,,
60|22,0,0,0,0,0,0,0,0,0,0,0,0,2,0,0,0,,,,
32|17,0,0,0,0,0,0,0,0,0,0,0,0,0,0,0,0,,,,
65|95,0,0,0,0,0,0,0,0,0,0,0,0,0,0,0,0,,,,
59|143,0,0,0,0,0,0,0,0,0,0,0,0,0,0,0,0,,,,
60|4,0,0,0,0,0,0,0,0,0,0,0,0,0,0,0,0,,,,
143|56,0,0,0,0,0,0,0,0,0,0,0,0,0,0,0,0,0|0#1|0#2|0#3|0#4|0#5|0#6|0#7|0#8|0#9|0#10|0#11|0#12|0,,0|0#1|0#2|0#3|0#4|0#5|0#6|0#7|0#8|0#9|0#10|0#11|0#12|0,
