19|73,0,0,0,0,0,0,0,0,0,0,0,0,0,0,0,0,,,,
26|42,0,0,0,0,0,0,0,0,0,0,0,0,0,0,0,0,,,,
33|11,0,0,0,0,0,0,0,0,0,0,0,0,0,0,0,0,,,,
57|101,83,35,297,2,11,17,14,19,10,17,68,6,10,0,0,0,0|0#1|0#2|0#3|0#4|0#5|0#6|0#7|0#8|0#9|0#10|0#11|0#12|0,0|0#1|0#2|0#3|0#4|0#5|0#6|0#7|0#8|0#9|0#10|0#11|0#12|0,0|0#1|0#2|0#3|0#4|0#5|0#6|0#7|0#8|0#9|0#10|0#11|0#12|0,0|0#1|0#2|0#3|0#4|0#5|0#6|0#7|0#8|0#9|0#10|0#11|0#12|0
58|118,0,0,0,0,0,0,0,0,0,0,0,0,0,0,0,0,,,,
83|75,0,0,0,0,0,0,0,0,0,1,0,5,0,0,0,0,0|0#1|0#2|0#3|0#4|0#5|0#6|0#7|1#8|0#9|0#10|0#11|0#12|0,0|0#1|0#2|0#3|0#4|0#5|0#6|0#7|0#8|0#9|0#10|0#11|0#12|0,0|0#1|0#2|0#3|0#4|0#5|0#6|0#7|0#8|0#9|0#10|0#11|1#12|0,0|0#1|0#2|0#3|0#4|0#5|0#6|0#7|0#8|0#9|0#10|0#11|0#12|0
128|87,0,0,0,0,0,0,0,0,0,0,0,0,0,0,0,0,,,,
83|126,0,0,0,0,0,0,0,0,0,0,0,0,0,0,0,0,,,,
44|0,0,0,0,0,0,0,0,0,0,0,0,0,0,0,0,0,,,,
57|95,0,0,0,0,0,0,0,1,0,0,0,0,0,0,0,0,0|0#1|0#2|0#3|0#4|0#5|0#6|0#7|0#8|0#9|0#10|0#11|0#12|0,,0|0#1|0#2|0#3|0#4|0#5|0#6|0#7|0#8|0#9|0#10|0#11|0#12|0,
147|98,0,0,0,0,0,0,0,0,0,0,0,0,0,0,0,0,,,,
148|119,0,0,0,0,0,0,0,0,0,0,0,0,0,0,0,0,,,,
137|81,0,0,0,0,0,0,0,0,0,0,0,0,0,0,0,0,,,,
90|44,0,0,0,0,0,0,0,0,0,0,0,2,4,0,0,0,0|0#1|0#2|0#3|0#4|0#5|0#6|1#7|0#8|0#9|0#10|0#11|0#12|0,0|0#1|0#2|0#3|0#4|0#5|0#6|0#7|0#8|0#9|0#10|0#11|0#12|0,0|0#1|0#2|0#3|0#4|0#5|0#6|0#7|0#8|0#9|0#10|0#11|0#12|0,0|0#1|0#2|0#3|0#4|0#5|0#6|0#7|0#8|0#9|0#10|0#11|0#12|0
52|22,3,0,0,0,0,0,0,1,0,0,0,1,2,0,0,0,,,,
19|106,0,0,0,0,0,0,0,0,0,0,0,0,0,0,0,0,,,,
134|115,4,1,1,1,0,0,0,4,0,0,0,0,1,0,0,0,,,,
109|107,0,0,0,0,0,0,0,0,0,0,0,0,0,0,0,0,,,,
142|25,0,0,0,0,0,0,0,0,0,0,0,0,0,0,0,0,,,,
135|56,0,0,0,0,0,0,0,0,0,0,0,0,1,0,0,0,,,,
123|14,0,0,0,0,0,0,0,0,0,0,0,0,0,0,0,0,,,,
120|111,0,0,0,0,0,0,0,0,0,0,0,0,0,0,0,0,,,,
31|127,0,0,0,0,0,0,0,0,0,0,0,0,0,0,0,0,,,,
96|113,0,0,0,0,0,0,0,0,0,0,0,0,0,0,0,0,,,,
18|2,0,0,0,0,0,0,0,0,0,0,0,0,0,0,0,0,,,,
70|139,0,0,0,0,0,0,0,0,0,0,0,0,0,0,0,0,,,,
147|102,0,0,0,0,0,0,0,0,0,0,0,0,0,0,0,0,,,,
44|114,0,0,0,0,0,0,0,0,0,0,0,0,3,0,0,0,,,,
64|64,0,0,0,0,0,0,0,0,0,0,0,0,0,0,1,0,0|0#1|0#2|0#3|0#4|0#5|0#6|0#7|0#8|0#9|0#10|0#11|0#12|0,,,
144|50,0,0,0,0,0,0,0,0,0,0,0,0,0,0,0,0,,,,
71|33,0,0,0,0,0,0,0,0,0,0,0,1,0,0,0,0,,,,
24|17,0,0,0,0,0,0,0,0,1,0,0,0,0,0,0,0,,,,
38|84,0,0,0,0,0,0,0,0,0,0,0,0,0,0,0,0,,,,
118|70,57,11,89,6,4,2,4,4,8,0,29,14,7,0,0,0,0|0#1|0#2|0#3|0#4|0#5|0#6|0#7|0#8|0#9|0#10|0#11|1#12|0,0|0#1|0#2|0#3|0#4|0#5|0#6|0#7|0#8|0#9|0#10|0#11|0#12|0,0|0#1|0#2|0#3|0#4|0#5|0#6|0#7|0#8|1#9|0#10|1#11|1#12|0,0|0#1|0#2|0#3|0#4|0#5|0#6|0#7|0#8|0#9|0#10|0#11|0#12|0
43|28,0,0,0,0,0,0,0,0,0,0,0,0,0,0,0,0,,,,
121|128,0,0,1,0,0,0,0,0,0,0,0,0,1,0,0,0,,,,
62|39,0,0,0,0,0,0,0,0,0,0,0,0,0,0,0,0,,,,
36|59,0,0,0,0,0,0,0,0,0,0,0,0,0,0,0,0,,0|0#1|0#2|0#3|0#4|0#5|0#6|0#7|0#8|0#9|0#10|0#11|0#12|0,,0|0#1|0#2|0#3|0#4|0#5|0#6|0#7|0#8|0#9|0#10|0#11|0#12|0
45|53,0,0,0,0,0,1,0,0,1,0,0,0,0,0,0,0,0|0#1|0#2|0#3|0#4|0#5|0#6|0#7|0#8|0#9|0#10|0#11|0#12|0,0|0#1|0#2|0#3|0#4|0#5|0#6|0#7|0#8|0#9|0#10|0#11|0#12|0,0|0#1|0#2|0#3|0#4|0#5|0#6|0#7|0#8|0#9|0#10|0#11|0#12|0,0|0#1|0#2|0#3|0#4|0#5|0#6|0#7|0#8|0#9|0#10|0#11|0#12|0
109|76,16,8,32,3,1,3,2,7,1,1,6,2,3,0,0,0,0|0#1|0#2|0#3|2#4|1#5|0#6|0#7|0#8|0#9|0#10|0#11|0#12|0,0|0#1|0#2|0#3|2#4|1#5|0#6|0#7|0#8|0#9|0#10|0#11|0#12|0,0|0#1|0#2|0#3|2#4|0#5|0#6|1#7|0#8|0#9|0#10|1#11|1#12|0,0|0#1|0#2|0#3|1#4|0#5|0#6|0#7|0#8|0#9|0#10|0#11|0#12|0
30|110,0,0,0,0,0,0,0,0,0,0,0,0,0,0,0,0,,,,
2|18,0,0,0,0,0,0,0,0,0,0,0,0,0,0,0,0,,,,
116|45,1,0,0,0,0,0,0,3,1,0,0,0,1,0,0,0,0|0#1|0#2|0#3|0#4|0#5|0#6|0#7|0#8|0#9|0#10|0#11|0#12|0,,0|0#1|0#2|0#3|0#4|0#5|0#6|0#7|0#8|0#9|0#10|0#11|0#12|0,
17|48,0,0,0,0,0,0,0,0,0,0,0,0,0,0,0,0,,,,
4|43,0,0,0,0,0,0,0,0,0,0,0,0,0,0,0,0,,,,
148|7,0,0,0,0,0,0,0,0,0,0,0,2,0,0,0,0,,,,
