24|100,0,0,0,0,0,0,0,0,0,0,0,0,0,0,0,0,,,,
10|51,0,0,0,0,0,0,0,0,0,0,0,0,0,0,0,0,,,,
64|129,0,0,0,0,0,0,0,0,0,0,0,0,0,0,0,0,,,,
2|110,0,0,0,0,0,0,0,0,0,0,0,0,0,0,0,0,,,,
112|96,4,3,4,0,0,2,0,0,5,0,1,4,1,0,0,0,,,,
115|118,0,0,0,0,0,0,1,1,0,0,0,0,0,0,0,0,,,,
38|104,0,0,0,0,0,0,0,0,0,0,0,0,0,0,0,0,,,,
63|112,0,0,0,0,0,0,0,0,0,0,0,0,0,0,0,0,,,,
22|93,0,0,0,0,0,0,0,0,0,0,0,0,0,0,0,0,,,,
114|101,0,1,0,0,0,1,0,2,0,0,1,3,1,0,0,0,,0|0#1|0#2|0#3|0#4|0#5|0#6|0#7|0#8|0#9|0#10|0#11|0#12|0,,0|0#1|0#2|0#3|0#4|0#5|0#6|0#7|0#8|0#9|0#10|0#11|0#12|0
13|99,0,0,0,0,0,0,0,0,0,0,0,0,0,0,0,0,,,,
128|105,0,0,0,0,0,1,0,0,0,0,0,0,0,0,0,0,,,,
89|50,0,0,0,0,0,0,0,0,0,0,0,0,1,0,0,0,0|0#1|0#2|0#3|0#4|0#5|2#6|1#7|0#8|1#9|0#10|0#11|0#12|0,0|0#1|0#2|0#3|0#4|0#5|0#6|0#7|0#8|0#9|0#10|0#11|0#12|0,0|0#1|0#2|0#3|0#4|1#5|2#6|1#7|1#8|1#9|0#10|0#11|1#12|0,0|0#1|0#2|0#3|0#4|0#5|0#6|0#7|0#8|0#9|0#10|0#11|0#12|0
0|94,0,0,0,0,0,0,0,0,0,0,0,0,0,0,0,0,,,,
112|6,0,0,0,0,0,0,0,0,0,0,0,0,0,0,0,0,,,,
100|54,1,1,7,0,0,0,0,1,1,0,1,0,1,0,0,0,0|0#1|0#2|0#3|2#4|4#5|4#6|3#7|4#8|4#9|4#10|3#11|3#12|0,0|0#1|0#2|0#3|2#4|2#5|2#6|2#7|2#8|2#9|2#10|2#11|2#12|0,0|0#1|0#2|0#3|3#4|4#5|4#6|4#7|4#8|4#9|3#10|2#11|3#12|0,0|0#1|0#2|0#3|2#4|2#5|2#6|2#7|2#8|2#9|2#10|2#11|2#12|0
20|68,1,1,0,0,0,0,0,3,0,0,1,0,1,0,0,0,,,,
101|114,0,0,0,0,1,1,1,0,1,0,0,0,0,0,0,0,,,,
25|117,0,0,0,0,0,0,0,0,0,0,0,0,0,0,0,0,,,,
77|116,0,0,0,0,0,0,0,0,0,0,0,0,0,0,0,0,,,,
50|125,0,0,0,0,0,0,0,0,0,0,0,0,0,0,0,0,,,,
11|113,0,0,0,0,0,0,0,0,0,0,0,0,0,0,0,0,,,,
140|126,0,0,0,0,0,0,0,0,0,0,0,0,0,0,0,0,,,,
3|127,0,0,0,0,0,0,0,0,0,0,0,0,0,0,0,0,,,,
68|14,0,0,0,0,0,0,0,0,0,0,0,0,0,0,0,0,,,,
87|25,0,0,0,0,0,0,0,0,0,0,0,0,0,0,0,0,0|0#1|0#2|0#3|0#4|0#5|0#6|0#7|0#8|0#9|0#10|0#11|0#12|0,0|0#1|0#2|0#3|0#4|0#5|0#6|0#7|0#8|0#9|0#10|0#11|0#12|0,0|0#1|0#2|0#3|0#4|0#5|0#6|0#7|0#8|0#9|0#10|0#11|0#12|0,0|0#1|0#2|0#3|0#4|0#5|0#6|0#7|0#8|0#9|0#10|0#11|0#12|0
99|67,107,55,198,2,16,10,29,26,22,15,41,35,27,3,0,0,0|0#1|0#2|0#3|4#4|4#5|4#6|4#7|4#8|4#9|4#10|4#11|4#12|0,0|0#1|0#2|0#3|4#4|4#5|4#6|4#7|4#8|4#9|4#10|4#11|4#12|0,0|0#1|0#2|0#3|4#4|4#5|4#6|4#7|4#8|4#9|4#10|4#11|4#12|0,0|0#1|0#2|0#3|4#4|4#5|4#6|4#7|4#8|4#9|4#10|4#11|4#12|0
121|90,0,0,0,0,0,0,0,0,0,0,0,0,0,0,0,0,,,,
