120|22,0,1,0,0,0,0,0,1,0,0,0,0,1,0,0,0,,,,
16|81,0,0,0,0,0,0,0,0,0,0,0,0,0,0,0,0,,,,
42|61,0,0,0,0,0,0,0,0,0,0,0,0,0,0,0,0,,,,
26|98,0,0,0,0,0,0,0,0,0,0,0,0,0,0,0,0,,,,
113|53,2,2,12,5,0,1,0,0,0,0,5,8,2,1,0,0,0|0#1|0#2|0#3|1#4|1#5|2#6|2#7|2#8|1#9|2#10|1#11|2#12|0,0|0#1|0#2|0#3|0#4|0#5|0#6|1#7|0#8|0#9|0#10|0#11|0#12|0,0|0#1|0#2|0#3|0#4|1#5|2#6|2#7|2#8|2#9|2#10|2#11|2#12|0,0|0#1|0#2|0#3|0#4|0#5|1#6|0#7|0#8|0#9|0#10|0#11|0#12|0
4|99,0,0,0,0,0,0,0,0,0,0,0,0,0,0,0,0,,,,
61|72,0,0,0,0,0,0,0,0,5,0,0,1,0,0,0,0,,,,
101|11,0,0,0,0,0,0,0,1,0,0,0,1,0,0,0,0,,,,
91|105,0,0,0,0,0,0,0,0,0,0,0,0,1,0,1,0,,,,
104|59,15,10,16,0,0,6,5,7,1,2,8,2,9,2,0,0,0|0#1|0#2|0#3|4#4|4#5|3#6|3#7|3#8|4#9|4#10|3#11|3#12|0,0|0#1|0#2|0#3|3#4|3#5|2#6|2#7|2#8|2#9|2#10|2#11|2#12|0,0|0#1|0#2|0#3|4#4|3#5|3#6|4#7|3#8|4#9|4#10|3#11|2#12|0,0|0#1|0#2|0#3|3#4|3#5|2#6|2#7|2#8|2#9|2#10|2#11|2#12|0
132|64,0,0,0,0,0,0,0,0,0,0,0,0,0,0,0,0,,,,
22|6,0,0,0,0,0,0,0,0,0,0,0,0,0,0,0,0,,,,
146|141,0,0,0,0,0,0,0,0,0,0,0,0,0,0,0,0,,,,
108|146,0,0,0,0,0,0,0,0,0,0,0,0,0,0,0,0,,,,
35|92,0,0,0,0,0,0,0,0,0,0,0,0,0,0,0,0,,,,
125|95,0,0,0,0,0,0,0,0,0,0,0,0,0,0,0,0,,,,
18|145,0,0,0,0,0,0,0,0,0,0,0,0,0,0,0,0,,,,
40|36,10,1,3,1,2,0,3,9,1,0,3,8,1,0,0,0,,,,
71|89,3,0,3,0,1,4,1,0,1,0,0,4,0,0,0,0,,,,
151|75,0,0,0,0,0,0,0,0,0,0,0,0,0,0,0,0,,,,
52|78,0,0,0,0,0,0,0,0,0,0,0,0,1,0,0,0,,,,
80|83,0,0,0,0,0,0,0,0,0,0,1,0,0,0,0,0,0|0#1|0#2|0#3|0#4|0#5|0#6|0#7|0#8|0#9|0#10|0#11|0#12|0,,0|0#1|0#2|0#3|0#4|0#5|0#6|0#7|0#8|0#9|0#10|0#11|0#12|0,
56|140,0,0,0,0,0,0,0,0,0,0,0,0,0,0,0,0,,,,
111|28,0,0,0,0,0,0,0,0,0,0,0,0,0,0,0,0,,,,
23|50,0,0,0,0,0,0,0,0,0,0,0,0,0,0,0,0,,,,
1|51,0,0,0,0,0,0,0,0,0,0,0,0,0,0,0,0,,,,
9|142,0,0,0,0,0,0,0,0,0,0,0,0,0,0,0,0,,,,
14|56,0,0,0,0,0,0,0,0,0,0,0,0,0,0,0,0,,,,
33|67,0,0,0,0,0,0,0,0,0,0,0,0,0,0,0,0,,,,
130|39,0,0,0,0,0,0,0,0,0,0,0,0,0,0,0,0,,,,
21|25,0,0,0,0,0,0,0,0,0,0,0,0,0,0,0,0,,,,
106|84,0,0,0,0,0,1,0,0,1,0,0,8,0,0,0,0,,,,
