79|117,2,0,0,0,0,0,0,2,1,0,0,0,1,0,0,0,,,,
55|3,0,0,0,0,0,0,0,0,0,0,0,0,0,0,0,0,,,,
13|114,0,0,0,0,0,0,0,0,0,0,0,0,0,0,0,0,,,,
120|55,0,0,0,0,0,0,0,0,0,0,0,0,0,0,0,0,0|0#1|0#2|0#3|0#4|0#5|0#6|0#7|0#8|0#9|0#10|0#11|0#12|0,0|0#1|0#2|0#3|0#4|0#5|0#6|0#7|0#8|0#9|0#10|0#11|0#12|0,0|0#1|0#2|0#3|0#4|0#5|0#6|0#7|0#8|0#9|1#10|0#11|0#12|0,0|0#1|0#2|0#3|0#4|0#5|0#6|0#7|0#8|0#9|0#10|0#11|0#12|0
113|86,0,0,0,0,0,0,0,0,1,0,0,1,0,0,0,0,0|0#1|0#2|0#3|0#4|0#5|0#6|0#7|0#8|0#9|0#10|0#11|0#12|0,0|0#1|0#2|0#3|0#4|0#5|0#6|0#7|0#8|0#9|0#10|0#11|0#12|0,0|0#1|0#2|0#3|0#4|0#5|0#6|0#7|0#8|0#9|0#10|0#11|0#12|0,0|0#1|0#2|0#3|0#4|0#5|0#6|0#7|0#8|0#9|0#10|0#11|0#12|0
90|121,0,0,0,0,0,0,0,0,0,0,0,0,0,0,0,0,,,,
91|138,0,0,0,0,0,0,0,0,0,0,0,0,0,0,0,0,,,,
1|84,0,0,0,0,0,0,0,0,0,0,0,0,0,0,0,0,,,,
52|126,0,0,0,0,0,0,0,0,0,0,0,0,0,0,0,0,,,,
21|58,0,0,0,0,0,0,0,0,0,0,0,0,0,0,0,0,,,,
42|94,0,0,0,0,0,0,0,0,0,0,0,0,0,0,0,0,,,,
14|89,0,0,0,0,0,0,0,0,0,0,0,0,0,0,0,0,,,,
29|5,0,0,0,0,0,0,0,0,0,0,0,0,0,0,0,0,,,,
101|44,0,0,0,0,0,0,0,1,0,0,0,0,0,0,0,0,,,,
40|69,0,0,0,0,0,0,0,0,0,0,0,0,0,0,0,0,,,,
78|100,0,0,0,0,0,0,0,0,1,0,0,0,0,0,0,0,,,,
81|1,0,0,0,0,0,0,0,0,0,0,0,0,0,0,0,0,,,,
65|113,0,0,0,0,0,0,0,0,0,0,0,0,0,0,0,0,,,,
26|101,0,0,0,0,0,0,0,0,0,0,0,0,0,0,0,0,,,,
27|118,0,0,0,0,0,0,0,0,0,0,0,0,0,0,0,0,,,,
5|128,0,0,0,0,0,0,0,0,0,0,0,0,0,0,0,0,,,,
117|119,0,0,0,0,0,0,0,0,0,0,0,0,0,0,0,0,,,,
141|91,0,0,0,0,0,0,0,0,0,0,0,0,0,0,0,0,,,,
141|110,0,0,0,0,0,0,0,0,0,0,0,0,0,0,0,0,,,,
142|127,0,0,0,0,0,0,0,0,0,0,0,0,0,0,0,0,,,,
4|111,0,0,0,0,0,0,0,0,0,0,0,0,0,0,0,0,,,,
88|15,0,0,0,0,0,0,0,0,0,0,0,0,0,0,0,0,,,,
103|115,0,0,0,0,0,0,0,0,0,0,0,0,0,0,0,0,,,,
116|102,0,0,0,0,0,0,0,0,0,0,0,0,0,0,0,0,,,,
30|52,0,0,0,0,0,0,0,0,0,0,0,0,0,0,0,0,,,,
122|80,0,0,0,0,0,0,0,0,0,0,0,0,0,0,0,0,,0|0#1|0#2|0#3|0#4|0#5|0#6|0#7|0#8|0#9|0#10|0#11|0#12|0,,0|0#1|0#2|0#3|0#4|0#5|0#6|0#7|0#8|0#9|0#10|0#11|0#12|0
132|97,0,0,0,0,0,0,0,0,0,0,0,0,0,0,0,0,,,,
11|41,0,0,0,0,0,0,0,0,0,0,0,0,0,0,0,0,,,,
23|83,0,0,0,0,0,0,0,0,0,0,0,0,0,0,0,0,,,,
