97|92,0,0,0,0,0,0,0,0,0,0,0,0,0,0,0,0,,,,
109|26,0,0,0,0,0,0,0,0,0,0,0,0,0,0,0,0,,,,
66|0,0,0,0,0,0,0,0,0,0,0,0,0,0,0,0,0,,,,
147|48,0,0,0,0,0,0,0,0,0,0,0,0,0,0,0,0,,,,
21|120,0,0,0,0,0,0,0,0,0,0,0,0,0,0,0,0,,,,
35|124,0,0,0,0,0,0,0,0,0,0,0,0,0,0,0,0,,,,
88|98,87,43,92,25,34,6,5,17,22,3,45,35,16,0,1,0,0|0#1|0#2|0#3|2#4|0#5|0#6|0#7|0#8|0#9|0#10|0#11|0#12|0,0|0#1|0#2|0#3|1#4|0#5|0#6|0#7|0#8|0#9|0#10|0#11|1#12|0,0|0#1|0#2|0#3|1#4|0#5|0#6|0#7|0#8|0#9|0#10|0#11|0#12|0,0|0#1|0#2|0#3|0#4|0#5|0#6|0#7|0#8|0#9|0#10|1#11|0#12|0
111|121,0,0,0,0,0,0,0,0,0,0,0,0,0,0,0,0,,,,
85|50,0,0,0,2,0,0,0,0,0,0,0,2,1,0,0,0,0|0#1|0#2|0#3|2#4|1#5|1#6|2#7|1#8|1#9|0#10|0#11|0#12|0,0|0#1|0#2|0#3|1#4|1#5|0#6|0#7|0#8|0#9|0#10|0#11|0#12|0,0|0#1|0#2|0#3|2#4|1#5|1#6|2#7|1#8|0#9|1#10|1#11|0#12|0,0|0#1|0#2|0#3|1#4|0#5|0#6|0#7|0#8|0#9|0#10|0#11|0#12|0
19|23,0,0,0,0,0,0,0,0,0,0,0,0,0,0,0,0,,,,
76|56,0,0,0,0,0,0,0,0,0,0,0,1,0,0,0,0,,,,
95|67,123,34,301,2,17,29,24,27,42,17,88,78,24,1,0,0,0|0#1|0#2|0#3|4#4|4#5|4#6|4#7|4#8|4#9|4#10|4#11|4#12|0,0|0#1|0#2|0#3|4#4|4#5|4#6|4#7|4#8|4#9|4#10|4#11|4#12|0,0|0#1|0#2|0#3|4#4|4#5|4#6|4#7|4#8|4#9|4#10|4#11|4#12|0,0|0#1|0#2|0#3|4#4|4#5|4#6|4#7|3#8|4#9|3#10|4#11|4#12|0
137|31,0,0,0,0,0,0,0,0,0,0,0,0,0,0,0,0,,,,
139|129,0,0,0,0,0,0,0,0,0,0,0,0,0,0,0,0,,,,
112|138,133,69,182,5,27,9,16,45,9,7,74,21,12,1,0,0,,,,
0|147,0,0,0,0,0,0,0,0,0,0,0,0,0,0,0,0,,,,
9|66,0,0,0,0,0,0,0,0,0,0,0,0,0,0,0,0,,,,
57|45,11,2,7,0,0,3,0,6,0,1,2,1,4,0,0,0,,0|0#1|0#2|0#3|0#4|0#5|0#6|0#7|0#8|0#9|0#10|0#11|0#12|0,,0|0#1|0#2|0#3|0#4|0#5|0#6|0#7|0#8|0#9|0#10|0#11|0#12|0
83|25,0,0,0,0,0,0,0,0,0,0,0,0,0,0,0,0,,,,
138|112,0,0,0,0,0,0,0,0,0,0,0,0,0,0,0,0,,,,
150|133,0,0,0,0,0,0,0,0,0,0,0,0,0,0,0,0,,,,
49|128,0,0,0,0,0,0,0,0,0,0,0,0,0,0,0,0,,,,
125|125,0,0,0,0,0,0,0,0,0,0,0,0,0,0,0,0,,,,
64|14,0,0,0,0,0,0,0,0,0,0,0,0,0,0,0,0,,,,
22|137,0,0,0,0,0,0,0,0,0,0,0,0,0,0,0,0,,,,
60|132,0,0,0,0,0,0,0,0,0,0,0,0,0,0,0,0,,,,
87|123,0,0,0,0,0,0,0,0,0,0,0,0,0,0,0,0,,,,
118|20,0,0,0,0,0,0,0,0,0,0,0,0,0,0,0,0,,,,
59|70,0,0,0,0,0,0,0,0,0,0,0,0,0,0,0,0,,,,
69|87,0,0,0,0,0,0,0,0,0,0,0,0,0,0,0,0,,,,
149|73,0,0,0,0,0,0,0,0,0,0,0,0,0,0,0,0,,,,
78|81,0,0,0,0,0,0,0,0,0,0,0,0,0,0,0,0,0|0#1|0#2|0#3|0#4|0#5|0#6|0#7|0#8|0#9|0#10|0#11|0#12|0,0|0#1|0#2|0#3|0#4|0#5|0#6|0#7|0#8|0#9|0#10|0#11|0#12|0,0|0#1|0#2|0#3|0#4|0#5|0#6|0#7|0#8|0#9|0#10|0#11|0#12|0,0|0#1|0#2|0#3|0#4|0#5|0#6|0#7|0#8|0#9|0#10|0#11|0#12|0
38|34,0,0,0,0,0,0,0,1,0,0,0,0,5,0,1,0,,0|0#1|0#2|0#3|0#4|0#5|0#6|0#7|0#8|0#9|0#10|0#11|0#12|0,,
74|136,0,0,0,0,0,0,0,0,0,0,0,0,0,0,0,0,,,,
48|111,0,0,0,0,0,0,0,0,0,0,0,0,0,0,0,0,,,,
128|37,0,0,0,0,0,0,0,0,0,0,0,3,0,0,0,0,,,0|0#1|0#2|0#3|0#4|0#5|0#6|0#7|0#8|0#9|0#10|0#11|0#12|0,
