139|44,0,0,0,0,0,0,0,0,1,0,0,6,0,0,0,0,,,,
137|19,0,0,0,0,0,0,0,0,0,0,0,0,0,0,0,0,,,,
73|107,0,0,0,0,0,0,0,0,0,0,0,0,0,0,0,0,,,,
128|143,0,0,0,0,0,0,0,0,0,0,0,0,0,0,0,0,,,,
38|142,0,0,0,0,0,0,0,0,0,0,0,0,0,0,0,0,,,,
111|109,0,0,0,0,0,0,0,0,1,0,0,0,0,0,0,0,,,,
23|1,0,0,0,0,0,0,0,0,0,0,0,0,0,0,0,0,,,,
59|58,0,0,0,0,0,0,0,0,0,0,0,0,0,0,0,0,,,,
68|52,0,0,0,0,0,0,0,0,0,0,0,0,0,0,0,0,0|0#1|0#2|0#3|0#4|0#5|0#6|0#7|0#8|0#9|0#10|0#11|0#12|0,,0|0#1|0#2|0#3|0#4|0#5|0#6|0#7|0#8|0#9|0#10|0#11|0#12|0,
100|92,0,0,0,0,0,0,0,0,0,0,0,0,0,0,0,0,,,,
78|69,1,3,5,0,0,0,1,3,1,0,0,0,0,0,0,0,0|0#1|0#2|0#3|0#4|0#5|1#6|1#7|0#8|0#9|0#10|0#11|0#12|0,0|0#1|0#2|0#3|0#4|0#5|0#6|0#7|0#8|0#9|0#10|0#11|0#12|0,0|0#1|0#2|0#3|0#4|1#5|1#6|0#7|0#8|0#9|0#10|0#11|0#12|0,0|0#1|0#2|0#3|0#4|0#5|0#6|0#7|0#8|0#9|0#10|0#11|0#12|0
49|41,0,0,0,0,0,0,0,0,0,0,0,0,0,0,0,0,,,,
87|63,0,0,2,1,0,0,2,2,1,0,0,6,1,0,0,0,0|0#1|0#2|0#3|3#4|2#5|2#6|2#7|2#8|2#9|2#10|2#11|2#12|0,0|0#1|0#2|0#3|2#4|2#5|2#6|1#7|2#8|2#9|2#10|2#11|2#12|0,0|0#1|0#2|0#3|2#4|2#5|2#6|2#7|2#8|2#9|2#10|2#11|2#12|0,0|0#1|0#2|0#3|2#4|2#5|2#6|1#7|2#8|2#9|1#10|0#11|1#12|0
21|108,0,0,0,0,0,0,0,0,0,0,0,0,0,0,0,0,,,,
56|10,0,0,0,0,0,0,0,0,1,0,0,0,0,0,0,0,,,,
146|13,0,0,0,0,0,0,0,0,0,0,0,0,0,0,0,0,,,,
127|8,0,0,0,0,0,0,0,0,0,0,0,0,0,0,0,0,,,,
47|16,0,0,0,0,0,0,0,0,0,0,0,0,0,0,0,0,,,,
94|32,0,0,0,0,0,0,0,0,0,0,0,0,0,0,0,0,,,,
8|31,0,0,0,0,0,0,0,0,0,0,0,0,0,0,0,0,,,,
75|21,0,0,0,0,0,0,0,0,0,0,0,0,0,0,0,0,,,,
66|27,0,0,0,0,0,0,1,0,0,0,0,0,0,0,0,0,,,,
85|38,0,0,0,0,0,0,0,0,0,0,0,0,0,0,0,0,0|0#1|0#2|0#3|0#4|0#5|0#6|0#7|0#8|0#9|0#10|0#11|0#12|0,0|0#1|0#2|0#3|0#4|0#5|0#6|0#7|0#8|0#9|0#10|0#11|0#12|0,0|0#1|0#2|0#3|0#4|0#5|0#6|0#7|0#8|0#9|0#10|0#11|0#12|0,0|0#1|0#2|0#3|0#4|0#5|0#6|0#7|0#8|0#9|0#10|0#11|0#12|0
