92|108,0,0,0,0,0,0,0,0,0,0,0,0,0,0,0,0,,,,
21|11,0,0,0,0,0,0,0,0,0,0,0,0,0,0,0,0,,,,
104|45,0,0,0,0,0,0,0,0,0,0,0,0,0,0,0,0,0|0#1|0#2|0#3|0#4|0#5|0#6|0#7|0#8|0#9|0#10|0#11|0#12|0,,,
130|25,0,0,0,0,0,0,0,0,0,0,0,0,0,0,0,0,,0|0#1|0#2|0#3|0#4|0#5|0#6|0#7|0#8|0#9|0#10|0#11|0#12|0,0|0#1|0#2|0#3|0#4|0#5|0#6|0#7|0#8|0#9|0#10|0#11|0#12|0,0|0#1|0#2|0#3|0#4|0#5|0#6|0#7|0#8|0#9|0#10|0#11|0#12|0
40|109,0,0,0,0,0,0,0,0,0,0,0,0,0,0,0,0,,,,
52|64,0,0,0,0,0,0,0,6,0,0,0,0,0,0,0,0,,,,
12|17,0,0,0,0,0,0,0,0,0,0,0,0,0,0,0,0,,,,
144|92,0,0,0,0,0,0,0,0,0,0,0,0,0,0,0,0,,,,
4|85,0,0,0,0,0,0,0,0,0,0,0,0,0,0,0,0,,,,
142|67,0,0,0,0,0,0,1,0,0,0,0,0,0,0,0,0,,,,
26|84,0,0,0,0,0,0,0,0,0,0,0,0,0,0,0,0,,,,
33|53,0,0,0,0,0,0,0,0,0,0,0,0,0,0,0,0,,,,
133|140,0,0,0,0,0,0,0,0,0,0,0,0,0,0,0,0,,,,
85|4,0,0,0,0,0,0,0,0,0,0,0,0,0,0,0,0,,,,
118|1,0,0,0,0,0,0,0,0,0,0,0,0,0,0,0,0,,,,
147|144,0,0,0,0,0,0,0,0,0,0,0,0,0,0,0,0,,,,
50|39,0,0,0,0,0,0,0,0,0,0,0,1,0,0,0,0,,,,
71|75,0,0,0,0,0,0,0,1,0,0,0,0,0,0,0,0,0|0#1|0#2|0#3|0#4|0#5|0#6|0#7|0#8|0#9|0#10|0#11|0#12|0,0|0#1|0#2|0#3|0#4|0#5|0#6|0#7|0#8|0#9|0#10|0#11|0#12|0,0|0#1|0#2|0#3|0#4|0#5|0#6|0#7|0#8|0#9|0#10|0#11|0#12|0,0|0#1|0#2|0#3|0#4|0#5|0#6|0#7|0#8|0#9|0#10|0#11|0#12|0
135|98,0,0,0,0,0,0,0,0,0,0,0,0,0,0,0,0,,,,
132|50,0,0,0,0,0,0,0,0,0,0,0,0,0,0,0,0,,,,
45|95,0,0,0,0,0,0,0,0,0,0,0,0,0,0,0,0,,,,
106|70,2,0,0,0,0,1,0,0,1,0,0,0,0,0,0,0,0|0#1|0#2|0#3|2#4|4#5|4#6|4#7|4#8|4#9|4#10|2#11|2#12|0,0|0#1|0#2|0#3|0#4|4#5|4#6|4#7|4#8|4#9|2#10|1#11|0#12|0,0|0#1|0#2|0#3|3#4|4#5|4#6|4#7|4#8|4#9|2#10|2#11|2#12|0,0|0#1|0#2|0#3|2#4|4#5|4#6|4#7|4#8|3#9|2#10|0#11|0#12|0
108|132,0,0,0,0,0,0,0,0,0,0,0,0,0,0,0,0,,,,
24|59,0,0,0,0,0,0,0,0,0,0,0,0,0,0,0,0,,,,
40|22,0,0,0,0,0,0,0,0,0,0,0,0,0,0,0,0,,,,
18|131,0,0,0,0,0,0,0,0,0,0,0,0,0,0,0,0,,,,
90|86,0,0,0,0,0,0,0,0,0,0,0,0,1,0,0,0,,,,
14|42,0,0,0,0,0,0,0,0,0,0,0,0,0,0,0,0,,,,
59|6,0,0,0,0,0,0,0,0,0,0,0,0,0,0,0,0,,,,
111|14,0,0,0,0,0,0,0,0,0,0,0,0,0,0,0,0,,,,
151|61,0,0,0,0,0,0,0,0,0,0,0,0,0,0,0,0,,,,
123|56,0,2,0,0,0,1,0,3,0,0,0,0,0,0,0,0,,,0|0#1|0#2|0#3|0#4|0#5|0#6|0#7|0#8|0#9|0#10|0#11|0#12|0,0|0#1|0#2|0#3|0#4|0#5|0#6|0#7|0#8|0#9|0#10|0#11|0#12|0
31|28,0,0,0,0,0,0,0,0,1,0,0,0,0,0,0,0,,,,
116|87,88,24,157,3,10,13,15,27,19,7,54,27,14,0,0,0,0|0#1|0#2|0#3|1#4|0#5|1#6|0#7|0#8|1#9|0#10|0#11|0#12|0,0|0#1|0#2|0#3|0#4|0#5|0#6|0#7|0#8|0#9|0#10|0#11|1#12|0,0|0#1|0#2|0#3|1#4|0#5|0#6|0#7|0#8|0#9|0#10|0#11|0#12|0,0|0#1|0#2|0#3|0#4|0#5|0#6|0#7|0#8|0#9|0#10|0#11|0#12|0
125|81,0,0,0,0,0,1,0,0,0,0,0,0,0,0,0,0,,,0|0#1|0#2|0#3|0#4|0#5|0#6|0#7|0#8|0#9|0#10|0#11|0#12|0,
57|143,0,0,0,0,0,0,0,0,0,0,0,0,0,0,0,0,,,,
