13|32,0,0,0,0,0,0,0,0,0,0,0,0,0,0,0,0,,,,
8|124,0,0,0,0,0,0,0,0,0,0,0,0,0,0,0,0,,,,
122|46,0,0,0,0,0,0,0,0,0,0,0,0,0,0,0,0,0|0#1|0#2|0#3|0#4|0#5|0#6|0#7|0#8|0#9|0#10|0#11|0#12|0,0|0#1|0#2|0#3|0#4|0#5|0#6|0#7|0#8|0#9|0#10|0#11|0#12|0,0|0#1|0#2|0#3|0#4|0#5|0#6|0#7|0#8|0#9|0#10|0#11|0#12|0,0|0#1|0#2|0#3|0#4|0#5|0#6|0#7|0#8|0#9|0#10|0#11|0#12|0
51|54,0,0,1,0,0,0,0,0,0,0,0,0,0,0,0,0,0|0#1|0#2|0#3|0#4|0#5|0#6|0#7|0#8|0#9|0#10|0#11|0#12|0,,,
63|96,0,0,0,0,0,0,0,1,1,0,0,0,0,0,0,0,,,,
30|18,0,0,0,0,0,0,0,0,0,0,0,0,0,0,0,0,,,,
72|90,0,0,0,0,0,0,0,2,0,0,0,0,0,0,0,0,,,,
56|139,0,0,0,0,0,0,0,0,0,0,0,0,0,0,0,0,,,,
69|126,0,0,0,0,0,0,0,0,0,0,0,0,0,0,0,0,,,,
103|35,0,1,0,0,0,0,0,1,4,0,1,0,2,0,0,0,0|0#1|0#2|0#3|0#4|0#5|0#6|0#7|0#8|0#9|0#10|0#11|0#12|0,0|0#1|0#2|0#3|0#4|0#5|0#6|0#7|0#8|0#9|0#10|0#11|0#12|0,0|0#1|0#2|0#3|0#4|0#5|0#6|0#7|0#8|0#9|0#10|0#11|0#12|0,0|0#1|0#2|0#3|0#4|0#5|0#6|0#7|0#8|0#9|0#10|0#11|0#12|0
70|65,0,0,0,0,0,0,0,0,1,0,0,0,0,0,0,0,,,,
3|75,0,0,0,0,0,0,0,0,0,0,0,0,0,0,0,0,,,,
14|7,0,0,0,0,0,0,0,0,0,0,0,0,0,0,0,0,,,,
124|71,0,0,2,0,0,0,0,0,6,0,0,0,2,0,0,0,,,,0|0#1|0#2|0#3|0#4|0#5|0#6|0#7|0#8|0#9|0#10|0#11|0#12|0
16|110,0,0,0,0,0,0,0,0,0,0,0,0,0,0,0,0,,,,
134|88,0,0,0,0,0,0,0,0,0,0,0,1,1,0,0,0,,,,
132|136,0,0,0,0,0,0,0,0,0,0,0,0,0,0,0,0,,,,
141|57,0,0,0,0,0,0,0,0,0,0,0,0,0,0,0,0,,,,
150|51,0,0,0,0,0,0,0,0,0,0,0,0,0,0,0,0,0|0#1|0#2|0#3|0#4|0#5|0#6|0#7|0#8|0#9|0#10|0#11|0#12|0,0|0#1|0#2|0#3|0#4|0#5|0#6|0#7|0#8|0#9|0#10|0#11|0#12|0,0|0#1|0#2|0#3|0#4|0#5|0#6|0#7|0#8|0#9|0#10|0#11|0#12|0,0|0#1|0#2|0#3|0#4|0#5|0#6|0#7|0#8|0#9|0#10|0#11|0#12|0
106|111,0,0,0,0,0,0,0,0,0,0,0,0,0,0,0,0,,,,
107|128,0,0,0,0,0,0,0,0,0,0,0,0,0,0,0,0,,,,
42|135,0,0,0,0,0,0,0,0,0,0,0,0,2,0,0,0,,,,
17|127,0,0,0,0,0,0,0,0,0,0,0,0,0,0,0,0,,,,
44|85,0,0,0,0,0,0,0,0,0,0,0,0,0,0,0,0,,,,
131|40,0,0,0,0,0,0,0,0,0,0,0,0,0,0,0,0,,,,
145|123,0,0,0,0,0,0,0,0,0,0,0,0,0,0,0,0,,,,
80|130,0,0,0,0,0,0,0,0,0,0,0,0,0,0,0,0,,,,
40|5,0,0,0,0,0,0,0,0,0,0,0,0,0,0,0,0,,,,
94|134,0,0,0,0,0,0,0,0,0,0,0,0,0,0,0,0,,,,
105|60,8,8,13,13,3,1,1,1,4,2,4,1,9,0,0,0,0|0#1|0#2|0#3|4#4|4#5|4#6|4#7|4#8|4#9|4#10|4#11|4#12|0,0|0#1|0#2|0#3|4#4|4#5|4#6|4#7|4#8|4#9|4#10|4#11|4#12|0,0|0#1|0#2|0#3|4#4|4#5|4#6|4#7|4#8|4#9|4#10|4#11|4#12|0,0|0#1|0#2|0#3|4#4|4#5|4#6|4#7|4#8|4#9|4#10|4#11|4#12|0
115|77,34,5,131,8,7,10,5,11,16,1,37,4,12,0,0,0,0|0#1|0#2|0#3|0#4|0#5|0#6|0#7|0#8|0#9|0#10|0#11|1#12|0,0|0#1|0#2|0#3|0#4|0#5|0#6|0#7|0#8|0#9|0#10|0#11|0#12|0,0|0#1|0#2|0#3|0#4|0#5|0#6|0#7|0#8|0#9|0#10|1#11|0#12|0,0|0#1|0#2|0#3|0#4|0#5|0#6|0#7|0#8|0#9|0#10|0#11|0#12|0
143|82,0,0,0,0,0,0,0,0,0,0,0,0,0,0,0,0,,,,
25|74,0,0,0,0,0,0,0,0,0,0,0,0,0,0,0,0,,,,
32|43,0,0,0,0,0,0,0,1,0,0,0,0,0,0,0,0,,,,
23|49,0,0,0,0,0,0,0,0,0,0,0,0,0,0,0,0,,,,
81|147,0,0,0,0,0,0,0,0,0,0,0,0,0,0,0,0,,,,
55|122,0,0,0,0,0,0,0,0,0,0,0,0,0,0,0,0,,,,
