37|100,0,0,0,0,0,0,0,0,0,0,0,0,0,0,0,0,,,,
38|117,0,0,0,0,0,0,0,0,0,0,0,0,0,0,0,0,,,,
50|138,0,0,0,0,0,0,0,0,0,0,0,0,0,0,0,0,,,,
17|3,0,0,0,0,0,0,0,0,0,0,0,0,0,0,0,0,,,,
68|27,4,1,10,2,1,0,2,0,1,0,0,0,0,0,0,0,0|0#1|0#2|0#3|0#4|0#5|0#6|0#7|0#8|0#9|0#10|0#11|0#12|0,,0|0#1|0#2|0#3|0#4|0#5|0#6|0#7|0#8|0#9|0#10|0#11|0#12|0,
24|113,0,0,0,0,0,0,0,0,0,0,0,0,0,0,0,0,,,,
58|10,0,0,0,0,0,0,0,0,0,0,0,0,0,0,0,0,,,,
63|125,0,0,0,0,0,0,0,0,0,0,0,0,0,0,0,0,,,,
11|126,0,0,0,0,0,0,0,0,0,0,0,0,0,0,0,0,,,,
148|13,0,0,0,0,0,0,0,0,0,0,0,0,0,0,0,0,,,,
43|1,0,0,0,0,0,0,0,0,0,0,0,0,0,0,0,0,,,,
128|118,0,0,0,0,0,0,0,2,0,0,0,2,0,0,1,0,,,,
102|92,0,0,0,0,0,0,0,0,0,0,0,0,0,0,0,0,,,,
77|129,0,0,0,0,0,0,0,0,0,0,0,0,0,0,0,0,,,,
2|0,0,0,0,0,0,0,0,0,0,0,0,0,0,0,0,0,,,,
49|16,0,0,0,0,0,0,0,0,0,0,0,0,0,0,0,0,,,,
140|139,0,0,0,0,0,0,0,0,0,0,0,0,0,0,0,0,,,,
127|101,0,0,0,0,0,0,0,0,0,0,0,0,0,0,0,0,,,,
139|19,0,0,0,0,0,0,0,0,0,0,0,0,0,0,0,0,,,,
100|110,0,0,0,0,0,0,0,0,1,0,0,5,0,0,0,0,,,,
2|123,0,0,0,0,0,0,0,0,0,0,0,0,0,0,0,0,,,,
87|38,0,0,0,0,0,0,0,0,0,0,0,0,0,0,0,0,0|0#1|0#2|0#3|0#4|0#5|0#6|0#7|0#8|0#9|0#10|0#11|0#12|0,,0|0#1|0#2|0#3|0#4|0#5|0#6|0#7|0#8|0#9|0#10|0#11|0#12|0,
89|63,15,7,25,3,0,5,5,4,5,0,8,5,3,0,0,0,0|0#1|0#2|0#3|4#4|4#5|4#6|4#7|4#8|4#9|4#10|4#11|4#12|0,0|0#1|0#2|0#3|4#4|4#5|4#6|4#7|4#8|4#9|4#10|4#11|4#12|0,0|0#1|0#2|0#3|4#4|4#5|4#6|4#7|4#8|4#9|4#10|4#11|4#12|0,0|0#1|0#2|0#3|4#4|4#5|4#6|4#7|4#8|4#9|4#10|4#11|4#12|0
101|127,0,0,0,0,0,0,0,0,0,0,0,0,0,0,0,0,,,,
100|67,110,52,354,3,15,9,21,21,3,9,38,16,49,0,0,0,0|0#1|0#2|0#3|4#4|4#5|4#6|4#7|4#8|4#9|4#10|4#11|4#12|0,0|0#1|0#2|0#3|4#4|4#5|4#6|3#7|3#8|3#9|3#10|3#11|3#12|0,0|0#1|0#2|0#3|4#4|4#5|4#6|4#7|4#8|4#9|4#10|4#11|4#12|0,0|0#1|0#2|0#3|4#4|4#5|3#6|3#7|3#8|3#9|3#10|3#11|3#12|0
114|114,1,0,0,0,0,1,2,0,1,0,0,1,0,0,0,0,,,,
10|64,0,0,0,0,0,0,0,0,0,0,0,0,0,0,0,0,,,,
76|112,0,0,0,0,0,0,0,0,0,0,0,0,0,0,0,0,,,,
147|8,0,0,0,0,0,0,0,0,0,0,0,0,0,0,0,0,,,,
96|32,0,0,0,0,0,0,0,0,0,0,0,0,0,0,0,0,,,,
77|21,0,0,0,0,0,0,0,0,0,0,0,0,0,0,0,0,0|0#1|0#2|0#3|1#4|2#5|2#6|2#7|2#8|2#9|2#10|3#11|2#12|0,0|0#1|0#2|0#3|1#4|0#5|2#6|2#7|2#8|2#9|1#10|2#11|2#12|0,0|0#1|0#2|0#3|2#4|2#5|2#6|2#7|2#8|2#9|2#10|2#11|2#12|0,0|0#1|0#2|0#3|2#4|2#5|2#6|2#7|1#8|1#9|2#10|2#11|2#12|0
