41|106,0,0,0,0,0,0,0,0,0,0,0,0,0,0,0,0,,,,
41|25,0,0,0,0,0,0,0,0,0,0,0,0,0,0,0,0,,,,
93|105,0,0,0,0,0,0,0,0,1,0,0,0,0,0,0,0,,,,
17|70,0,0,0,0,0,0,0,0,0,0,0,0,0,0,0,0,,,,
15|45,0,0,0,0,0,0,0,0,0,0,0,0,0,0,0,0,,,,
27|87,0,0,0,0,0,0,0,0,0,0,0,0,0,0,0,0,0|0#1|0#2|0#3|0#4|0#5|0#6|0#7|0#8|0#9|0#10|0#11|0#12|0,,0|0#1|0#2|0#3|0#4|0#5|0#6|0#7|0#8|0#9|0#10|0#11|0#12|0,
91|89,0,0,0,0,0,0,0,0,0,0,0,0,0,0,0,0,,,,
2|40,0,0,0,0,0,0,0,0,0,0,0,0,0,0,0,0,,,,
5|88,0,0,0,0,0,0,0,0,0,0,0,0,0,0,0,0,,,,
55|92,0,0,0,0,0,1,0,1,0,0,0,1,0,0,1,0,0|0#1|0#2|0#3|0#4|0#5|0#6|0#7|0#8|0#9|0#10|0#11|0#12|0,,,
58|140,0,0,0,0,0,0,0,0,0,0,0,0,0,0,0,0,,,,
128|4,0,0,0,0,0,0,0,0,0,0,0,0,0,0,0,0,,,,
133|53,0,0,0,0,0,0,0,0,0,0,0,0,0,0,0,0,,0|0#1|0#2|0#3|0#4|0#5|0#6|0#7|0#8|0#9|0#10|0#11|0#12|0,,0|0#1|0#2|0#3|0#4|0#5|0#6|0#7|0#8|0#9|0#10|0#11|0#12|0
140|22,0,0,0,0,0,0,0,0,0,0,0,0,0,0,0,0,,,,
62|61,60,37,86,86,9,8,5,9,15,22,19,38,27,1,1,0,0|0#1|0#2|0#3|0#4|0#5|1#6|0#7|0#8|0#9|0#10|1#11|1#12|0,0|0#1|0#2|0#3|0#4|0#5|0#6|0#7|0#8|0#9|0#10|0#11|0#12|0,0|0#1|0#2|0#3|0#4|0#5|1#6|0#7|0#8|0#9|0#10|1#11|0#12|0,0|0#1|0#2|0#3|0#4|0#5|0#6|0#7|0#8|0#9|0#10|0#11|0#12|0
131|28,0,0,0,0,0,0,0,0,0,0,0,0,0,0,0,0,,,,
152|64,0,0,0,0,0,0,0,0,0,0,0,0,0,0,0,0,,,,
80|118,0,0,0,0,0,0,1,0,0,0,0,0,0,0,0,0,,,,
72|78,0,0,0,0,0,0,0,0,0,0,0,0,0,0,0,0,,,,
60|36,0,0,0,0,0,0,0,0,0,0,0,0,0,0,0,0,,,,
46|98,0,0,0,0,0,0,0,0,0,0,0,0,0,0,0,0,,,,
148|141,0,0,0,0,0,0,0,0,0,0,0,0,0,0,0,0,,,,
121|11,0,0,0,0,0,0,0,0,0,0,0,0,0,0,0,0,,,,
53|67,0,0,0,0,0,0,0,0,0,0,0,0,0,0,0,0,,,,
95|7,0,0,0,0,0,0,0,0,0,0,0,0,0,0,0,0,,,,
112|17,1,0,2,0,2,0,0,0,0,0,1,0,0,0,0,0,,,,
145|95,0,0,0,0,0,0,0,0,0,0,0,0,0,0,0,0,,,,
36|81,0,0,0,0,0,0,0,0,0,0,0,0,0,0,0,0,,,,
81|72,0,0,0,0,0,0,0,1,0,0,0,0,0,0,0,0,,,,
34|56,0,0,0,0,0,0,0,0,0,0,0,0,0,0,0,0,,,,
107|73,37,14,92,5,5,9,7,8,1,2,50,2,8,0,0,0,0|0#1|0#2|0#3|3#4|2#5|0#6|0#7|0#8|1#9|2#10|2#11|2#12|0,0|0#1|0#2|0#3|2#4|2#5|0#6|0#7|1#8|0#9|1#10|0#11|0#12|0,0|0#1|0#2|0#3|3#4|0#5|0#6|0#7|0#8|2#9|2#10|2#11|2#12|0,0|0#1|0#2|0#3|2#4|0#5|0#6|1#7|0#8|0#9|1#10|0#11|0#12|0
69|9,0,0,0,0,0,0,0,0,0,0,0,0,0,0,0,0,,,,
124|59,0,0,0,0,0,0,0,2,0,0,0,0,1,0,0,0,0|0#1|0#2|0#3|0#4|0#5|0#6|0#7|0#8|0#9|0#10|0#11|0#12|0,0|0#1|0#2|0#3|0#4|0#5|0#6|0#7|0#8|0#9|0#10|0#11|0#12|0,0|0#1|0#2|0#3|0#4|0#5|0#6|0#7|0#8|0#9|0#10|0#11|0#12|0,0|0#1|0#2|0#3|0#4|0#5|0#6|0#7|0#8|0#9|0#10|0#11|0#12|0
0|15,0,0,0,0,0,0,0,0,0,0,0,0,0,0,0,0,,,,
126|84,0,0,0,0,0,0,0,0,0,0,0,0,0,0,0,0,,,,
105|48,0,0,0,0,0,0,0,0,0,0,0,0,0,0,0,0,0|0#1|0#2|0#3|2#4|1#5|0#6|0#7|0#8|0#9|0#10|0#11|0#12|0,0|0#1|0#2|0#3|0#4|0#5|0#6|0#7|0#8|0#9|0#10|0#11|0#12|0,0|0#1|0#2|0#3|2#4|0#5|0#6|0#7|0#8|0#9|0#10|0#11|0#12|0,0|0#1|0#2|0#3|0#4|0#5|0#6|0#7|0#8|0#9|1#10|0#11|0#12|0
150|39,0,0,0,0,0,0,0,0,0,0,0,0,0,0,0,0,0|0#1|0#2|0#3|0#4|0#5|0#6|0#7|0#8|0#9|0#10|0#11|0#12|0,0|0#1|0#2|0#3|0#4|0#5|0#6|0#7|0#8|0#9|0#10|0#11|0#12|0,,0|0#1|0#2|0#3|0#4|0#5|0#6|0#7|0#8|0#9|0#10|0#11|0#12|0
22|14,0,0,0,0,0,0,0,0,0,0,0,0,0,0,0,0,,,,
114|42,0,0,0,0,0,0,0,0,0,0,0,0,0,0,0,0,,0|0#1|0#2|0#3|0#4|0#5|0#6|0#7|0#8|0#9|0#10|0#11|0#12|0,,0|0#1|0#2|0#3|0#4|0#5|0#6|0#7|0#8|0#9|0#10|0#11|0#12|0
131|107,0,0,0,1,0,0,0,0,0,0,0,3,0,0,0,0,,,,
43|50,0,0,0,0,0,0,0,0,0,0,0,0,0,0,0,0,,,,
