54|49,0,0,0,0,0,0,0,0,0,0,0,0,0,0,0,0,,,,
16|27,0,0,0,0,0,0,0,0,1,0,0,0,0,0,0,0,,,,
85|141,0,0,0,0,0,0,0,0,0,0,0,0,0,0,0,0,,,,
80|29,0,0,0,0,0,0,0,0,0,0,0,0,0,0,0,0,,,,
47|146,0,0,0,0,0,0,0,0,0,0,0,0,0,0,0,0,,,,
75|85,0,0,0,0,0,0,0,0,0,0,0,16,2,0,0,0,0|0#1|0#2|0#3|0#4|0#5|0#6|0#7|0#8|0#9|0#10|0#11|0#12|0,,0|0#1|0#2|0#3|0#4|0#5|0#6|0#7|0#8|0#9|0#10|0#11|0#12|0,
33|142,0,0,0,0,0,0,0,0,0,0,0,0,0,0,0,0,,,,
25|21,0,0,0,0,0,0,0,0,0,0,0,0,0,0,0,0,,,,
134|35,0,0,0,0,0,0,0,0,0,0,0,0,0,0,0,0,,,,
146|77,0,0,0,0,0,0,0,0,0,0,0,0,0,0,0,0,,,,
137|147,0,0,0,0,0,0,0,0,0,0,0,0,0,0,0,0,,,,
35|38,0,0,0,0,0,0,0,1,0,0,0,0,0,0,0,0,,,,
108|55,6,1,4,0,0,4,1,37,3,1,1,4,4,0,5,0,0|0#1|0#2|0#3|3#4|2#5|2#6|2#7|2#8|2#9|2#10|2#11|2#12|0,0|0#1|0#2|0#3|2#4|1#5|1#6|2#7|2#8|1#9|1#10|2#11|2#12|0,0|0#1|0#2|0#3|2#4|2#5|2#6|2#7|2#8|2#9|2#10|2#11|3#12|0,0|0#1|0#2|0#3|2#4|1#5|2#6|2#7|1#8|2#9|1#10|1#11|2#12|0
115|24,0,0,0,0,0,0,0,0,0,0,0,0,0,0,0,0,,,,
3|22,0,0,0,0,0,0,0,0,0,0,0,0,0,0,0,0,,,,
136|60,0,0,0,0,0,0,0,0,0,0,0,0,0,0,0,0,,,,
8|95,0,0,0,0,0,0,0,0,0,0,0,0,0,0,0,0,,,,
70|12,0,0,0,0,0,1,0,0,0,0,0,0,0,0,0,0,,,,
94|96,0,0,0,0,0,0,0,0,0,0,0,0,0,0,0,0,,,,
127|66,0,0,0,0,0,0,0,1,1,0,0,0,0,0,0,0,,,,
56|74,0,0,0,0,0,0,0,0,0,0,0,0,0,0,1,0,,,,
129|91,11,3,53,0,5,4,4,2,5,0,9,4,0,0,0,0,0|0#1|0#2|0#3|0#4|0#5|0#6|0#7|0#8|0#9|0#10|0#11|0#12|0,,0|0#1|0#2|0#3|0#4|0#5|0#6|0#7|0#8|0#9|0#10|0#11|0#12|0,
99|145,0,0,0,0,0,0,0,0,0,0,0,0,0,0,0,0,,,,
44|32,0,0,0,0,0,1,0,0,1,0,0,10,1,0,0,0,,,,
61|18,0,0,0,0,0,0,0,0,0,0,0,0,0,0,0,0,,,,
37|63,0,0,0,0,0,0,0,0,0,0,0,0,0,0,0,0,,,,
136|130,0,0,0,0,0,0,0,1,0,0,0,0,0,0,0,0,,,,
18|52,0,0,0,0,0,0,0,0,0,0,0,0,0,0,0,0,,,,
62|2,0,0,0,0,0,0,0,0,0,0,0,0,0,0,0,0,,,,
123|143,0,0,0,0,0,0,0,0,0,0,0,0,0,0,0,0,,,,
28|69,0,0,0,0,0,0,0,0,0,0,0,0,0,0,0,0,,,,
36|4,0,0,0,0,0,0,0,0,0,0,0,0,0,0,0,0,,,,
82|54,1,1,3,6,0,0,1,1,1,0,0,8,2,0,0,0,0|0#1|0#2|0#3|0#4|0#5|0#6|0#7|0#8|0#9|0#10|0#11|0#12|0,0|0#1|0#2|0#3|0#4|0#5|0#6|0#7|0#8|0#9|0#10|0#11|0#12|0,0|0#1|0#2|0#3|0#4|0#5|0#6|0#7|0#8|0#9|0#10|0#11|0#12|0,0|0#1|0#2|0#3|0#4|0#5|0#6|0#7|0#8|0#9|0#10|0#11|0#12|0
63|43,0,0,0,0,0,0,0,0,0,0,0,0,0,0,0,0,,,,
