121|105,1,0,1,0,2,1,0,0,0,0,1,1,0,0,0,0,,,,
107|28,13,1,50,2,2,1,1,6,1,0,8,1,0,0,0,0,0|0#1|0#2|0#3|0#4|0#5|0#6|0#7|0#8|0#9|0#10|0#11|0#12|0,0|0#1|0#2|0#3|0#4|0#5|0#6|0#7|0#8|0#9|0#10|0#11|0#12|0,0|0#1|0#2|0#3|0#4|0#5|0#6|0#7|0#8|0#9|0#10|0#11|0#12|0,0|0#1|0#2|0#3|0#4|0#5|0#6|0#7|0#8|0#9|0#10|0#11|0#12|0
5|1,0,0,0,0,0,0,0,0,0,0,0,0,0,0,0,0,,,,
97|107,0,0,0,0,0,0,0,0,0,0,0,0,1,0,0,0,,,,
71|10,0,0,0,0,0,0,0,0,0,0,0,0,0,0,0,0,,,,
109|53,3,1,2,0,0,3,0,2,0,0,3,1,4,0,1,0,0|0#1|0#2|0#3|0#4|2#5|0#6|0#7|0#8|0#9|0#10|0#11|0#12|0,0|0#1|0#2|0#3|0#4|0#5|0#6|0#7|0#8|0#9|0#10|0#11|0#12|0,0|0#1|0#2|0#3|0#4|1#5|0#6|0#7|0#8|0#9|0#10|0#11|0#12|0,0|0#1|0#2|0#3|0#4|0#5|0#6|0#7|0#8|0#9|0#10|0#11|0#12|0
135|109,0,0,0,0,0,0,0,0,0,0,0,0,0,0,0,0,,,,
76|83,0,0,0,0,0,0,0,0,0,0,0,0,0,0,0,0,0|0#1|0#2|0#3|0#4|0#5|0#6|0#7|0#8|0#9|0#10|0#11|0#12|0,0|0#1|0#2|0#3|0#4|0#5|0#6|0#7|0#8|0#9|0#10|0#11|0#12|0,0|0#1|0#2|0#3|0#4|0#5|0#6|0#7|0#8|0#9|0#10|0#11|0#12|0,0|0#1|0#2|0#3|0#4|0#5|0#6|0#7|0#8|0#9|0#10|0#11|0#12|0
36|36,0,0,0,0,0,0,0,0,0,0,0,0,0,0,0,0,,,,
48|78,0,0,0,0,0,0,0,0,0,0,0,0,0,0,0,0,,,,
64|41,0,0,0,0,0,0,0,0,0,0,0,1,0,0,0,0,,,0|0#1|0#2|0#3|0#4|0#5|0#6|0#7|0#8|0#9|0#10|0#11|0#12|0,0|0#1|0#2|0#3|0#4|0#5|0#6|0#7|0#8|0#9|0#10|0#11|0#12|0
46|2,0,0,0,0,0,0,0,0,0,0,0,0,0,0,0,0,,,,
147|75,0,0,0,0,0,0,0,0,0,0,0,0,0,0,0,0,,,,
62|16,0,0,0,0,0,0,0,0,0,0,0,0,0,0,0,0,,,,
4|20,0,0,0,0,0,0,0,0,0,0,0,0,0,0,0,0,,,,
72|0,0,0,0,0,0,0,0,0,0,0,0,0,0,0,0,0,,,,
152|19,0,0,0,0,0,0,0,0,0,0,0,0,0,0,0,0,,,,
135|33,0,0,0,0,0,0,0,0,0,0,0,0,0,0,0,0,0|0#1|0#2|0#3|0#4|0#5|0#6|0#7|0#8|0#9|0#10|0#11|0#12|0,,0|0#1|0#2|0#3|0#4|0#5|0#6|0#7|0#8|0#9|0#10|0#11|0#12|0,
55|47,6,3,1,2,0,2,0,1,2,0,0,2,2,0,0,0,,,,
29|67,0,0,0,0,0,0,0,0,0,0,0,0,0,0,0,0,,,,
83|52,2,3,1,0,0,1,0,2,0,0,3,0,0,0,0,0,0|0#1|0#2|0#3|2#4|0#5|0#6|1#7|1#8|0#9|0#10|1#11|0#12|0,0|0#1|0#2|0#3|1#4|0#5|0#6|0#7|0#8|0#9|0#10|0#11|0#12|0,0|0#1|0#2|0#3|1#4|0#5|0#6|0#7|1#8|0#9|0#10|0#11|1#12|0,0|0#1|0#2|0#3|1#4|0#5|0#6|0#7|0#8|0#9|0#10|0#11|0#12|0
7|68,0,0,0,0,0,0,0,0,0,0,0,0,0,0,0,0,,,,
126|39,1,0,0,0,0,0,0,0,1,0,0,0,0,0,0,0,,0|0#1|0#2|0#3|0#4|0#5|0#6|0#7|0#8|0#9|0#10|0#11|0#12|0,,0|0#1|0#2|0#3|0#4|0#5|0#6|0#7|0#8|0#9|0#10|0#11|0#12|0
17|25,0,0,0,0,0,0,0,0,0,0,0,0,0,0,0,0,,,,
74|58,0,0,0,0,0,0,0,0,0,0,0,0,0,0,0,0,,,,
38|61,0,0,0,0,0,0,0,0,0,0,0,0,0,0,0,0,,,,
93|69,6,15,9,1,1,1,10,3,2,6,4,26,9,0,0,0,0|0#1|0#2|0#3|4#4|4#5|4#6|4#7|4#8|4#9|4#10|4#11|4#12|0,0|0#1|0#2|0#3|3#4|4#5|3#6|3#7|3#8|2#9|3#10|3#11|3#12|0,0|0#1|0#2|0#3|4#4|4#5|4#6|4#7|4#8|4#9|4#10|4#11|4#12|0,0|0#1|0#2|0#3|3#4|4#5|3#6|3#7|2#8|3#9|3#10|3#11|3#12|0
116|22,0,0,0,0,0,0,0,0,0,0,0,0,0,0,0,0,,,,
70|116,0,0,0,0,0,0,0,0,0,0,0,0,0,0,0,0,,,,
19|50,0,0,0,0,0,0,0,0,0,0,0,0,0,0,0,0,,,,
57|72,0,0,3,0,0,0,0,0,1,0,0,0,0,0,0,0,,,,
9|93,0,0,0,0,0,0,0,0,0,0,0,0,0,0,0,0,,,,
45|30,0,0,0,0,0,0,0,0,0,0,0,0,0,0,0,0,,,,
67|89,0,0,0,0,0,0,0,0,1,0,0,0,0,0,0,0,,,,
31|104,0,0,0,0,0,0,0,0,0,0,0,0,0,0,0,0,,,,
81|27,0,0,0,0,0,0,0,0,0,0,0,0,0,0,0,0,,,,
45|108,0,0,0,0,0,0,0,0,0,0,0,0,0,0,0,0,,,,
83|103,0,0,0,0,0,0,0,0,1,0,0,0,0,0,0,0,,,,
128|64,0,0,0,0,0,0,1,0,1,0,4,0,1,0,0,0,,,,
90|21,0,0,0,0,0,0,0,0,0,0,0,0,0,0,0,0,,,,
95|94,0,0,0,0,0,0,0,0,1,0,0,5,1,0,0,0,,,,
