72|136,0,0,0,0,0,0,0,0,0,0,0,0,0,0,0,0,,,,
33|124,0,0,0,0,0,0,0,0,0,0,0,0,0,0,0,0,,,,
77|92,0,0,3,0,0,0,0,0,0,0,0,1,0,0,0,0,0|0#1|0#2|0#3|0#4|0#5|0#6|0#7|0#8|0#9|0#10|0#11|0#12|0,0|0#1|0#2|0#3|0#4|0#5|0#6|0#7|0#8|0#9|0#10|0#11|0#12|0,0|0#1|0#2|0#3|0#4|0#5|0#6|0#7|0#8|0#9|0#10|0#11|0#12|0,0|0#1|0#2|0#3|0#4|0#5|0#6|0#7|0#8|0#9|0#10|0#11|0#12|0
91|30,0,0,0,0,0,0,0,0,0,0,0,0,0,0,0,0,,,,
49|87,1,6,1,0,0,0,0,0,0,0,0,0,1,0,0,0,,,,
136|112,0,0,0,0,0,0,0,0,0,0,0,0,0,0,0,0,,,,
20|137,0,0,0,0,0,0,0,0,0,0,0,0,0,0,0,0,,,,
63|25,0,0,0,0,0,0,0,0,0,0,0,0,0,0,0,0,,,,
18|34,0,0,0,0,0,0,0,0,0,0,0,0,0,0,0,0,,,,
75|67,47,30,124,7,7,21,3,15,1,2,7,8,4,0,0,0,0|0#1|0#2|0#3|0#4|0#5|0#6|0#7|0#8|0#9|0#10|0#11|0#12|0,0|0#1|0#2|0#3|0#4|0#5|0#6|0#7|0#8|0#9|0#10|0#11|0#12|0,0|0#1|0#2|0#3|0#4|0#5|0#6|0#7|0#8|0#9|0#10|0#11|0#12|0,0|0#1|0#2|0#3|0#4|0#5|0#6|0#7|0#8|0#9|0#10|0#11|0#12|0
44|14,0,0,0,0,0,0,0,0,0,0,0,0,0,0,0,0,,,,
47|128,0,0,0,0,0,0,0,0,0,0,0,0,0,0,0,0,,,,
84|61,0,0,4,0,0,1,0,0,0,0,1,4,0,0,0,0,0|0#1|0#2|0#3|0#4|0#5|0#6|0#7|0#8|0#9|0#10|0#11|0#12|0,0|0#1|0#2|0#3|0#4|0#5|0#6|0#7|0#8|0#9|0#10|0#11|0#12|0,0|0#1|0#2|0#3|0#4|0#5|0#6|0#7|0#8|0#9|0#10|0#11|0#12|0,0|0#1|0#2|0#3|0#4|0#5|0#6|0#7|0#8|0#9|0#10|0#11|0#12|0
64|9,0,0,0,0,0,0,0,0,0,0,0,0,0,0,0,0,,,,
123|4,0,0,0,0,0,0,0,0,0,0,0,0,0,0,0,0,,,,
117|31,0,0,0,0,0,0,0,0,0,0,0,0,0,0,0,0,,,,
99|127,0,0,0,1,0,0,0,0,0,0,0,0,1,0,0,0,,,,
123|125,0,0,0,0,0,0,0,0,0,0,0,0,0,0,0,0,,,,
94|78,0,0,0,0,0,0,0,0,0,0,0,0,0,0,0,0,0|0#1|0#2|0#3|0#4|0#5|0#6|0#7|0#8|0#9|0#10|0#11|0#12|0,0|0#1|0#2|0#3|0#4|0#5|0#6|0#7|0#8|0#9|0#10|0#11|0#12|0,0|0#1|0#2|0#3|0#4|0#5|0#6|0#7|0#8|0#9|0#10|0#11|0#12|0,0|0#1|0#2|0#3|0#4|0#5|0#6|0#7|0#8|0#9|0#10|0#11|0#12|0
85|123,0,0,0,0,0,0,0,0,0,0,0,0,0,0,0,0,,,,
127|48,0,0,0,0,0,0,0,0,1,0,0,0,0,0,0,0,0|0#1|0#2|0#3|0#4|0#5|0#6|0#7|0#8|0#9|0#10|0#11|0#12|0,0|0#1|0#2|0#3|0#4|0#5|0#6|0#7|0#8|0#9|0#10|0#11|0#12|0,0|0#1|0#2|0#3|0#4|0#5|0#6|0#7|0#8|0#9|0#10|0#11|0#12|0,0|0#1|0#2|0#3|0#4|0#5|0#6|0#7|0#8|0#9|0#10|0#11|0#12|0
8|77,0,0,0,0,0,0,0,0,0,0,0,0,0,0,0,0,,,,
82|36,0,0,0,0,0,0,0,0,0,0,0,0,0,0,0,0,,,,
134|17,0,0,0,0,0,0,0,0,0,0,0,0,0,0,0,0,,,,
148|84,0,0,0,0,0,0,0,0,0,0,0,0,0,0,0,0,,,,
37|45,0,0,0,0,0,0,0,0,0,0,0,0,0,0,0,0,,,,
90|7,0,0,0,0,0,0,0,0,0,0,0,0,0,0,0,0,,,,
110|138,1,0,2,1,0,1,0,2,0,0,0,1,1,0,0,0,,,,
136|42,0,0,0,0,0,0,0,0,0,0,0,0,0,0,0,0,,,,
137|129,0,0,0,0,0,0,0,0,0,0,0,0,0,0,0,0,,,,
58|81,0,0,0,0,0,0,0,0,1,0,0,0,0,0,0,0,,,,
146|59,0,0,0,0,0,0,0,0,0,0,0,0,0,0,0,0,,,,
68|98,0,0,0,0,0,0,0,0,0,0,0,0,0,0,0,0,,,,
108|37,0,0,0,0,0,0,0,0,0,0,0,0,0,0,0,0,,,,
129|73,0,0,0,0,0,0,0,1,0,0,0,1,0,0,0,0,0|0#1|0#2|0#3|0#4|0#5|0#6|0#7|0#8|0#9|0#10|0#11|0#12|0,0|0#1|0#2|0#3|0#4|0#5|0#6|0#7|0#8|0#9|0#10|0#11|0#12|0,,
143|11,0,0,0,0,0,0,0,0,0,0,0,0,0,0,0,0,,,,
56|56,0,0,0,0,0,0,1,0,0,0,0,0,0,0,0,0,,,,
98|110,0,0,0,0,0,0,0,0,0,0,0,0,0,0,0,0,,,,
46|111,0,0,0,0,0,0,0,0,0,0,0,0,0,0,0,0,,,,
39|70,0,1,0,0,0,0,0,0,0,0,0,0,0,0,0,0,,,,
65|50,0,0,0,0,0,0,0,0,0,0,0,0,0,0,0,0,,,,
