92|64,149,55,171,35,24,28,13,22,10,26,103,153,31,4,0,0,0|0#1|0#2|0#3|4#4|4#5|4#6|4#7|4#8|4#9|4#10|4#11|4#12|0,0|0#1|0#2|0#3|4#4|4#5|4#6|4#7|4#8|4#9|4#10|4#11|4#12|0,0|0#1|0#2|0#3|4#4|4#5|4#6|4#7|4#8|4#9|4#10|4#11|4#12|0,0|0#1|0#2|0#3|4#4|4#5|4#6|4#7|4#8|4#9|4#10|4#11|4#12|0
16|20,0,0,0,0,0,0,0,0,0,0,0,0,0,0,0,0,,,,
66|84,0,0,0,0,0,0,0,0,0,0,0,0,0,0,0,0,,,,
146|70,0,2,0,1,0,1,1,1,1,0,0,5,0,0,0,0,,,,
96|108,0,0,0,0,0,0,0,0,0,0,0,0,0,0,0,0,,,,
19|68,0,0,0,0,0,0,0,0,0,0,0,0,0,0,0,0,,,,
144|45,0,0,0,0,0,0,0,0,0,0,0,0,0,0,0,0,,,,
71|28,0,0,0,0,0,0,0,0,0,0,0,0,0,0,0,0,,,,
30|105,0,0,0,0,0,0,0,0,0,0,0,0,0,0,0,0,,,,
137|76,0,0,0,0,0,0,0,0,0,0,0,0,0,0,0,0,,,,
54|42,0,0,0,0,0,0,0,0,0,0,0,0,0,0,0,0,,,,
6|63,0,0,0,0,0,0,0,0,0,0,0,0,0,0,0,0,,,,
44|109,0,0,0,0,0,0,0,0,0,0,0,0,0,0,0,0,,,,
82|104,0,1,0,1,0,1,0,0,0,0,0,1,0,0,1,0,,,,
118|65,0,0,0,0,0,0,0,0,0,0,0,0,0,0,0,0,0|0#1|0#2|0#3|0#4|0#5|0#6|0#7|0#8|0#9|0#10|0#11|0#12|0,0|0#1|0#2|0#3|0#4|0#5|0#6|0#7|0#8|0#9|0#10|0#11|0#12|0,0|0#1|0#2|0#3|0#4|0#5|0#6|0#7|0#8|0#9|0#10|0#11|0#12|0,0|0#1|0#2|0#3|0#4|0#5|0#6|0#7|0#8|0#9|0#10|0#11|0#12|0
38|79,0,0,0,0,0,0,0,3,0,0,0,0,0,0,1,0,,,,
151|14,1,0,6,0,4,1,2,0,9,0,4,1,0,0,0,0,,,,
64|59,2,1,0,1,0,0,0,0,0,0,1,20,0,0,0,0,,0|0#1|0#2|0#3|0#4|0#5|0#6|0#7|0#8|0#9|0#10|0#11|0#12|0,,
85|95,0,0,0,0,0,0,0,0,1,0,0,0,0,0,0,0,0|0#1|0#2|0#3|0#4|0#5|0#6|0#7|0#8|0#9|0#10|0#11|0#12|0,0|0#1|0#2|0#3|0#4|0#5|0#6|0#7|0#8|0#9|0#10|0#11|0#12|0,0|0#1|0#2|0#3|0#4|0#5|0#6|0#7|0#8|0#9|0#10|0#11|0#12|0,
4|38,0,0,0,0,0,0,0,0,0,0,0,0,0,0,0,0,,,,
106|23,0,0,0,0,0,0,0,0,0,0,0,1,0,0,0,0,,,,
45|48,0,0,0,0,0,0,0,0,0,0,0,0,0,0,0,0,,,,
120|106,0,0,0,0,0,0,0,0,0,0,0,0,0,0,0,0,,,,
61|11,0,0,0,0,0,0,0,0,0,0,0,0,0,0,0,0,,,,
80|22,0,0,1,2,1,0,0,0,0,0,0,1,3,0,0,0,,,0|0#1|0#2|0#3|0#4|0#5|0#6|0#7|0#8|0#9|0#10|0#11|0#12|0,
137|140,0,0,0,0,0,0,0,0,0,0,0,0,0,0,0,0,,,,
28|62,0,0,0,0,0,0,0,0,0,0,0,0,0,0,0,0,,,,
73|53,0,0,0,1,0,0,0,0,0,0,0,0,0,0,1,0,0|0#1|0#2|0#3|0#4|0#5|0#6|0#7|0#8|0#9|0#10|0#11|0#12|0,,0|0#1|0#2|0#3|0#4|0#5|0#6|0#7|0#8|0#9|0#10|0#11|0#12|0,
26|37,0,0,0,0,0,0,0,0,0,0,0,0,0,0,0,0,,,,
125|34,0,0,0,0,0,0,0,0,0,0,0,0,0,0,0,0,,,,
35|31,0,0,1,0,0,1,0,0,5,0,3,0,0,0,0,0,,,,
90|39,0,0,0,0,0,0,0,0,0,0,0,0,0,0,0,0,0|0#1|0#2|0#3|0#4|0#5|0#6|0#7|0#8|0#9|0#10|0#11|0#12|0,,0|0#1|0#2|0#3|0#4|0#5|0#6|0#7|0#8|0#9|0#10|0#11|0#12|0,
47|73,5,0,4,1,1,3,2,0,0,0,0,0,1,0,0,0,,,,
52|17,0,0,0,0,0,0,0,0,1,0,0,0,0,0,0,0,,,,
