96|49,0,0,0,0,0,0,0,0,0,0,0,0,0,0,0,0,0|0#1|0#2|0#3|2#4|2#5|2#6|2#7|2#8|2#9|2#10|2#11|2#12|0,0|0#1|0#2|0#3|2#4|2#5|2#6|2#7|2#8|0#9|0#10|0#11|2#12|0,0|0#1|0#2|0#3|2#4|2#5|2#6|2#7|2#8|2#9|2#10|2#11|2#12|0,0|0#1|0#2|0#3|1#4|2#5|2#6|1#7|1#8|0#9|0#10|1#11|0#12|0
67|21,0,0,0,0,0,0,0,0,0,0,0,0,0,0,0,0,,,,
138|13,0,0,0,0,0,0,0,0,0,0,0,0,0,0,0,0,,,,
113|114,2,0,1,0,1,1,1,1,1,0,1,0,0,0,0,0,,,,
100|127,0,0,0,0,0,0,0,0,0,0,0,0,0,0,0,0,,,,
152|126,0,0,0,0,0,0,0,0,0,0,0,0,0,0,0,0,,,,
10|126,0,0,0,0,0,0,0,0,0,0,0,0,0,0,0,0,,,,
78|7,0,0,0,0,0,0,0,0,0,0,0,0,0,0,0,0,,,,
89|116,3,0,2,0,0,0,1,1,0,0,1,1,2,0,0,0,,,,
127|118,0,0,0,0,0,0,0,1,1,0,0,2,0,0,1,0,,,,
58|27,0,0,0,0,0,0,0,0,0,0,0,0,0,0,0,0,,,,
62|125,0,0,0,0,0,0,0,0,0,0,0,0,0,0,0,0,,,,
23|113,0,0,0,0,0,0,0,0,0,0,0,0,0,0,0,0,,,,
126|101,0,0,0,0,0,0,0,0,0,0,0,0,0,0,0,0,0|0#1|0#2|0#3|0#4|0#5|0#6|0#7|0#8|0#9|0#10|0#11|0#12|0,,0|0#1|0#2|0#3|0#4|0#5|0#6|0#7|0#8|0#9|0#10|0#11|0#12|0,0|0#1|0#2|0#3|0#4|0#5|0#6|0#7|0#8|0#9|0#10|0#11|0#12|0
1|123,0,0,0,0,0,0,0,0,0,0,0,0,0,0,0,0,,,,
86|32,0,0,0,0,0,0,1,0,1,0,0,1,0,0,0,0,,0|0#1|0#2|0#3|0#4|0#5|0#6|0#7|0#8|0#9|0#10|0#11|0#12|0,0|0#1|0#2|0#3|0#4|0#5|0#6|0#7|0#8|0#9|0#10|0#11|0#12|0,0|0#1|0#2|0#3|0#4|0#5|0#6|0#7|0#8|0#9|0#10|0#11|0#12|0
137|2,0,0,0,0,0,0,0,0,0,0,0,0,0,0,0,0,,,,
76|129,0,0,0,0,0,0,0,0,0,0,0,0,0,0,0,0,,,,
75|112,0,0,0,0,0,0,0,0,0,0,0,0,0,0,0,0,,,,
36|100,0,0,0,0,0,0,0,0,0,0,0,0,0,0,0,0,,,,
37|117,0,0,0,0,0,0,0,0,0,0,0,0,0,0,0,0,,,,
98|74,96,53,359,9,20,40,11,26,10,3,112,7,19,0,0,0,0|0#1|0#2|0#3|4#4|4#5|2#6|2#7|2#8|2#9|3#10|3#11|3#12|0,0|0#1|0#2|0#3|4#4|3#5|2#6|2#7|2#8|2#9|2#10|2#11|2#12|0,0|0#1|0#2|0#3|4#4|2#5|2#6|2#7|2#8|2#9|3#10|3#11|4#12|0,0|0#1|0#2|0#3|4#4|2#5|2#6|2#7|2#8|2#9|2#10|2#11|2#12|0
39|16,0,0,0,0,0,0,0,0,0,0,0,0,0,0,0,0,,,,
48|10,0,0,0,0,0,0,0,0,0,0,0,0,0,0,0,0,,,,
129|19,0,0,0,0,0,0,0,0,1,0,0,0,0,0,0,0,,,,
77|38,0,0,0,0,0,0,0,0,0,0,0,0,0,0,0,0,,,,
79|63,0,0,3,0,0,0,0,5,0,0,0,22,2,0,0,0,0|0#1|0#2|0#3|1#4|0#5|0#6|0#7|0#8|0#9|0#10|0#11|0#12|0,0|0#1|0#2|0#3|0#4|0#5|0#6|1#7|0#8|0#9|0#10|0#11|0#12|0,0|0#1|0#2|0#3|1#4|0#5|0#6|0#7|0#8|0#9|0#10|0#11|0#12|0,0|0#1|0#2|0#3|0#4|0#5|0#6|0#7|0#8|0#9|0#10|0#11|0#12|0
