5|42,0,0,0,0,0,0,0,0,0,0,0,0,0,0,0,0,,,,
32|120,0,0,0,0,0,0,0,0,0,0,0,0,0,0,0,0,,,,
34|10,0,0,0,0,0,0,0,0,0,0,0,0,0,0,0,0,,,,
46|52,0,2,0,0,0,0,2,1,2,0,0,1,2,0,0,0,0|0#1|0#2|0#3|0#4|0#5|0#6|0#7|0#8|0#9|0#10|0#11|1#12|0,0|0#1|0#2|0#3|0#4|0#5|0#6|0#7|0#8|0#9|0#10|0#11|0#12|0,0|0#1|0#2|0#3|0#4|0#5|0#6|0#7|0#8|0#9|0#10|0#11|0#12|0,0|0#1|0#2|0#3|0#4|0#5|0#6|0#7|0#8|0#9|0#10|0#11|0#12|0
53|21,0,0,0,0,0,0,0,0,0,0,0,0,0,0,0,0,,,,
58|94,0,0,0,0,0,0,0,0,0,0,0,0,0,0,0,0,,,,
63|38,0,0,0,0,0,0,0,0,0,0,0,0,0,0,0,0,,,,
59|111,0,0,0,0,0,0,0,0,0,0,0,0,0,0,0,0,,,,
46|124,0,0,0,0,0,0,0,0,0,0,0,0,0,0,0,0,,,,
148|97,0,0,0,0,0,0,0,0,0,0,0,0,0,0,0,0,,,,
136|125,0,0,0,0,1,0,1,0,1,0,0,0,1,0,0,0,,,,
124|13,0,0,0,0,0,0,0,0,0,0,0,0,0,0,0,0,,,,
122|121,0,0,0,0,0,0,0,0,0,0,0,0,0,0,0,0,,,,
136|55,0,0,0,0,0,0,0,0,0,0,0,0,0,0,0,0,,,,
123|138,0,0,1,0,0,0,0,0,0,0,2,0,3,0,0,0,,,,
138|80,0,0,0,0,0,0,0,0,0,0,0,0,0,0,0,0,,,,
149|112,0,0,0,0,0,0,0,0,0,0,0,0,0,0,0,0,,,,
18|47,0,0,0,0,0,0,0,0,0,0,0,0,0,0,0,0,,,,
72|32,0,0,0,0,0,0,0,0,0,0,0,0,0,0,0,0,,,,
25|16,0,0,0,0,0,0,0,0,0,0,0,0,0,0,0,0,,,,
56|69,0,0,0,0,0,0,0,1,0,0,0,0,0,0,0,0,,,,
28|1,0,0,0,0,0,0,0,0,0,0,0,0,0,0,0,0,,,,
115|19,0,0,0,0,0,0,0,0,0,0,0,0,0,0,0,0,,,,
117|44,0,0,0,0,0,0,0,0,0,0,0,0,0,0,0,0,,,,
27|41,0,0,0,0,0,0,0,0,0,0,0,0,0,0,0,0,,,,
39|83,0,0,0,0,0,0,0,0,0,0,0,0,0,0,0,0,,,,
3|17,0,0,0,0,0,0,0,0,0,0,0,0,0,0,0,0,,,,
37|58,2,0,1,0,0,0,1,0,1,0,0,0,0,0,0,0,,0|0#1|0#2|0#3|0#4|0#5|0#6|0#7|0#8|0#9|0#10|0#11|0#12|0,,
44|27,0,0,0,0,0,0,0,1,0,0,0,0,0,0,0,0,,,,
85|136,0,0,0,0,0,0,0,0,0,0,0,0,0,0,0,0,,,,
65|63,0,0,0,0,0,0,0,0,0,0,0,0,0,0,0,0,,,,
143|24,0,0,0,0,0,0,0,0,0,0,0,0,0,0,0,0,,,,
71|132,0,0,0,0,0,0,0,0,0,0,0,0,0,0,0,0,,,,
82|49,0,0,0,0,0,0,0,0,0,0,0,2,0,0,0,0,0|0#1|0#2|0#3|0#4|0#5|0#6|0#7|0#8|0#9|0#10|0#11|0#12|0,0|0#1|0#2|0#3|0#4|0#5|0#6|0#7|0#8|0#9|0#10|0#11|0#12|0,0|0#1|0#2|0#3|0#4|0#5|0#6|0#7|0#8|0#9|0#10|0#11|0#12|0,0|0#1|0#2|0#3|0#4|0#5|0#6|0#7|0#8|0#9|0#10|0#11|0#12|0
98|123,0,0,0,0,0,0,0,0,0,0,0,0,0,0,0,0,,,,
129|86,1,1,1,0,0,0,0,2,0,0,0,1,1,0,0,0,,,,0|0#1|0#2|0#3|0#4|0#5|0#6|0#7|0#8|0#9|0#10|0#11|0#12|0
84|74,7,6,15,0,0,0,1,4,0,1,1,12,0,0,0,0,0|0#1|0#2|0#3|0#4|1#5|1#6|0#7|1#8|1#9|1#10|0#11|0#12|0,0|0#1|0#2|0#3|0#4|0#5|0#6|0#7|0#8|0#9|0#10|0#11|0#12|0,0|0#1|0#2|0#3|1#4|0#5|0#6|1#7|2#8|0#9|0#10|0#11|1#12|0,0|0#1|0#2|0#3|0#4|0#5|0#6|0#7|0#8|0#9|0#10|0#11|0#12|0
33|137,0,0,0,0,0,0,0,0,0,0,0,0,0,0,0,0,,,,
91|43,0,0,0,0,0,0,0,0,0,0,0,3,0,0,0,0,0|0#1|0#2|0#3|2#4|2#5|2#6|2#7|2#8|1#9|2#10|1#11|1#12|0,0|0#1|0#2|0#3|2#4|1#5|0#6|2#7|1#8|1#9|1#10|1#11|1#12|0,0|0#1|0#2|0#3|2#4|2#5|2#6|2#7|2#8|2#9|2#10|1#11|1#12|0,0|0#1|0#2|0#3|1#4|1#5|1#6|1#7|1#8|1#9|1#10|1#11|1#12|0
