100|41,0,1,0,0,0,0,0,0,0,0,0,0,0,0,0,0,0|0#1|0#2|0#3|0#4|0#5|0#6|0#7|0#8|0#9|0#10|0#11|0#12|0,0|0#1|0#2|0#3|0#4|0#5|0#6|0#7|0#8|0#9|0#10|0#11|0#12|0,0|0#1|0#2|0#3|0#4|0#5|0#6|0#7|0#8|0#9|0#10|0#11|0#12|0,0|0#1|0#2|0#3|0#4|0#5|0#6|0#7|0#8|0#9|0#10|0#11|0#12|0
102|118,0,0,0,0,0,0,0,0,0,0,0,0,0,0,0,0,,,,
45|0,0,0,0,0,0,0,0,0,0,0,0,0,0,0,0,0,,,,
51|129,0,0,0,0,0,0,0,0,0,0,0,0,0,0,0,0,,,,
11|100,0,0,0,0,0,0,0,0,0,0,0,0,0,0,0,0,,,,
78|18,0,0,0,0,0,0,0,0,0,0,0,0,0,0,0,0,,,,
87|12,0,0,0,0,0,0,0,0,0,0,0,0,0,0,0,0,,,,
131|94,0,0,0,0,0,0,0,0,0,0,0,0,0,0,0,0,,,,
3|114,0,0,0,0,0,0,0,0,0,0,0,0,0,0,0,0,,,,
50|112,0,0,0,0,0,0,0,1,0,0,0,0,0,0,0,0,,,,
149|7,0,0,0,0,0,0,0,0,0,0,0,0,0,0,0,0,,,,
99|54,6,1,1,2,25,2,0,0,29,31,1,17,17,3,0,0,0|0#1|0#2|0#3|4#4|4#5|4#6|4#7|4#8|4#9|4#10|4#11|4#12|0,0|0#1|0#2|0#3|3#4|4#5|4#6|4#7|4#8|4#9|4#10|4#11|4#12|0,0|0#1|0#2|0#3|4#4|4#5|4#6|4#7|4#8|4#9|4#10|4#11|4#12|0,0|0#1|0#2|0#3|4#4|4#5|4#6|4#7|4#8|4#9|4#10|4#11|4#12|0
129|109,7,2,1,54,5,1,0,0,2,2,2,20,2,0,0,0,,,,
112|83,0,0,0,0,0,0,0,0,0,0,0,0,0,0,0,0,,,,
20|55,0,0,0,0,0,0,0,0,0,0,0,0,0,0,0,0,,,,
25|104,0,0,0,0,0,0,0,0,0,0,0,0,0,0,0,0,,,,
13|86,0,0,0,0,0,0,0,0,0,0,0,0,0,0,0,0,,,,
41|91,0,0,0,0,0,0,0,0,0,0,0,0,0,0,0,0,,,,
0|81,0,0,0,0,0,0,0,0,0,0,0,0,0,0,0,0,,,,
110|58,0,0,0,0,0,0,0,0,0,0,0,0,0,0,0,0,0|0#1|0#2|0#3|0#4|0#5|1#6|1#7|1#8|0#9|0#10|0#11|0#12|0,0|0#1|0#2|0#3|0#4|0#5|0#6|0#7|0#8|0#9|0#10|0#11|0#12|0,0|0#1|0#2|0#3|0#4|0#5|1#6|0#7|1#8|0#9|1#10|0#11|1#12|0,0|0#1|0#2|0#3|0#4|0#5|0#6|0#7|0#8|1#9|0#10|0#11|0#12|0
77|103,0,0,0,0,0,0,0,0,0,0,0,0,0,0,0,0,,,,
19|2,0,0,0,0,0,0,0,0,0,0,0,0,0,0,0,0,,,,
115|105,0,0,0,0,0,0,0,0,0,0,0,5,0,0,0,0,,,,
32|97,0,0,0,0,0,0,0,0,0,0,0,0,0,0,0,0,,,,
64|116,0,0,0,0,0,0,0,0,0,0,0,0,0,0,0,0,,,,
103|89,0,0,0,0,0,0,0,0,0,0,0,2,0,0,0,0,,,,
140|113,0,0,0,0,0,0,0,1,0,0,0,0,0,0,0,0,,,,
22|80,0,0,0,0,0,0,0,0,0,0,0,0,0,0,0,0,,,,
12|117,0,0,0,0,0,0,0,0,0,0,0,0,0,0,0,0,,,,
101|101,0,0,0,0,0,0,0,0,0,0,0,0,0,0,0,0,,,,
97|29,0,0,0,0,0,0,0,0,0,0,0,0,0,0,0,0,,,,
39|108,0,0,0,0,0,0,0,0,0,0,0,0,0,0,0,0,,,,
