58|40,0,0,0,0,0,0,0,0,0,0,0,0,0,0,0,0,,,,
8|36,0,0,0,0,0,0,0,0,0,0,0,0,0,0,0,0,,,,
10|94,0,0,0,0,0,0,0,0,0,0,0,0,0,0,0,0,,,,
37|130,0,0,0,0,0,0,0,0,0,0,0,0,0,0,0,0,,,,
89|93,0,0,0,0,0,0,0,0,0,0,0,6,0,0,0,0,0|0#1|0#2|0#3|0#4|0#5|0#6|0#7|0#8|0#9|1#10|1#11|0#12|0,0|0#1|0#2|0#3|0#4|0#5|0#6|0#7|0#8|0#9|0#10|0#11|0#12|0,0|0#1|0#2|0#3|0#4|0#5|0#6|0#7|0#8|0#9|1#10|0#11|0#12|0,0|0#1|0#2|0#3|0#4|0#5|0#6|0#7|0#8|0#9|0#10|0#11|0#12|0
56|15,0,0,0,0,0,0,0,0,1,0,0,0,0,0,0,0,,,,
94|37,0,0,0,0,0,0,0,0,0,0,0,0,0,0,0,0,0|0#1|0#2|0#3|0#4|0#5|0#6|0#7|0#8|0#9|0#10|0#11|0#12|0,0|0#1|0#2|0#3|0#4|0#5|0#6|0#7|0#8|0#9|0#10|0#11|0#12|0,,
114|144,0,0,0,0,0,0,0,0,0,0,0,0,0,0,0,0,,,,
24|143,0,0,0,0,0,0,0,0,0,0,0,0,0,0,0,0,,,,
129|32,0,0,0,0,0,0,0,0,0,0,0,0,0,0,0,0,,,,
127|131,0,0,0,0,0,0,0,1,0,0,0,0,0,0,0,0,,,,
139|49,0,0,0,0,0,0,0,0,0,0,0,0,0,0,0,0,,,,
148|43,0,0,0,0,0,0,0,0,0,0,0,0,0,0,0,0,,,,
76|142,0,0,0,0,0,0,0,0,0,0,0,0,0,0,0,0,,,,
100|97,0,0,0,0,0,0,0,0,0,0,0,0,0,0,0,0,,,,
100|140,0,0,0,0,0,0,0,0,0,0,0,0,0,0,0,0,,,,
68|57,0,0,0,0,0,0,0,0,0,0,0,0,0,0,0,0,,,,
96|62,109,60,263,4,25,41,33,28,30,30,113,115,43,7,0,0,0|0#1|0#2|0#3|4#4|4#5|4#6|4#7|4#8|4#9|4#10|4#11|4#12|0,0|0#1|0#2|0#3|4#4|4#5|4#6|4#7|4#8|4#9|4#10|4#11|4#12|0,0|0#1|0#2|0#3|4#4|4#5|4#6|4#7|4#8|4#9|4#10|4#11|4#12|0,0|0#1|0#2|0#3|4#4|4#5|4#6|4#7|4#8|4#9|4#10|4#11|4#12|0
75|26,0,0,0,0,0,0,0,0,0,0,0,0,0,0,0,0,,,,
146|18,0,0,0,0,0,0,0,0,0,0,0,0,0,0,0,0,,,,
23|6,0,0,0,0,0,0,0,0,0,0,0,0,1,0,0,0,,,,
77|51,0,0,0,0,0,0,0,0,0,0,0,0,0,0,0,0,,,,
87|68,5,1,15,4,0,2,2,3,2,0,2,113,1,2,0,0,0|0#1|0#2|0#3|2#4|2#5|1#6|1#7|1#8|0#9|1#10|1#11|1#12|0,0|0#1|0#2|0#3|1#4|0#5|0#6|0#7|0#8|0#9|1#10|0#11|0#12|0,0|0#1|0#2|0#3|2#4|2#5|1#6|1#7|1#8|0#9|1#10|1#11|1#12|0,0|0#1|0#2|0#3|0#4|0#5|0#6|0#7|0#8|1#9|0#10|0#11|0#12|0
84|20,0,0,0,0,0,0,0,0,0,0,0,0,0,0,0,0,,,,
38|147,0,0,0,0,0,0,0,0,0,0,0,0,0,0,0,0,,,,
49|46,0,0,0,0,0,0,0,0,0,0,0,0,0,0,0,0,,,,
