138|94,0,0,0,0,0,0,0,0,0,0,0,0,0,0,0,0,,,,
119|83,0,0,0,0,0,0,0,1,0,0,0,1,0,0,0,0,0|0#1|0#2|0#3|0#4|0#5|0#6|0#7|0#8|0#9|0#10|0#11|0#12|0,0|0#1|0#2|0#3|0#4|0#5|0#6|0#7|0#8|0#9|0#10|0#11|0#12|0,0|0#1|0#2|0#3|0#4|0#5|0#6|0#7|0#8|0#9|0#10|0#11|0#12|0,0|0#1|0#2|0#3|0#4|0#5|0#6|0#7|0#8|0#9|0#10|0#11|0#12|0
53|35,0,0,0,0,0,0,0,0,0,0,0,0,0,0,0,0,,,,
84|88,0,0,0,0,0,0,0,0,0,0,0,1,0,0,0,0,,0|0#1|0#2|0#3|0#4|0#5|0#6|0#7|0#8|0#9|0#10|0#11|0#12|0,,0|0#1|0#2|0#3|0#4|0#5|0#6|0#7|0#8|0#9|0#10|0#11|0#12|0
65|77,2,0,2,0,1,0,2,0,0,0,0,0,1,0,0,0,,,,
59|125,0,0,0,0,0,0,0,0,0,0,0,0,0,0,0,0,,,,
136|139,0,0,0,0,0,0,0,0,0,0,0,0,0,0,0,0,,,,
39|97,0,0,0,0,0,0,0,0,0,0,0,0,0,0,0,0,,,,
98|137,0,0,0,0,0,0,0,0,0,0,0,0,0,0,0,0,,,,
48|91,0,0,0,0,0,0,0,0,0,0,0,0,0,0,0,0,,,,
121|6,0,0,0,0,0,0,0,0,0,0,0,0,0,0,0,0,,,,
135|122,0,0,0,0,0,0,0,0,0,0,0,0,0,0,0,0,,,,
29|80,0,0,0,0,0,0,0,0,0,0,0,0,0,0,0,0,,,,
45|121,0,0,0,0,0,0,0,0,0,0,0,0,1,0,0,0,,,,
32|134,0,0,0,0,0,0,0,0,0,0,0,0,0,0,0,0,,,,
117|58,0,0,0,0,0,0,0,0,0,0,0,0,0,0,0,0,,,,
72|46,0,0,0,0,0,0,0,0,0,0,0,0,0,0,0,0,,,0|0#1|0#2|0#3|0#4|0#5|0#6|0#7|0#8|0#9|0#10|0#11|0#12|0,
55|60,0,0,0,0,0,0,0,0,0,0,0,0,0,0,0,0,,,,
114|10,0,0,0,0,0,0,0,0,0,0,0,0,0,0,0,0,,,,
15|13,0,0,0,0,0,0,0,0,0,0,0,0,0,0,0,0,,,,
91|57,83,24,100,15,16,13,10,9,3,6,60,8,18,0,0,0,0|0#1|0#2|0#3|4#4|4#5|4#6|4#7|4#8|4#9|4#10|4#11|4#12|0,0|0#1|0#2|0#3|4#4|4#5|4#6|4#7|4#8|4#9|4#10|4#11|4#12|0,0|0#1|0#2|0#3|4#4|4#5|4#6|4#7|4#8|4#9|4#10|4#11|4#12|0,0|0#1|0#2|0#3|4#4|4#5|4#6|4#7|4#8|4#9|4#10|4#11|4#12|0
74|71,2,0,6,2,0,0,0,1,2,0,1,4,1,0,0,0,0|0#1|0#2|0#3|0#4|0#5|0#6|0#7|0#8|0#9|0#10|0#11|0#12|0,0|0#1|0#2|0#3|0#4|0#5|0#6|0#7|0#8|0#9|0#10|0#11|0#12|0,0|0#1|0#2|0#3|0#4|0#5|0#6|0#7|0#8|0#9|0#10|0#11|0#12|0,0|0#1|0#2|0#3|0#4|0#5|0#6|0#7|0#8|0#9|0#10|0#11|0#12|0
107|41,4,0,21,0,2,4,1,2,4,0,6,1,0,0,0,0,0|0#1|0#2|0#3|0#4|0#5|0#6|0#7|0#8|0#9|0#10|0#11|0#12|0,0|0#1|0#2|0#3|0#4|0#5|0#6|0#7|0#8|0#9|0#10|0#11|0#12|0,0|0#1|0#2|0#3|0#4|0#5|0#6|0#7|0#8|0#9|0#10|0#11|0#12|0,0|0#1|0#2|0#3|0#4|0#5|0#6|0#7|0#8|0#9|0#10|0#11|0#12|0
133|21,0,0,0,0,0,0,0,0,0,0,0,0,0,0,0,0,,,,
27|55,3,0,0,0,0,0,0,0,1,0,0,0,0,0,0,0,,,,
81|40,0,0,0,0,0,0,0,0,0,0,0,0,0,0,0,0,,,,
46|138,0,0,0,0,0,0,0,0,0,0,0,0,0,0,0,0,,,,
122|135,0,0,0,0,0,0,0,0,0,0,0,0,0,0,0,0,,,,
34|24,0,0,0,0,0,0,0,0,0,0,0,0,0,0,0,0,,,,
5|56,0,0,0,0,0,0,0,0,0,0,0,0,0,0,0,0,,,,
126|52,0,0,0,0,0,0,0,0,0,0,0,0,0,0,0,0,,,,
89|2,0,0,0,0,0,0,0,0,0,0,0,0,0,0,0,0,,,,
136|69,0,0,0,0,0,0,0,0,0,0,0,0,0,0,0,0,,,,
152|32,0,0,0,0,0,0,0,0,0,0,0,0,0,0,0,0,,,,
149|126,0,0,0,0,0,0,0,0,0,0,0,0,0,0,0,0,,,,
97|120,0,0,0,0,0,0,0,0,0,0,0,0,0,0,0,0,,,,
105|16,0,0,0,0,0,0,0,0,0,0,0,0,0,0,0,0,,,,
46|66,0,0,0,0,0,0,0,0,0,0,0,0,0,0,0,0,,,,
7|81,0,0,0,0,0,0,0,0,0,0,0,0,0,0,0,0,,,,
71|146,0,0,0,0,0,0,0,0,0,0,0,0,0,0,0,0,,,,
124|27,0,0,0,1,0,0,0,0,0,0,0,0,0,0,0,0,,,,
143|38,0,0,0,0,0,0,0,0,0,0,0,1,0,0,0,0,0|0#1|0#2|0#3|0#4|0#5|0#6|0#7|0#8|0#9|0#10|0#11|0#12|0,,0|0#1|0#2|0#3|0#4|0#5|0#6|0#7|0#8|0#9|0#10|0#11|0#12|0,
84|133,0,0,0,0,0,0,0,0,0,0,0,0,0,0,0,0,,,,
93|82,0,0,0,0,0,0,0,0,0,0,0,0,0,0,0,0,0|0#1|0#2|0#3|1#4|2#5|2#6|2#7|2#8|1#9|1#10|2#11|1#12|0,0|0#1|0#2|0#3|0#4|0#5|0#6|0#7|0#8|0#9|0#10|0#11|0#12|0,0|0#1|0#2|0#3|1#4|2#5|1#6|2#7|1#8|1#9|1#10|1#11|2#12|0,0|0#1|0#2|0#3|0#4|0#5|0#6|0#7|0#8|0#9|0#10|0#11|1#12|0
145|63,1,0,0,0,0,0,0,1,1,0,0,0,0,0,0,0,,,,
