123|64,0,0,0,0,0,0,0,0,0,0,0,0,0,0,0,0,,,,
14|50,0,0,0,0,0,0,0,0,0,0,0,0,0,0,0,0,,,,
43|78,0,0,0,0,0,0,0,0,0,0,0,0,0,0,0,0,,,,
24|67,0,0,0,0,0,0,0,0,0,0,0,0,0,0,0,0,,,,
130|118,53,22,107,13,3,5,9,17,29,0,48,17,4,0,0,0,,,,
6|106,0,0,0,0,0,0,0,0,0,0,0,0,0,0,0,0,,,,
17|98,0,0,0,0,0,0,0,0,0,0,0,0,0,0,0,0,,,,
116|95,0,0,2,0,0,0,0,1,0,0,0,10,0,0,0,0,0|0#1|0#2|0#3|0#4|0#5|0#6|0#7|0#8|0#9|0#10|0#11|0#12|0,0|0#1|0#2|0#3|0#4|0#5|0#6|0#7|0#8|0#9|0#10|0#11|0#12|0,0|0#1|0#2|0#3|0#4|0#5|0#6|0#7|0#8|0#9|0#10|0#11|0#12|0,0|0#1|0#2|0#3|0#4|0#5|0#6|0#7|0#8|0#9|0#10|0#11|0#12|0
152|5,1,4,2,0,0,1,0,0,0,0,0,3,2,1,0,0,,,,
67|108,0,0,0,0,0,0,0,0,0,0,0,0,0,0,0,0,,,,
12|25,0,0,1,0,1,2,1,0,6,0,2,0,0,0,0,0,,,,
111|22,0,0,0,0,0,0,0,0,0,0,0,0,0,0,0,0,,,,
4|93,0,0,0,0,0,0,0,0,0,0,0,0,0,0,0,0,,,,
130|33,0,0,0,0,0,0,0,0,0,0,0,0,0,0,0,0,,,,
92|116,0,0,0,0,0,0,0,0,0,0,0,0,0,0,0,0,,,,
26|92,0,0,0,0,0,0,0,0,0,0,0,0,0,0,0,0,,,,
33|61,0,0,0,0,0,0,0,0,0,0,0,0,0,0,0,0,,,,
90|94,0,0,0,0,0,0,0,0,0,0,0,0,0,0,0,0,0|0#1|0#2|0#3|0#4|0#5|0#6|0#7|0#8|0#9|0#10|0#11|0#12|0,0|0#1|0#2|0#3|0#4|0#5|0#6|0#7|0#8|0#9|0#10|0#11|0#12|0,0|0#1|0#2|0#3|0#4|0#5|0#6|0#7|0#8|0#9|0#10|0#11|0#12|0,0|0#1|0#2|0#3|0#4|0#5|0#6|0#7|0#8|0#9|0#10|0#11|0#12|0
126|7,0,0,0,0,0,0,0,0,0,0,0,0,0,0,0,0,,,,
50|47,0,0,0,0,0,0,0,0,0,0,0,0,0,0,0,0,,,,0|0#1|0#2|0#3|0#4|0#5|0#6|0#7|0#8|0#9|0#10|0#11|0#12|0
143|105,0,0,0,0,0,0,0,0,0,0,0,0,0,0,0,0,,,,
2|68,0,0,0,0,0,0,0,0,0,0,0,0,0,0,0,0,,,,
40|30,0,0,0,0,0,0,0,0,0,0,0,3,0,0,0,0,0|0#1|0#2|0#3|0#4|0#5|0#6|0#7|0#8|0#9|0#10|0#11|0#12|0,,0|0#1|0#2|0#3|0#4|0#5|0#6|0#7|0#8|0#9|0#10|0#11|0#12|0,
40|117,0,0,0,0,0,0,0,0,0,0,0,0,0,0,0,0,,,,
31|36,0,0,0,0,0,0,0,0,0,0,0,0,0,0,0,0,,,,
53|104,0,2,0,0,0,0,0,0,0,0,0,0,0,0,0,0,0|0#1|0#2|0#3|0#4|0#5|0#6|0#7|0#8|0#9|0#10|0#11|0#12|0,,0|0#1|0#2|0#3|0#4|0#5|0#6|0#7|0#8|0#9|0#10|0#11|0#12|0,0|0#1|0#2|0#3|0#4|0#5|0#6|0#7|0#8|0#9|0#10|0#11|0#12|0
71|83,0,0,0,0,0,0,1,1,1,0,0,0,1,0,6,0,,0|0#1|0#2|0#3|0#4|0#5|0#6|0#7|0#8|0#9|0#10|0#11|0#12|0,,0|0#1|0#2|0#3|0#4|0#5|0#6|0#7|0#8|0#9|0#10|0#11|0#12|0
142|75,0,0,0,0,0,0,0,0,0,0,0,0,0,0,0,0,,,,
62|89,0,0,0,1,0,0,0,0,0,0,0,1,0,0,0,0,0|0#1|0#2|0#3|0#4|0#5|0#6|0#7|0#8|0#9|0#10|0#11|0#12|0,0|0#1|0#2|0#3|0#4|0#5|0#6|0#7|0#8|0#9|0#10|0#11|0#12|0,0|0#1|0#2|0#3|0#4|0#5|0#6|0#7|0#8|0#9|0#10|0#11|0#12|0,0|0#1|0#2|0#3|0#4|0#5|0#6|0#7|0#8|0#9|0#10|0#11|0#12|0
52|72,0,0,0,0,0,1,0,0,0,0,0,1,0,0,0,0,,,,
108|140,0,0,0,0,0,0,1,0,0,0,0,1,2,0,0,0,,,,
15|109,0,0,0,0,0,0,0,0,0,0,0,0,0,0,0,0,,,,
104|53,0,0,0,0,0,0,0,1,0,0,0,0,0,0,0,0,0|0#1|0#2|0#3|0#4|0#5|0#6|0#7|0#8|0#9|0#10|0#11|0#12|0,0|0#1|0#2|0#3|0#4|0#5|0#6|0#7|0#8|0#9|0#10|0#11|0#12|0,0|0#1|0#2|0#3|0#4|0#5|0#6|0#7|0#8|0#9|0#10|0#11|0#12|0,0|0#1|0#2|0#3|0#4|0#5|0#6|0#7|0#8|0#9|0#10|0#11|0#12|0
102|28,0,0,0,0,0,0,0,0,0,0,0,0,1,0,0,0,,,,
121|39,0,0,0,0,0,0,0,0,0,0,0,0,0,0,0,0,,,,
22|0,0,0,0,0,0,0,0,0,0,0,0,0,0,0,0,0,,,,
