23|3,0,0,0,0,0,0,0,0,0,0,0,0,0,0,0,0,,,,
114|141,0,0,0,0,0,0,0,0,0,0,0,2,0,0,0,0,,,,
89|90,0,0,0,0,0,0,0,0,0,0,0,0,0,0,0,0,,,,
87|65,2,3,5,4,0,3,2,1,1,1,0,9,0,0,0,0,0|0#1|0#2|0#3|4#4|4#5|3#6|3#7|3#8|3#9|3#10|3#11|3#12|0,0|0#1|0#2|0#3|2#4|2#5|2#6|2#7|2#8|2#9|2#10|2#11|2#12|0,0|0#1|0#2|0#3|4#4|4#5|4#6|3#7|3#8|3#9|3#10|3#11|3#12|0,0|0#1|0#2|0#3|2#4|2#5|2#6|2#7|2#8|2#9|2#10|2#11|2#12|0
10|91,0,0,0,0,0,0,0,0,0,0,0,0,0,0,0,0,,,,
94|34,0,0,0,0,0,0,0,0,0,0,0,0,0,0,0,0,,,,
56|12,0,0,0,0,0,0,0,0,1,0,0,0,0,0,0,0,,,,
128|145,0,0,0,0,0,0,0,0,0,0,0,0,0,0,0,0,,,,
68|54,0,0,2,0,0,0,0,0,1,0,1,1,1,0,0,0,,,,
100|94,0,0,0,0,0,0,0,0,0,0,0,0,0,0,0,0,,,,
8|33,0,0,0,0,0,0,0,0,0,0,0,0,0,0,0,0,,,,
66|29,0,0,0,0,0,0,0,0,0,0,0,0,0,0,0,0,,,,
73|109,0,0,0,0,0,0,0,0,0,0,0,0,0,0,0,0,,,,
24|140,0,0,0,0,0,0,0,0,0,0,0,0,0,0,0,0,,,,
47|18,0,0,0,0,0,0,0,0,0,0,0,0,0,0,0,0,,,,
49|43,0,0,0,0,0,0,0,0,0,0,0,0,0,0,0,0,,,,
139|46,0,0,0,0,0,0,0,0,0,0,0,0,0,0,0,0,,,,
38|144,0,0,0,0,0,0,0,0,0,0,0,0,0,0,0,0,,,,
148|40,0,0,0,0,0,0,0,0,0,0,0,0,0,0,0,0,,,,
75|23,0,0,0,0,0,0,0,0,0,0,0,0,0,0,0,0,,0|0#1|0#2|0#3|0#4|0#5|0#6|0#7|0#8|0#9|0#10|0#11|0#12|0,,
146|15,0,0,0,0,0,0,0,0,0,0,0,0,0,0,0,0,,,,
