116|55,0,0,0,0,0,0,1,0,1,0,0,2,0,0,0,0,0|0#1|0#2|0#3|0#4|0#5|0#6|0#7|0#8|0#9|0#10|0#11|0#12|0,0|0#1|0#2|0#3|0#4|0#5|0#6|0#7|0#8|0#9|0#10|0#11|0#12|0,0|0#1|0#2|0#3|0#4|0#5|0#6|0#7|0#8|0#9|0#10|0#11|0#12|0,0|0#1|0#2|0#3|0#4|0#5|0#6|0#7|0#8|0#9|0#10|0#11|0#12|0
45|63,0,0,0,0,0,0,0,0,0,0,0,0,0,0,0,0,,,,
52|8,0,0,0,0,0,0,0,0,0,0,0,0,0,0,0,0,,,,
90|54,26,7,144,3,4,8,13,13,0,0,13,76,3,0,0,0,0|0#1|0#2|0#3|4#4|4#5|3#6|3#7|3#8|3#9|3#10|3#11|3#12|0,0|0#1|0#2|0#3|4#4|2#5|2#6|2#7|2#8|2#9|2#10|2#11|2#12|0,0|0#1|0#2|0#3|4#4|3#5|3#6|3#7|3#8|3#9|3#10|3#11|3#12|0,0|0#1|0#2|0#3|3#4|2#5|2#6|2#7|2#8|2#9|2#10|2#11|2#12|0
111|3,0,0,0,0,0,0,0,0,0,0,0,0,0,0,0,0,,,,
17|58,1,0,0,0,0,0,0,1,0,0,0,0,0,0,0,0,,,,
134|125,0,0,0,0,0,0,0,0,0,0,0,0,0,0,0,0,,,,
83|136,0,0,0,0,0,0,0,0,0,0,0,0,0,0,0,0,,,,
52|32,0,0,0,0,0,0,0,0,0,0,0,0,0,0,0,0,,,,0|0#1|0#2|0#3|0#4|0#5|0#6|0#7|0#8|0#9|0#10|0#11|0#12|0
4|53,0,0,0,0,0,0,0,0,0,0,0,0,0,0,0,0,,,,
14|10,0,0,1,0,1,2,2,0,6,0,0,0,0,0,0,0,,,,
19|116,0,0,0,0,0,0,0,0,0,0,0,0,0,0,0,0,,,,
24|27,0,0,0,0,0,0,0,0,0,0,0,0,0,0,0,0,,,,
128|97,0,0,0,0,0,0,0,0,0,0,0,0,0,0,0,0,,,,
109|86,0,0,0,0,0,1,0,1,1,0,0,1,0,0,0,0,,,,
108|100,0,0,0,0,0,0,0,0,0,0,0,1,0,0,0,0,,,,
118|80,0,0,0,0,0,0,0,0,0,0,0,0,0,0,0,0,0|0#1|0#2|0#3|0#4|0#5|0#6|0#7|0#8|0#9|0#10|0#11|0#12|0,0|0#1|0#2|0#3|0#4|0#5|0#6|0#7|0#8|0#9|0#10|0#11|0#12|0,0|0#1|0#2|0#3|0#4|0#5|0#6|0#7|0#8|0#9|0#10|0#11|0#12|0,0|0#1|0#2|0#3|0#4|0#5|0#6|0#7|0#8|0#9|0#10|0#11|0#12|0
58|128,0,0,0,0,0,0,0,0,0,0,0,0,0,0,0,0,,,,
33|21,16,1,36,4,6,0,3,1,15,0,15,2,15,0,0,0,0|0#1|0#2|0#3|0#4|0#5|0#6|0#7|0#8|0#9|0#10|0#11|0#12|0,0|0#1|0#2|0#3|0#4|0#5|0#6|0#7|0#8|0#9|0#10|0#11|0#12|0,0|0#1|0#2|0#3|0#4|0#5|0#6|0#7|0#8|0#9|0#10|0#11|0#12|0,0|0#1|0#2|0#3|0#4|0#5|0#6|0#7|0#8|0#9|0#10|0#11|0#12|0
121|138,0,0,0,0,0,0,0,0,0,0,0,0,0,0,0,0,,,,
144|60,0,0,0,0,0,0,0,0,0,0,0,0,0,0,0,0,,,,
36|69,0,0,0,0,0,0,0,0,0,0,0,0,0,0,0,0,,,,
57|111,1,2,0,0,0,0,0,11,1,0,0,0,1,0,0,0,,,,
96|123,0,0,0,0,0,0,0,0,0,0,0,0,0,0,0,0,,,,
44|124,0,0,0,0,0,0,0,0,0,0,0,0,0,0,0,0,,,,
109|117,0,0,0,6,0,0,0,1,1,0,0,2,0,1,0,0,,,,
2|28,0,0,0,0,0,0,0,0,0,0,0,0,0,0,0,0,,,,
31|137,0,0,0,0,0,0,0,0,0,0,0,0,0,0,0,0,,,,
135|66,0,0,0,0,0,0,0,0,0,0,0,0,0,0,0,0,,,,
26|52,0,0,0,0,0,0,0,0,0,0,0,0,0,0,0,0,,,,
147|112,0,0,0,0,0,0,0,0,0,0,0,0,0,0,0,0,,,,
38|94,7,5,5,0,2,0,0,4,1,0,0,0,3,0,0,0,,,0|0#1|0#2|0#3|0#4|0#5|0#6|0#7|0#8|0#9|0#10|0#11|0#12|0,
43|38,0,0,0,0,0,0,0,0,0,0,0,0,0,0,0,0,,,,
142|35,0,0,1,0,0,0,0,0,0,0,0,1,1,0,0,0,0|0#1|0#2|0#3|0#4|0#5|0#6|0#7|0#8|0#9|0#10|0#11|0#12|0,,,
30|120,0,0,0,0,0,0,0,0,0,0,0,0,0,0,0,0,,,,
64|74,0,0,0,0,0,0,0,0,0,0,0,1,0,0,0,0,,,,
62|49,0,0,0,0,0,0,0,0,0,0,0,0,0,0,0,0,,,,
137|91,0,0,0,0,0,0,0,0,0,0,0,0,0,0,0,0,,,,
104|13,0,0,0,0,0,1,0,0,0,0,0,0,0,0,0,0,,,,
148|129,0,0,0,0,0,0,0,0,0,0,0,0,0,0,0,0,,,,
120|121,0,0,0,0,0,0,0,0,0,0,0,0,0,0,0,0,,,,
71|43,0,0,0,0,0,0,0,0,1,0,0,0,0,0,0,0,0|0#1|0#2|0#3|0#4|0#5|0#6|0#7|0#8|0#9|0#10|0#11|0#12|0,,,
123|24,0,0,0,0,0,0,0,0,0,0,0,0,0,0,0,0,,,,
19|83,0,0,0,0,0,0,0,0,0,0,0,0,0,0,0,0,,,,
83|85,0,0,0,0,0,0,1,1,1,0,0,0,0,0,0,0,0|0#1|0#2|0#3|0#4|0#5|0#6|0#7|0#8|0#9|0#10|0#11|0#12|0,,0|0#1|0#2|0#3|0#4|0#5|0#6|0#7|0#8|0#9|0#10|0#11|0#12|0,
