150|29,0,0,0,0,0,0,0,0,0,0,0,0,0,0,0,0,,,,
41|15,0,0,0,0,0,0,0,0,0,0,0,0,0,0,0,0,,,,
60|8,0,0,0,0,0,0,0,0,0,0,0,0,0,0,0,0,,,,
145|85,0,0,0,0,0,0,0,0,0,0,0,0,0,0,0,0,0|0#1|0#2|0#3|0#4|0#5|0#6|0#7|0#8|0#9|0#10|0#11|0#12|0,0|0#1|0#2|0#3|0#4|0#5|0#6|0#7|0#8|0#9|0#10|0#11|0#12|0,0|0#1|0#2|0#3|0#4|0#5|0#6|0#7|0#8|0#9|0#10|0#11|0#12|0,0|0#1|0#2|0#3|0#4|0#5|0#6|0#7|0#8|0#9|0#10|0#11|0#12|0
17|60,0,0,0,0,0,0,0,0,0,0,0,0,0,0,0,0,,,,
133|43,0,1,0,0,0,0,0,0,0,0,0,1,0,0,0,0,0|0#1|0#2|0#3|0#4|0#5|0#6|0#7|0#8|0#9|0#10|0#11|0#12|0,0|0#1|0#2|0#3|0#4|0#5|0#6|0#7|0#8|0#9|0#10|0#11|0#12|0,0|0#1|0#2|0#3|0#4|0#5|0#6|0#7|0#8|0#9|0#10|0#11|0#12|0,0|0#1|0#2|0#3|0#4|0#5|0#6|0#7|0#8|0#9|0#10|0#11|0#12|0
59|147,0,0,0,0,0,0,0,0,0,0,0,0,0,0,0,0,,,,
72|68,2,1,3,0,0,1,1,2,2,0,0,0,0,0,0,0,,,,
81|62,0,0,0,0,0,0,0,0,0,0,0,1,0,0,0,0,0|0#1|0#2|0#3|0#4|0#5|0#6|0#7|0#8|0#9|0#10|0#11|0#12|0,,0|0#1|0#2|0#3|0#4|0#5|0#6|0#7|0#8|0#9|0#10|0#11|0#12|0,
97|142,0,0,0,0,0,0,0,0,0,0,0,0,0,0,0,0,,,,
121|140,0,0,2,1,4,4,1,2,2,0,6,1,0,0,0,0,,,,
74|93,0,0,0,0,0,0,0,0,1,0,0,0,0,0,0,0,0|0#1|0#2|0#3|0#4|0#5|0#6|0#7|0#8|0#9|0#10|0#11|0#12|0,,0|0#1|0#2|0#3|0#4|0#5|0#6|0#7|0#8|0#9|0#10|0#11|0#12|0,
27|77,0,0,0,0,0,0,0,0,0,0,0,0,0,0,0,0,,,,
135|144,0,0,0,0,0,0,0,0,0,0,0,0,0,0,0,0,,,,
55|82,0,0,0,0,0,0,0,0,1,0,0,0,0,0,0,0,,,,
152|54,0,0,0,0,0,0,0,0,0,0,0,0,0,0,0,0,,,,
46|88,0,0,0,0,0,0,0,0,0,0,0,0,0,0,0,0,,,,
140|12,0,0,0,0,0,0,0,0,0,0,0,0,0,0,0,0,,,,
2|30,0,0,0,0,0,0,0,0,0,0,0,0,0,0,0,0,,,,
124|49,0,0,0,0,0,0,0,0,0,0,0,0,0,0,0,0,,,,
36|71,0,0,0,0,0,0,0,0,0,0,0,0,0,0,0,0,,,,
58|130,0,0,0,0,0,0,0,0,0,0,0,0,0,0,0,0,,,,
60|26,0,0,0,0,0,0,0,0,0,0,0,0,0,0,0,0,,,,
107|63,10,1,3,0,0,0,1,2,0,0,1,0,0,0,0,0,0|0#1|0#2|0#3|4#4|4#5|3#6|2#7|3#8|3#9|3#10|2#11|2#12|0,0|0#1|0#2|0#3|3#4|2#5|2#6|2#7|2#8|2#9|2#10|2#11|2#12|0,0|0#1|0#2|0#3|4#4|3#5|3#6|3#7|3#8|3#9|2#10|2#11|2#12|0,0|0#1|0#2|0#3|3#4|2#5|2#6|2#7|2#8|2#9|2#10|2#11|2#12|0
80|108,0,0,0,0,0,0,0,0,0,0,0,0,0,0,0,0,,,,
65|99,0,0,0,0,0,0,0,0,0,0,0,0,0,0,0,0,,,,
45|143,0,0,0,0,0,0,0,0,0,0,0,0,0,0,0,0,,,,
43|40,0,0,0,0,0,0,0,0,0,0,0,0,0,0,0,0,,,,
114|32,0,0,0,0,0,0,0,0,0,0,0,0,0,0,0,0,0|0#1|0#2|0#3|0#4|0#5|0#6|0#7|0#8|0#9|0#10|0#11|0#12|0,,0|0#1|0#2|0#3|0#4|0#5|0#6|0#7|0#8|0#9|0#10|0#11|0#12|0,
105|38,0,0,0,0,0,0,0,0,0,0,0,0,0,0,0,0,,,,
5|78,0,0,0,0,0,0,0,0,0,0,0,0,0,0,0,0,,,,
15|35,0,0,0,0,0,0,0,0,0,0,0,0,0,0,0,0,,,,
34|46,0,0,0,0,0,0,0,0,0,0,0,0,0,0,0,0,,,,
91|79,0,1,0,0,0,0,0,0,1,0,0,0,0,0,0,0,0|0#1|0#2|0#3|0#4|0#5|0#6|0#7|0#8|0#9|0#10|0#11|0#12|0,,0|0#1|0#2|0#3|0#4|0#5|0#6|0#7|0#8|0#9|0#10|0#11|0#12|0,0|0#1|0#2|0#3|0#4|0#5|0#6|0#7|0#8|0#9|0#10|0#11|0#12|0
131|18,0,0,0,0,0,0,0,0,0,0,0,0,0,0,0,0,,,,
62|51,0,0,0,0,0,0,0,0,0,0,0,1,0,0,0,0,,,,
53|57,0,0,1,0,0,2,0,1,1,0,0,0,0,0,0,0,,,,
126|74,0,0,0,0,0,0,0,0,0,0,0,0,0,0,0,0,,,,
148|131,0,0,0,0,0,0,0,0,1,0,0,0,0,0,0,0,,,,
