125|86,1,0,0,0,0,1,0,0,0,0,0,1,0,0,0,0,,,,
80|74,0,0,0,0,0,0,0,0,0,0,0,0,0,0,0,0,,,,
54|94,0,0,0,0,0,0,0,0,0,0,0,0,0,0,0,0,,,,
151|66,0,0,0,0,0,0,0,0,0,0,0,0,0,0,0,0,,,,
61|63,0,0,0,0,0,0,0,0,0,0,0,2,0,0,0,0,,,,
42|52,0,0,0,0,0,1,0,0,0,0,0,1,0,0,0,0,,,,
144|4,0,0,0,0,0,0,0,0,0,0,0,0,0,0,0,0,,,,
132|55,0,0,0,0,0,0,0,0,0,0,0,0,0,0,0,0,,,,
106|75,0,0,0,0,0,1,0,1,0,0,0,1,1,0,0,0,0|0#1|0#2|0#3|4#4|2#5|2#6|2#7|2#8|2#9|2#10|2#11|2#12|0,0|0#1|0#2|0#3|2#4|2#5|0#6|1#7|1#8|1#9|1#10|0#11|1#12|0,0|0#1|0#2|0#3|3#4|2#5|2#6|2#7|2#8|2#9|2#10|2#11|2#12|0,0|0#1|0#2|0#3|2#4|0#5|1#6|1#7|0#8|1#9|2#10|1#11|1#12|0
35|83,0,0,0,0,0,0,0,0,0,0,0,0,0,0,0,0,,,,
9|133,0,0,0,0,0,0,0,0,0,0,0,0,0,0,0,0,,,,
40|27,0,0,0,0,0,0,0,0,0,0,0,0,0,0,0,0,,,,
16|72,0,0,0,0,0,0,0,0,0,0,0,0,0,0,0,0,,,,
52|69,0,0,0,0,0,0,2,2,1,0,0,0,0,0,0,0,,,,
120|13,0,0,0,0,0,0,0,0,0,0,0,0,0,0,0,0,,,,
21|16,0,0,0,0,0,0,0,0,0,0,0,0,0,0,0,0,,,,
30|10,0,0,0,0,0,0,0,0,0,0,0,0,0,0,0,0,,,,
107|120,0,0,0,0,0,0,0,0,1,0,0,0,0,0,0,0,,,,
33|58,0,0,0,0,0,0,0,0,0,0,0,0,0,0,0,0,,,,
14|47,0,0,0,0,0,0,0,0,0,0,0,0,0,0,0,0,,,,
23|41,0,0,0,0,0,0,0,1,1,0,0,0,0,0,0,0,,,,
26|89,0,0,0,0,0,0,0,0,0,0,0,0,0,0,0,0,,,,
1|42,0,0,0,0,0,0,0,0,0,0,0,0,0,0,0,0,,,,
146|132,0,0,0,0,0,0,0,0,0,0,0,0,0,0,0,0,,,,
111|19,0,0,0,0,0,0,0,0,0,0,0,0,0,0,0,0,,,,
144|97,0,0,0,0,0,0,0,0,0,0,0,0,0,0,0,0,,,,
113|44,0,0,0,0,0,0,0,0,0,0,0,0,1,0,0,0,0|0#1|0#2|0#3|0#4|0#5|0#6|0#7|0#8|0#9|0#10|0#11|0#12|0,,,
18|136,0,0,0,0,0,0,0,0,0,0,0,0,0,0,0,0,,,,
108|137,0,0,0,0,0,0,0,0,0,0,0,1,0,0,0,0,,,,
95|143,5,0,1,2,4,0,1,1,7,0,4,1,2,0,0,0,,,,
56|131,0,0,0,0,0,0,0,0,0,0,0,0,0,0,0,0,,,,
134|80,0,0,0,0,0,0,0,0,0,0,0,0,0,0,0,0,,,,
133|145,0,0,0,0,0,0,0,0,0,0,0,0,0,0,0,0,,,,
43|144,0,0,0,0,0,0,0,0,0,0,0,0,0,0,0,0,,,,
85|9,0,0,0,0,0,0,0,0,0,0,0,0,0,0,0,0,,,,
118|6,0,0,0,0,0,0,0,0,0,0,0,0,0,0,0,0,,,,
