112|20,0,0,0,0,0,0,0,0,0,0,0,0,0,0,0,0,,,,
108|99,0,0,0,0,0,0,0,0,0,0,0,0,0,0,0,0,0|0#1|0#2|0#3|0#4|0#5|0#6|0#7|0#8|0#9|0#10|0#11|0#12|0,,,
32|34,0,0,0,0,0,0,0,0,0,0,0,0,0,0,0,0,,,,
143|73,0,0,0,0,0,0,0,0,0,0,0,0,0,0,0,0,,,,
53|70,0,0,0,0,0,0,0,0,0,0,0,0,0,0,0,0,0|0#1|0#2|0#3|0#4|0#5|0#6|0#7|0#8|0#9|0#10|0#11|0#12|0,,0|0#1|0#2|0#3|0#4|0#5|0#6|0#7|0#8|0#9|0#10|0#11|0#12|0,
145|114,0,0,0,0,0,0,0,1,1,0,0,0,1,0,0,0,,,,
69|117,0,0,0,0,0,0,0,0,0,0,0,0,0,0,0,0,,,,
16|101,0,0,0,0,0,0,0,0,0,0,0,0,0,0,0,0,,,,
150|42,0,0,0,0,0,0,0,0,0,0,0,0,0,0,0,0,,,,
103|26,0,0,0,0,0,0,0,0,0,0,0,0,0,0,0,0,0|0#1|0#2|0#3|0#4|0#5|0#6|0#7|0#8|0#9|0#10|0#11|0#12|0,,0|0#1|0#2|0#3|0#4|0#5|0#6|0#7|0#8|0#9|0#10|0#11|0#12|0,
44|76,0,0,0,0,0,0,0,0,0,0,0,0,0,0,0,0,,,,
124|62,0,0,0,0,0,0,0,0,0,0,0,1,0,0,0,0,0|0#1|0#2|0#3|0#4|0#5|0#6|0#7|0#8|0#9|0#10|0#11|0#12|0,0|0#1|0#2|0#3|0#4|0#5|0#6|0#7|0#8|0#9|0#10|0#11|0#12|0,0|0#1|0#2|0#3|0#4|0#5|0#6|0#7|0#8|0#9|0#10|0#11|0#12|0,0|0#1|0#2|0#3|0#4|0#5|0#6|0#7|0#8|0#9|0#10|0#11|0#12|0
17|118,0,0,0,0,0,0,0,0,0,0,0,0,0,0,0,0,,,,
131|31,0,0,0,0,0,0,0,0,0,0,0,0,0,0,0,0,,,,
134|79,0,0,0,0,0,0,0,0,0,0,0,0,0,0,0,0,,,,
132|127,12,2,21,0,5,2,0,1,14,0,2,2,1,0,0,0,,,,
70|56,0,0,0,0,0,0,0,0,1,0,0,0,0,0,0,0,,,,
8|115,0,0,0,0,0,0,0,0,0,0,0,0,0,0,0,0,,,,
18|96,0,0,0,0,0,0,0,0,0,0,0,0,0,0,0,0,,,,
91|92,0,0,4,0,0,0,1,1,0,0,0,3,3,0,0,0,,,,
25|65,0,0,0,0,0,0,0,0,0,0,0,0,0,0,0,0,,,,
106|102,0,0,0,0,0,0,0,0,1,0,0,0,0,0,0,0,,,,
3|66,0,0,0,0,0,0,0,0,0,0,0,0,0,0,0,0,,,,
27|90,0,0,0,0,0,0,0,0,0,0,0,0,0,0,0,0,,,,
115|68,0,0,1,1,0,0,0,0,0,0,0,2,0,0,1,0,0|0#1|0#2|0#3|0#4|0#5|0#6|0#7|0#8|0#9|0#10|0#11|0#12|0,0|0#1|0#2|0#3|0#4|0#5|0#6|0#7|0#8|0#9|0#10|0#11|0#12|0,0|0#1|0#2|0#3|0#4|0#5|0#6|0#7|0#8|0#9|0#10|0#11|0#12|0,0|0#1|0#2|0#3|0#4|0#5|0#6|0#7|0#8|0#9|0#10|0#11|0#12|0
136|5,0,0,0,0,0,0,0,0,0,0,0,0,0,0,0,0,,,,
107|119,0,0,0,0,0,1,0,0,0,0,0,0,0,0,0,0,,,,
122|37,0,0,0,0,0,0,0,0,0,0,0,0,0,0,0,0,,,,
94|125,0,0,0,0,0,0,0,0,0,0,1,0,0,0,0,0,,,,
42|126,0,0,0,0,0,0,0,0,0,0,0,0,0,0,0,0,,,,
13|23,0,0,0,0,0,0,0,1,1,0,0,0,0,0,0,0,,,,
51|45,0,0,0,0,0,0,0,0,0,0,0,0,0,0,0,0,,,,
117|93,0,0,0,0,0,0,0,0,0,0,0,0,0,0,0,0,0|0#1|0#2|0#3|0#4|0#5|0#6|0#7|0#8|0#9|0#10|0#11|0#12|0,,0|0#1|0#2|0#3|0#4|0#5|0#6|0#7|0#8|0#9|0#10|0#11|0#12|0,
105|51,0,0,0,0,0,0,0,0,0,0,0,0,0,0,0,0,0|0#1|0#2|0#3|3#4|2#5|2#6|2#7|1#8|1#9|2#10|2#11|2#12|0,0|0#1|0#2|0#3|2#4|1#5|0#6|1#7|0#8|0#9|0#10|0#11|0#12|0,0|0#1|0#2|0#3|3#4|2#5|1#6|1#7|1#8|2#9|1#10|2#11|2#12|0,0|0#1|0#2|0#3|2#4|0#5|0#6|1#7|0#8|0#9|0#10|0#11|0#12|0
131|110,0,1,0,0,0,3,0,0,0,0,0,0,1,0,0,0,,,,
80|121,0,0,0,0,0,0,0,0,0,0,0,0,0,0,0,0,,,,
72|81,0,0,0,0,0,0,0,1,0,0,0,0,0,0,2,0,,,0|0#1|0#2|0#3|0#4|0#5|0#6|0#7|0#8|0#9|0#10|0#11|0#12|0,
55|113,0,0,0,0,0,0,0,0,0,0,0,0,0,0,0,0,,,,
63|87,0,0,0,0,0,0,0,0,0,0,0,0,0,0,0,0,,0|0#1|0#2|0#3|0#4|0#5|0#6|0#7|0#8|0#9|0#10|0#11|0#12|0,,
5|91,0,0,0,0,0,0,0,0,0,0,0,0,0,0,0,0,,,,
68|100,0,0,0,0,0,0,0,1,1,0,0,0,0,0,0,0,,,,
141|48,0,0,0,0,0,0,0,0,0,0,0,0,0,0,0,0,,,,
81|138,0,0,0,0,0,0,0,5,0,0,0,0,0,0,0,0,,,,
82|98,0,0,0,0,0,0,0,0,1,0,0,0,0,0,0,0,,,0|0#1|0#2|0#3|0#4|0#5|0#6|0#7|0#8|0#9|0#10|0#11|0#12|0,0|0#1|0#2|0#3|0#4|0#5|0#6|0#7|0#8|0#9|0#10|0#11|0#12|0
