42|114,0,0,0,0,0,0,0,0,0,0,0,0,0,0,0,0,,,,
127|98,0,0,0,0,0,0,0,0,0,0,0,0,0,0,0,0,,,,
115|56,0,0,0,0,0,0,0,0,0,0,0,0,0,0,0,0,0|0#1|0#2|0#3|0#4|0#5|0#6|0#7|0#8|0#9|0#10|0#11|0#12|0,0|0#1|0#2|0#3|0#4|0#5|0#6|0#7|0#8|0#9|0#10|0#11|0#12|0,0|0#1|0#2|0#3|0#4|0#5|0#6|0#7|0#8|0#9|0#10|0#11|0#12|0,0|0#1|0#2|0#3|0#4|0#5|0#6|0#7|0#8|0#9|0#10|0#11|0#12|0
32|22,0,0,0,0,0,0,0,0,0,0,0,1,0,0,1,0,,,,
1|8,0,0,0,0,0,0,0,0,0,0,0,0,0,0,0,0,,,,
8|103,0,0,0,0,0,0,0,0,0,0,0,0,0,0,0,0,,,,
150|30,0,0,0,0,0,0,0,0,0,0,0,0,0,0,0,0,,,,
103|14,0,0,0,0,0,0,0,0,0,0,0,0,0,0,0,0,,,,
18|84,0,0,0,0,0,0,0,0,0,0,0,0,0,0,0,0,,,,
42|9,0,0,0,0,0,0,0,0,0,0,0,0,0,0,0,0,,,,
56|118,0,0,0,0,0,0,0,0,0,0,0,0,0,0,0,0,,,,
143|61,0,0,0,0,0,0,0,0,0,0,0,0,0,0,0,0,,,0|0#1|0#2|0#3|0#4|0#5|0#6|0#7|0#8|0#9|0#10|0#11|0#12|0,0|0#1|0#2|0#3|0#4|0#5|0#6|0#7|0#8|0#9|0#10|0#11|0#12|0
91|80,63,27,187,5,3,16,6,26,1,0,29,2,5,0,0,0,0|0#1|0#2|0#3|2#4|0#5|0#6|0#7|0#8|1#9|0#10|0#11|1#12|0,0|0#1|0#2|0#3|1#4|0#5|0#6|0#7|0#8|0#9|0#10|0#11|0#12|0,0|0#1|0#2|0#3|0#4|0#5|0#6|0#7|0#8|0#9|0#10|0#11|0#12|0,0|0#1|0#2|0#3|0#4|0#5|0#6|0#7|0#8|0#9|0#10|0#11|0#12|0
141|36,0,0,1,0,0,0,0,0,0,0,0,0,1,0,0,0,0|0#1|0#2|0#3|0#4|0#5|0#6|0#7|0#8|0#9|0#10|0#11|0#12|0,0|0#1|0#2|0#3|0#4|0#5|0#6|0#7|0#8|0#9|0#10|0#11|0#12|0,0|0#1|0#2|0#3|0#4|0#5|0#6|0#7|0#8|0#9|0#10|0#11|0#12|0,0|0#1|0#2|0#3|0#4|0#5|0#6|0#7|0#8|0#9|0#10|0#11|0#12|0
145|102,0,0,0,0,0,0,0,0,0,0,0,0,0,0,0,0,,,,
16|59,0,0,0,0,0,0,0,0,0,0,0,0,0,0,0,0,,,,
13|11,0,0,0,0,0,0,0,0,0,0,0,0,0,0,0,0,,,,
146|119,0,0,0,0,0,0,0,0,0,0,0,0,0,0,0,0,,,,
37|95,0,0,0,0,0,0,0,0,0,0,0,0,0,0,0,0,,,,
82|86,0,0,0,0,0,0,0,0,0,0,0,0,0,0,0,0,,0|0#1|0#2|0#3|0#4|0#5|0#6|0#7|0#8|0#9|0#10|0#11|0#12|0,,0|0#1|0#2|0#3|0#4|0#5|0#6|0#7|0#8|0#9|0#10|0#11|0#12|0
69|105,0,0,0,0,0,0,0,0,0,0,0,0,0,0,0,0,,,,
23|28,0,0,0,0,0,0,0,0,0,0,0,0,0,0,0,0,,,,
69|0,0,0,1,0,1,0,0,0,0,0,4,0,0,0,0,0,,,,
81|126,0,0,0,0,0,0,0,0,0,0,0,0,0,0,0,0,,,,
108|87,0,0,0,0,0,0,1,0,1,0,0,9,0,0,0,0,,,,
3|54,0,0,0,0,0,0,0,0,0,0,0,0,0,0,0,0,,,,
1|29,0,0,0,0,0,0,0,0,0,0,0,0,0,0,0,0,,,,
122|25,0,0,0,0,0,0,0,0,0,0,0,0,0,0,0,0,,,,
63|75,0,0,0,0,0,0,0,0,0,0,0,0,0,0,0,0,,,,
44|64,0,0,0,0,0,0,0,0,0,0,0,0,0,0,0,0,,,,
55|101,2,0,5,3,0,1,0,10,0,0,6,1,1,1,0,0,0|0#1|0#2|0#3|0#4|0#5|1#6|0#7|1#8|0#9|0#10|0#11|0#12|0,0|0#1|0#2|0#3|0#4|0#5|0#6|0#7|0#8|0#9|0#10|0#11|0#12|0,0|0#1|0#2|0#3|0#4|0#5|0#6|0#7|1#8|0#9|0#10|0#11|0#12|0,0|0#1|0#2|0#3|0#4|0#5|0#6|0#7|0#8|0#9|0#10|0#11|0#12|0
42|39,0,0,0,1,0,1,1,0,0,0,0,1,1,0,0,0,,,,
124|50,0,0,0,0,0,0,0,0,0,0,0,0,0,0,0,0,,,,
101|4,0,0,0,0,0,0,0,0,0,0,0,0,0,0,0,0,,,,
94|113,0,0,0,0,0,0,0,0,0,0,0,0,0,0,0,0,,,,
70|44,0,0,0,0,0,0,0,0,0,0,0,4,0,0,0,0,0|0#1|0#2|0#3|0#4|0#5|0#6|0#7|0#8|0#9|0#10|0#11|0#12|0,,0|0#1|0#2|0#3|0#4|0#5|0#6|0#7|0#8|0#9|0#10|0#11|0#12|0,
107|107,0,0,0,0,0,0,0,0,1,0,0,0,0,0,0,0,,,,
136|92,0,0,0,0,0,0,0,0,0,0,0,0,0,0,0,0,,,,
25|53,0,0,0,0,0,0,0,0,0,0,0,0,0,0,0,0,0|0#1|0#2|0#3|0#4|0#5|0#6|0#7|0#8|0#9|0#10|0#11|0#12|0,0|0#1|0#2|0#3|0#4|0#5|0#6|0#7|0#8|0#9|0#10|0#11|0#12|0,,0|0#1|0#2|0#3|0#4|0#5|0#6|0#7|0#8|0#9|0#10|0#11|0#12|0
51|33,0,0,0,0,0,0,0,0,0,0,0,0,0,0,0,0,,,,
117|81,0,1,0,0,0,0,0,0,0,0,0,0,0,0,0,0,0|0#1|0#2|0#3|0#4|0#5|0#6|0#7|0#8|0#9|0#10|0#11|0#12|0,,0|0#1|0#2|0#3|0#4|0#5|0#6|0#7|0#8|0#9|0#10|0#11|0#12|0,
17|106,0,0,0,0,0,0,0,0,0,0,0,0,0,0,0,0,,,,
132|115,105,54,120,14,31,20,6,32,39,14,83,48,56,3,0,0,,,,
134|67,1,0,1,0,1,1,1,0,5,0,1,0,0,0,0,0,,,,
