51|11,0,0,0,0,0,0,0,0,0,0,0,0,0,0,0,0,,,,
108|65,1,2,0,23,0,0,0,0,1,1,0,7,2,0,0,0,0|0#1|0#2|0#3|2#4|4#5|4#6|3#7|4#8|4#9|3#10|2#11|2#12|0,0|0#1|0#2|0#3|0#4|2#5|2#6|2#7|2#8|2#9|2#10|2#11|1#12|0,0|0#1|0#2|0#3|2#4|4#5|4#6|3#7|4#8|4#9|2#10|2#11|2#12|0,0|0#1|0#2|0#3|1#4|2#5|2#6|2#7|2#8|2#9|2#10|1#11|1#12|0
37|73,0,0,2,0,1,0,0,1,0,0,1,0,0,0,0,0,,,,
70|22,0,0,0,0,0,0,0,0,0,0,0,0,0,0,0,0,,,,
134|45,0,0,0,0,0,0,0,0,0,0,0,0,0,0,0,0,,,,
103|7,0,0,0,0,0,0,0,0,0,0,0,0,0,0,0,0,,,,
42|17,0,0,0,0,0,0,0,0,0,0,0,0,0,0,0,0,,,,
146|87,0,0,0,0,0,0,0,0,0,0,0,0,0,0,0,0,,,0|0#1|0#2|0#3|0#4|0#5|0#6|0#7|0#8|0#9|0#10|0#11|0#12|0,
35|48,0,0,0,0,0,0,0,0,0,0,0,0,0,0,0,0,,,,
54|59,0,0,0,0,0,0,0,0,0,0,0,0,0,0,0,0,,,,
82|64,0,4,0,0,0,0,0,2,0,0,0,0,2,0,0,0,0|0#1|0#2|0#3|2#4|2#5|2#6|2#7|2#8|2#9|2#10|2#11|2#12|0,0|0#1|0#2|0#3|0#4|1#5|2#6|2#7|2#8|1#9|1#10|1#11|1#12|0,0|0#1|0#2|0#3|2#4|2#5|2#6|2#7|2#8|2#9|2#10|2#11|2#12|0,0|0#1|0#2|0#3|1#4|2#5|2#6|1#7|1#8|0#9|1#10|1#11|1#12|0
127|76,0,0,0,0,0,0,0,0,0,0,0,0,0,0,0,0,,,,
18|62,0,0,0,0,0,0,0,0,0,0,0,0,0,0,0,0,,,,
44|42,0,0,0,0,0,0,0,0,0,0,0,1,0,0,0,0,,,,
16|37,0,0,0,0,0,0,0,0,0,0,0,0,0,0,0,0,,,,
75|95,0,0,0,0,0,0,0,0,0,0,0,0,0,0,0,0,,,,
81|104,0,1,0,0,0,0,1,0,0,0,0,0,1,0,0,0,0|0#1|0#2|0#3|0#4|0#5|0#6|0#7|0#8|0#9|0#10|0#11|0#12|0,0|0#1|0#2|0#3|0#4|0#5|0#6|0#7|0#8|0#9|0#10|0#11|0#12|0,0|0#1|0#2|0#3|0#4|0#5|0#6|0#7|0#8|0#9|0#10|0#11|0#12|0,0|0#1|0#2|0#3|0#4|0#5|0#6|0#7|0#8|0#9|0#10|0#11|0#12|0
136|70,0,0,0,0,0,0,0,0,0,0,0,0,0,0,0,0,,,,
136|140,0,0,0,0,0,0,0,0,0,0,0,0,0,0,0,0,,,,
141|14,0,0,0,0,0,0,0,0,0,0,0,0,0,0,0,0,,,,
25|31,0,0,0,0,0,0,0,0,0,0,0,0,0,0,0,0,,,,
56|84,0,0,0,0,0,0,0,0,1,0,0,0,0,0,0,0,,,,
97|1,2,0,0,0,0,0,0,2,0,0,0,0,0,0,0,0,,,,
115|34,0,0,0,0,0,0,0,0,0,0,0,0,0,0,0,0,,,,
95|108,0,0,0,0,0,0,0,0,0,0,0,0,0,0,0,0,,,,
3|32,0,0,0,0,0,0,0,0,0,0,0,0,0,0,0,0,,,,
63|53,0,0,7,0,0,0,0,2,0,0,1,0,0,0,0,0,,,,
61|28,2,0,43,0,8,2,1,3,5,0,6,0,1,0,0,0,0|0#1|0#2|0#3|0#4|0#5|0#6|0#7|0#8|0#9|0#10|0#11|0#12|0,,0|0#1|0#2|0#3|0#4|0#5|0#6|0#7|0#8|0#9|0#10|0#11|0#12|0,
43|109,0,0,0,0,0,0,0,0,0,0,0,0,0,0,0,0,,,,
80|39,0,0,0,0,0,0,0,0,0,0,0,0,1,2,0,0,0|0#1|0#2|0#3|0#4|0#5|0#6|0#7|0#8|0#9|0#10|0#11|0#12|0,0|0#1|0#2|0#3|0#4|0#5|0#6|0#7|0#8|0#9|0#10|0#11|0#12|0,0|0#1|0#2|0#3|0#4|0#5|0#6|0#7|0#8|0#9|0#10|0#11|0#12|0,0|0#1|0#2|0#3|0#4|0#5|0#6|0#7|0#8|0#9|0#10|0#11|0#12|0
28|79,0,0,0,0,0,0,0,0,0,0,0,0,0,0,0,0,,,,
