105|17,0,0,0,0,0,0,0,0,0,0,0,0,1,0,0,0,,,,
39|98,0,0,0,0,0,0,0,0,0,0,0,0,0,0,0,0,,,,
71|147,0,0,0,0,0,0,0,0,0,0,0,0,0,0,0,0,,,,
36|50,0,0,0,0,0,0,0,0,0,0,0,0,0,0,0,0,,,,
145|64,1,0,0,0,0,1,0,1,1,0,0,0,0,0,0,0,,,,
143|39,0,0,0,0,0,1,0,0,0,0,0,0,0,0,0,0,,,,0|0#1|0#2|0#3|0#4|0#5|0#6|0#7|0#8|0#9|0#10|0#11|0#12|0
138|95,0,0,0,0,0,0,0,0,0,0,0,0,0,0,0,0,,,,
122|136,0,0,0,0,0,0,0,0,0,0,0,0,0,0,0,0,,,,
55|61,0,0,0,0,0,0,0,0,0,0,0,0,0,0,0,0,,,,
91|58,20,15,18,8,5,8,1,3,1,6,6,77,10,1,0,0,0|0#1|0#2|0#3|4#4|4#5|4#6|4#7|4#8|4#9|4#10|4#11|4#12|0,0|0#1|0#2|0#3|4#4|4#5|4#6|4#7|4#8|4#9|4#10|4#11|4#12|0,0|0#1|0#2|0#3|4#4|4#5|4#6|4#7|4#8|4#9|4#10|4#11|4#12|0,0|0#1|0#2|0#3|4#4|4#5|4#6|4#7|4#8|4#9|4#10|4#11|4#12|0
74|72,5,2,8,2,1,1,2,4,6,0,0,1,3,0,0,0,0|0#1|0#2|0#3|0#4|0#5|0#6|0#7|0#8|0#9|0#10|0#11|0#12|0,0|0#1|0#2|0#3|0#4|0#5|0#6|0#7|0#8|0#9|0#10|0#11|0#12|0,0|0#1|0#2|0#3|0#4|0#5|0#6|0#7|0#8|0#9|0#10|0#11|0#12|0,0|0#1|0#2|0#3|0#4|0#5|0#6|0#7|0#8|0#9|0#10|0#11|0#12|0
59|126,0,0,0,0,0,0,0,0,0,0,0,0,0,0,0,0,,,,
15|14,0,0,0,0,0,0,0,0,0,0,0,0,0,0,0,0,,,,
27|56,0,0,0,0,0,0,0,0,1,0,0,0,0,0,0,0,,,,
70|130,0,0,0,0,0,0,0,0,0,0,0,0,0,0,0,0,,,,
126|53,0,0,0,0,0,0,0,0,0,0,0,0,0,0,0,0,0|0#1|0#2|0#3|0#4|0#5|0#6|0#7|0#8|0#9|0#10|0#11|0#12|0,,0|0#1|0#2|0#3|0#4|0#5|0#6|0#7|0#8|0#9|0#10|0#11|0#12|0,
149|127,0,0,0,0,0,0,0,0,0,0,0,0,0,0,0,0,,,,
32|135,0,0,0,0,0,0,0,0,0,0,0,0,0,0,0,0,,,,
46|139,0,0,0,0,0,0,0,0,0,0,0,0,0,0,0,0,,,,
135|123,0,0,0,0,0,0,0,0,0,0,0,0,0,0,0,0,,,,
119|84,0,0,0,0,0,0,0,0,6,0,0,5,0,0,0,0,0|0#1|0#2|0#3|0#4|0#5|0#6|0#7|0#8|0#9|0#10|0#11|0#12|0,,0|0#1|0#2|0#3|0#4|0#5|0#6|0#7|0#8|0#9|0#10|0#11|0#12|0,0|0#1|0#2|0#3|0#4|0#5|0#6|0#7|0#8|0#9|0#10|0#11|0#12|0
46|67,0,0,0,0,0,0,0,0,0,0,0,0,0,0,0,0,,,,
84|134,0,0,0,0,0,0,0,0,0,0,0,0,0,0,0,0,,,,
152|33,0,0,0,0,0,1,0,0,0,0,0,0,1,0,0,0,,,,
29|81,0,0,0,0,0,0,0,0,0,0,0,0,0,0,0,0,,,,
62|30,0,0,0,0,0,0,0,1,0,0,0,1,0,0,0,0,,,,
34|25,0,0,0,0,0,0,0,0,0,0,0,0,0,0,0,0,,,,
84|89,0,0,0,0,0,0,0,0,1,0,0,0,0,0,0,0,,,,
53|36,0,0,0,0,0,0,0,0,0,0,0,0,0,0,0,0,,,,
5|57,0,0,0,0,0,0,0,0,0,0,0,0,0,0,0,0,,,,
45|122,0,0,0,0,0,0,0,0,0,0,0,0,0,0,0,0,,,,
89|3,0,0,0,0,0,0,0,0,1,0,0,0,0,0,0,0,,,,
107|42,17,1,6,5,1,0,2,2,0,0,1,3,1,0,0,0,0|0#1|0#2|0#3|0#4|0#5|0#6|0#7|0#8|0#9|0#10|0#11|0#12|0,,,
124|28,0,0,0,0,0,0,0,0,1,0,0,0,0,0,0,0,,,,
97|121,0,0,0,0,0,0,0,0,0,0,0,0,0,0,0,0,,,,
117|59,0,0,0,0,0,0,0,0,0,0,0,0,0,0,0,0,0|0#1|0#2|0#3|0#4|0#5|0#6|0#7|0#8|0#9|0#10|0#11|0#12|0,0|0#1|0#2|0#3|0#4|0#5|0#6|0#7|0#8|0#9|0#10|0#11|0#12|0,0|0#1|0#2|0#3|0#4|0#5|0#6|0#7|0#8|0#9|0#10|0#11|0#12|0,
98|138,0,0,0,0,0,0,0,0,0,0,0,0,0,0,0,0,,,,
121|7,0,0,0,0,0,0,0,0,0,0,0,0,0,0,0,0,,,,
72|47,0,0,0,0,0,0,0,0,1,0,0,0,0,0,0,0,,,,
48|92,0,0,0,0,0,0,0,0,0,0,0,0,0,0,0,0,,,,
7|82,0,0,0,0,0,0,0,0,0,0,0,0,0,0,0,0,,,,
65|78,1,0,0,0,0,1,0,0,0,0,0,1,0,0,1,0,0|0#1|0#2|0#3|0#4|0#5|0#6|0#7|0#8|0#9|0#10|0#11|0#12|0,,,
148|110,0,0,0,0,0,0,0,0,0,0,0,0,0,0,0,0,,,,
93|83,0,0,0,0,0,0,0,0,1,0,0,0,1,0,0,0,0|0#1|0#2|0#3|1#4|1#5|0#6|0#7|0#8|1#9|0#10|0#11|0#12|0,0|0#1|0#2|0#3|0#4|0#5|0#6|0#7|0#8|0#9|0#10|0#11|0#12|0,0|0#1|0#2|0#3|1#4|0#5|1#6|1#7|0#8|1#9|1#10|1#11|0#12|0,0|0#1|0#2|0#3|0#4|0#5|0#6|0#7|0#8|0#9|0#10|0#11|0#12|0
81|41,1,4,0,0,0,2,0,0,0,1,0,2,0,0,0,0,,,,
114|11,0,0,0,0,0,0,0,0,0,0,0,0,0,0,0,0,,,,
133|22,0,0,0,0,0,0,0,0,0,0,0,0,0,0,0,0,,,,
