31|48,0,0,0,0,0,0,0,0,0,0,0,0,0,0,0,0,,,,
53|116,0,0,0,0,0,0,0,0,0,0,0,0,0,0,0,0,,,,
57|1,0,0,0,0,0,0,0,0,0,0,0,0,0,0,0,0,,,,
104|105,0,0,0,0,0,0,0,0,0,0,0,0,0,0,0,0,,,,
106|90,0,0,0,0,0,0,0,0,0,0,0,0,0,0,0,0,,,,
14|62,0,0,0,0,0,0,0,0,0,0,0,0,0,0,0,0,,,,
118|109,0,0,0,0,0,0,0,0,0,0,0,0,0,0,0,0,,,,
71|95,0,0,0,0,0,0,0,0,1,0,1,0,0,0,0,0,,,0|0#1|0#2|0#3|0#4|0#5|0#6|0#7|0#8|0#9|0#10|0#11|0#12|0,
130|45,0,2,0,0,0,0,0,1,0,0,0,0,0,0,0,0,,,,
132|70,0,0,0,0,0,0,0,0,0,0,0,0,0,0,0,0,,,,
40|42,0,0,2,0,0,0,1,0,0,0,0,1,0,0,0,0,0|0#1|0#2|0#3|0#4|0#5|0#6|0#7|0#8|0#9|0#10|0#11|0#12|0,0|0#1|0#2|0#3|0#4|0#5|0#6|0#7|0#8|0#9|0#10|0#11|0#12|0,0|0#1|0#2|0#3|0#4|0#5|0#6|0#7|0#8|0#9|0#10|0#11|0#12|0,0|0#1|0#2|0#3|0#4|0#5|0#6|0#7|0#8|0#9|0#10|0#11|0#12|0
142|100,0,0,0,0,0,0,0,0,0,0,0,0,0,0,0,0,,,,
6|118,0,0,0,0,0,0,0,0,0,0,0,0,0,0,0,0,,,,
33|73,0,0,0,0,0,0,0,0,0,0,0,0,0,0,0,0,,,,
12|37,0,0,0,0,0,0,0,0,0,0,0,0,0,0,0,0,,,,
21|31,0,0,0,0,0,0,0,0,0,0,0,0,1,0,0,0,,,,
66|103,1,0,0,0,0,0,0,0,0,0,0,1,1,0,0,0,,,,
92|128,0,0,0,0,0,0,0,0,0,0,0,0,0,0,0,0,,,,
143|117,0,0,0,0,0,0,0,0,0,0,0,0,0,0,0,0,,,,
28|108,0,0,0,0,0,0,0,0,0,0,0,0,0,0,0,0,,,,
52|84,28,5,51,4,3,4,3,6,1,0,12,1,0,0,0,0,,,0|0#1|0#2|0#3|0#4|0#5|0#6|0#7|0#8|0#9|0#10|0#11|0#12|0,
111|34,0,0,0,0,0,0,0,0,0,0,0,0,0,0,0,0,,,,
14|104,0,1,0,0,0,0,0,0,0,0,0,1,0,0,0,0,,,,
50|59,0,0,0,0,0,0,0,1,0,0,0,0,0,0,0,0,,,0|0#1|0#2|0#3|0#4|0#5|0#6|0#7|0#8|0#9|0#10|0#11|0#12|0,
40|129,0,0,0,0,0,0,0,0,0,0,0,0,0,0,0,0,,,,
104|65,54,52,90,8,12,17,15,13,13,15,54,61,21,2,0,0,0|0#1|0#2|0#3|4#4|4#5|4#6|4#7|4#8|4#9|4#10|4#11|4#12|0,0|0#1|0#2|0#3|4#4|4#5|4#6|4#7|3#8|4#9|4#10|4#11|4#12|0,0|0#1|0#2|0#3|4#4|4#5|4#6|4#7|4#8|4#9|4#10|4#11|4#12|0,0|0#1|0#2|0#3|4#4|4#5|4#6|3#7|3#8|4#9|4#10|4#11|4#12|0
24|79,0,0,0,0,0,0,0,0,0,0,0,0,0,0,0,0,,,,
123|76,0,0,0,0,0,0,0,0,0,0,0,0,0,0,0,0,0|0#1|0#2|0#3|0#4|0#5|0#6|0#7|0#8|0#9|0#10|0#11|0#12|0,,0|0#1|0#2|0#3|0#4|0#5|0#6|0#7|0#8|0#9|0#10|0#11|0#12|0,
5|101,0,0,0,0,0,0,0,0,0,0,0,0,0,0,0,0,,,,
142|87,0,0,0,0,0,0,0,0,0,0,0,0,0,0,0,0,0|0#1|0#2|0#3|0#4|0#5|0#6|0#7|0#8|0#9|0#10|0#11|0#12|0,,0|0#1|0#2|0#3|0#4|0#5|0#6|0#7|0#8|0#9|0#10|0#11|0#12|0,
91|111,18,0,33,7,6,5,5,6,4,0,13,0,11,0,0,0,,,,
151|81,0,0,0,0,0,0,0,0,0,0,0,0,0,0,0,0,,,,
