142|99,0,0,0,0,0,0,0,0,0,0,0,0,0,0,0,0,,,,
113|71,20,1,112,0,2,8,2,2,7,0,17,0,12,0,0,0,0|0#1|0#2|0#3|0#4|0#5|0#6|0#7|0#8|0#9|0#10|0#11|0#12|0,0|0#1|0#2|0#3|0#4|0#5|0#6|0#7|0#8|0#9|0#10|0#11|0#12|0,0|0#1|0#2|0#3|0#4|0#5|0#6|0#7|0#8|0#9|0#10|0#11|0#12|0,0|0#1|0#2|0#3|0#4|0#5|0#6|0#7|0#8|0#9|0#10|0#11|0#12|0
91|123,0,0,0,0,0,0,0,0,0,0,0,0,0,0,0,0,,,,
79|102,0,0,0,0,0,1,0,0,0,0,0,0,0,0,0,0,,,,
143|129,0,0,0,0,0,0,0,0,0,0,0,0,0,0,0,0,,,,
98|17,32,10,47,3,7,5,1,8,11,1,7,4,2,0,0,0,,,,
33|85,0,0,0,0,0,0,0,0,0,0,0,0,0,0,0,0,,,,
66|115,0,0,0,0,0,0,0,0,0,0,0,0,0,0,0,0,,,,
124|6,0,0,0,0,0,0,0,0,0,0,0,0,0,0,0,0,,,,
151|93,0,0,0,0,0,0,0,0,0,0,0,0,0,0,0,0,,,,
14|116,0,0,0,0,0,0,0,0,0,0,0,0,0,0,0,0,,,,
104|77,0,1,0,1,0,0,0,0,0,0,0,1,0,0,0,0,0|0#1|0#2|0#3|0#4|2#5|2#6|2#7|2#8|1#9|0#10|0#11|0#12|0,0|0#1|0#2|0#3|0#4|3#5|3#6|2#7|1#8|1#9|0#10|0#11|0#12|0,0|0#1|0#2|0#3|0#4|3#5|2#6|2#7|2#8|0#9|0#10|0#11|0#12|0,0|0#1|0#2|0#3|2#4|3#5|3#6|1#7|1#8|0#9|0#10|0#11|0#12|0
103|100,0,1,0,0,0,0,0,0,0,0,0,0,0,0,0,0,,0|0#1|0#2|0#3|0#4|0#5|0#6|0#7|0#8|0#9|0#10|0#11|0#12|0,,0|0#1|0#2|0#3|0#4|0#5|0#6|0#7|0#8|0#9|0#10|0#11|0#12|0
52|111,0,0,0,0,0,0,0,0,0,0,0,0,0,0,0,0,,,,
132|82,0,1,0,2,0,0,0,2,1,0,0,9,0,0,0,0,0|0#1|0#2|0#3|0#4|0#5|0#6|0#7|0#8|0#9|0#10|0#11|0#12|0,,0|0#1|0#2|0#3|0#4|0#5|0#6|0#7|0#8|0#9|0#10|0#11|0#12|0,
40|54,0,0,0,0,0,0,0,0,0,0,0,0,0,0,0,0,,,,
104|117,0,0,0,0,0,0,0,0,0,0,0,0,0,0,0,0,,,,
27|103,0,0,0,0,0,0,0,0,0,0,0,0,0,0,0,0,,,,
91|9,0,0,0,0,0,0,0,0,0,0,0,0,0,0,0,0,,,,
14|74,0,0,0,0,0,0,0,0,0,0,0,0,0,0,0,0,,,,
21|43,0,0,0,0,0,0,0,0,0,0,0,0,0,0,0,0,,,,
53|128,0,0,0,0,0,0,0,0,0,0,0,0,0,0,0,0,,,,
150|4,3,0,2,2,0,0,0,0,0,0,2,1,4,0,0,0,,,,
130|57,0,0,0,0,0,0,0,1,0,0,0,0,0,0,0,0,0|0#1|0#2|0#3|0#4|0#5|0#6|0#7|0#8|0#9|0#10|0#11|0#12|0,,,
5|113,0,0,0,0,0,0,0,0,0,0,0,0,0,0,0,0,,,,
61|90,0,0,0,0,0,0,0,0,0,0,0,0,1,0,0,0,0|0#1|0#2|0#3|0#4|0#5|0#6|0#7|0#8|0#9|0#10|0#11|0#12|0,0|0#1|0#2|0#3|0#4|0#5|0#6|0#7|0#8|0#9|0#10|0#11|0#12|0,0|0#1|0#2|0#3|0#4|0#5|0#6|0#7|0#8|0#9|0#10|0#11|0#12|0,0|0#1|0#2|0#3|0#4|0#5|0#6|0#7|0#8|0#9|0#10|0#11|0#12|0
120|40,0,0,0,0,0,0,0,0,0,0,0,0,0,0,0,0,,,,
111|46,0,0,0,0,0,0,1,0,0,0,0,2,0,0,0,0,,,,
142|112,0,0,0,0,0,0,0,0,0,0,0,0,0,0,0,0,,,,
12|49,0,0,0,0,0,0,0,0,0,0,0,0,0,0,0,0,,,,
117|104,0,0,0,0,0,0,0,0,0,0,0,0,0,0,0,0,,,,
123|88,0,0,0,0,0,0,0,0,0,0,0,2,0,0,0,0,0|0#1|0#2|0#3|0#4|0#5|0#6|0#7|0#8|0#9|0#10|0#11|0#12|0,,0|0#1|0#2|0#3|0#4|0#5|0#6|0#7|0#8|0#9|0#10|0#11|0#12|0,
52|96,0,0,0,0,0,0,0,0,0,0,0,0,0,0,0,0,0|0#1|0#2|0#3|0#4|0#5|0#6|0#7|0#8|0#9|0#10|0#11|0#12|0,,0|0#1|0#2|0#3|0#4|0#5|0#6|0#7|0#8|0#9|0#10|0#11|0#12|0,
