140|78,0,0,0,0,0,0,0,0,0,0,0,0,0,0,0,0,,,,
143|133,0,0,0,0,0,1,0,0,0,0,0,0,0,0,0,0,,,,
79|10,35,19,11,0,0,1,1,3,2,0,9,4,1,0,0,0,,,,
111|50,0,1,0,0,0,1,0,1,0,2,0,12,0,1,0,0,0|0#1|0#2|0#3|0#4|0#5|0#6|1#7|1#8|0#9|0#10|0#11|0#12|0,0|0#1|0#2|0#3|0#4|0#5|0#6|0#7|0#8|0#9|0#10|0#11|0#12|0,0|0#1|0#2|0#3|0#4|0#5|1#6|2#7|1#8|0#9|0#10|0#11|0#12|0,0|0#1|0#2|0#3|0#4|0#5|0#6|0#7|0#8|0#9|0#10|0#11|0#12|0
12|53,0,0,0,0,0,0,0,0,0,0,0,0,0,0,0,0,,,,
121|67,0,0,0,0,0,0,0,0,0,0,0,0,1,0,0,0,0|0#1|0#2|0#3|0#4|0#5|0#6|0#7|0#8|0#9|0#10|0#11|0#12|0,0|0#1|0#2|0#3|0#4|0#5|0#6|0#7|0#8|0#9|0#10|0#11|0#12|0,0|0#1|0#2|0#3|0#4|0#5|0#6|0#7|0#8|0#9|0#10|0#11|0#12|0,0|0#1|0#2|0#3|0#4|0#5|0#6|0#7|0#8|0#9|0#10|0#11|0#12|0
123|92,0,0,0,0,0,0,0,0,0,0,0,0,0,0,0,0,,,,
40|145,0,0,0,0,0,0,0,0,0,0,0,0,0,0,0,0,,,,
2|96,0,0,0,0,0,0,0,0,0,0,0,0,0,0,0,0,,,,
118|125,0,0,0,0,0,0,0,0,0,0,0,0,0,0,0,0,,,,
98|21,0,0,0,0,0,0,0,0,0,0,0,0,0,0,0,0,,,0|0#1|0#2|0#3|0#4|0#5|0#6|0#7|0#8|0#9|0#10|0#11|0#12|0,
10|28,0,0,0,0,0,0,0,0,0,0,0,0,0,0,0,0,,,,
130|146,0,0,0,0,0,0,0,0,0,0,0,0,0,0,0,0,,,,
130|61,0,0,2,0,1,0,1,0,8,0,5,1,0,0,0,0,,,0|0#1|0#2|0#3|0#4|0#5|0#6|0#7|0#8|0#9|0#10|0#11|0#12|0,
102|56,102,37,248,19,14,14,26,20,0,2,93,10,14,0,0,0,0|0#1|0#2|0#3|4#4|4#5|4#6|4#7|4#8|4#9|4#10|4#11|4#12|0,0|0#1|0#2|0#3|4#4|4#5|4#6|4#7|4#8|4#9|4#10|4#11|4#12|0,0|0#1|0#2|0#3|4#4|4#5|4#6|4#7|4#8|4#9|4#10|4#11|4#12|0,0|0#1|0#2|0#3|4#4|4#5|4#6|4#7|4#8|4#9|4#10|4#11|4#12|0
15|137,0,0,0,0,0,0,0,0,0,0,0,0,0,0,0,0,,,,
53|132,0,0,0,0,0,0,0,0,0,0,0,0,0,0,0,0,,,,
105|138,0,0,0,0,0,0,0,0,0,0,0,0,0,0,0,0,,,,
132|8,0,0,0,0,0,0,0,0,1,0,0,0,0,0,0,0,,,,
114|98,0,0,0,0,0,0,0,0,1,0,0,0,0,0,0,0,,,,
50|75,0,0,1,0,0,0,0,1,1,0,0,0,0,0,0,0,,,,
14|120,0,0,0,0,0,0,0,0,0,0,0,0,0,0,0,0,,,,
67|136,0,0,0,0,0,0,0,0,0,0,0,0,0,0,0,0,,,,
89|27,0,0,0,0,0,0,0,0,0,0,0,0,1,0,0,0,,0|0#1|0#2|0#3|0#4|0#5|0#6|0#7|0#8|0#9|0#10|0#11|0#12|0,,0|0#1|0#2|0#3|0#4|0#5|0#6|0#7|0#8|0#9|0#10|0#11|0#12|0
28|124,0,0,0,0,0,0,0,0,0,0,0,0,0,0,0,0,,,,
92|144,0,0,0,0,0,0,0,0,0,0,0,0,0,0,0,0,,,,
31|64,0,0,0,0,0,0,0,0,0,0,0,0,0,0,0,0,,,,
24|95,0,0,0,0,0,0,0,0,0,0,0,0,0,0,0,0,,,,
104|121,0,0,0,0,0,0,0,0,0,0,0,2,0,0,0,0,,,,
6|134,0,0,0,0,0,0,0,0,0,0,0,0,0,0,0,0,,,,
104|81,1,0,0,0,0,1,0,1,0,0,0,0,0,0,0,0,0|0#1|0#2|0#3|0#4|0#5|0#6|0#7|0#8|0#9|0#10|0#11|0#12|0,,0|0#1|0#2|0#3|0#4|0#5|0#6|0#7|0#8|0#9|0#10|0#11|0#12|0,
