7|129,0,0,0,0,0,0,0,0,0,0,0,0,0,0,0,0,,,,
62|95,11,4,107,2,4,5,6,7,8,1,14,2,3,0,0,0,0|0#1|0#2|0#3|0#4|0#5|0#6|0#7|0#8|0#9|0#10|0#11|0#12|0,0|0#1|0#2|0#3|0#4|0#5|0#6|0#7|0#8|0#9|0#10|0#11|0#12|0,0|0#1|0#2|0#3|0#4|0#5|0#6|0#7|0#8|0#9|0#10|0#11|0#12|0,0|0#1|0#2|0#3|0#4|0#5|0#6|0#7|0#8|0#9|0#10|0#11|0#12|0
114|76,1,0,0,0,0,0,0,0,1,0,0,0,1,0,0,0,0|0#1|0#2|0#3|0#4|0#5|0#6|0#7|0#8|0#9|1#10|0#11|1#12|0,0|0#1|0#2|0#3|0#4|0#5|0#6|0#7|0#8|0#9|0#10|0#11|0#12|0,0|0#1|0#2|0#3|0#4|0#5|1#6|0#7|0#8|0#9|0#10|0#11|0#12|0,0|0#1|0#2|0#3|0#4|0#5|0#6|0#7|0#8|0#9|0#10|0#11|0#12|0
130|124,0,0,0,0,0,0,0,0,0,0,0,0,0,0,0,0,,,,
29|119,0,0,0,0,0,0,0,0,0,0,0,0,0,0,0,0,,,,
93|139,0,0,0,0,0,0,0,0,0,0,0,0,0,0,0,0,,,,
2|74,0,0,0,0,0,0,0,0,0,0,0,0,0,0,0,0,,,,
152|98,0,0,0,0,0,0,0,0,0,0,0,0,0,0,0,0,,,,
6|112,0,0,0,0,0,0,0,0,0,0,0,0,0,0,0,0,,,,
15|115,0,0,0,0,0,0,0,0,0,0,0,0,0,0,0,0,,,,
67|114,0,0,0,0,0,0,0,0,0,0,0,0,0,0,0,0,,,,
140|56,0,0,0,0,0,0,0,0,0,0,0,0,0,0,0,0,,,,
133|87,0,0,0,0,0,0,0,0,0,0,0,0,0,0,0,0,0|0#1|0#2|0#3|0#4|0#5|0#6|0#7|0#8|0#9|0#10|0#11|0#12|0,,0|0#1|0#2|0#3|0#4|0#5|0#6|0#7|0#8|0#9|0#10|0#11|0#12|0,
24|73,0,0,0,0,0,0,0,0,0,0,0,0,0,0,0,0,,,,
28|102,0,0,0,0,0,0,0,0,0,0,0,0,0,0,0,0,,,,
142|81,0,0,0,0,0,0,0,0,0,0,0,0,0,0,0,0,,,,
118|103,0,0,0,0,0,0,0,0,0,0,0,2,0,0,0,0,,,,
121|45,0,0,0,0,0,0,0,0,0,0,0,0,0,0,0,0,,,,
40|123,0,0,0,0,0,0,0,0,0,0,0,0,0,0,0,0,,,,
15|79,0,0,0,0,0,0,0,0,0,0,0,0,0,0,0,0,,,,
143|111,0,0,0,0,0,0,0,0,0,0,0,0,0,0,0,0,,,,
31|42,0,0,0,0,0,0,0,0,0,0,0,0,0,0,0,0,,,,
53|110,0,0,0,0,0,0,0,0,0,0,0,0,0,0,0,0,,,,
102|34,0,0,0,0,0,0,0,0,0,0,0,0,0,0,0,0,,,,
54|127,0,0,0,0,0,0,0,0,0,0,0,0,0,0,0,0,,,,
144|128,0,0,0,0,0,0,0,0,0,0,0,0,0,0,0,0,,,,
0|49,0,0,0,0,0,0,0,0,0,0,0,0,0,0,0,0,,,,
22|48,0,0,0,0,0,0,0,0,0,0,0,0,0,0,0,0,,,,
43|84,0,0,0,0,0,0,0,0,0,0,0,0,0,0,0,0,,,,
92|122,0,0,0,0,0,0,0,0,0,0,0,0,0,0,0,0,,,,
105|116,0,0,0,0,0,0,0,0,0,0,0,1,0,0,0,0,,,,
30|4,0,0,0,0,0,0,0,0,0,0,0,0,0,0,0,0,,,,
41|59,0,0,0,0,0,0,0,0,0,0,0,0,0,0,0,0,,,,
50|53,0,0,0,0,0,0,0,0,0,0,0,20,0,0,0,0,,,,
123|70,0,0,0,0,0,0,0,0,0,0,0,0,0,0,0,0,,,,
12|31,0,0,0,0,0,0,0,0,0,0,0,0,0,0,0,0,,,,
