10|106,0,0,0,0,0,0,0,0,0,0,0,0,0,0,0,0,,,,
79|43,0,0,0,0,0,0,0,0,0,0,0,0,0,0,0,0,0|0#1|0#2|0#3|0#4|0#5|0#6|0#7|0#8|0#9|0#10|0#11|0#12|0,0|0#1|0#2|0#3|0#4|0#5|0#6|0#7|0#8|0#9|0#10|0#11|0#12|0,0|0#1|0#2|0#3|0#4|0#5|0#6|0#7|0#8|0#9|0#10|0#11|0#12|0,0|0#1|0#2|0#3|0#4|0#5|0#6|0#7|0#8|0#9|0#10|0#11|0#12|0
152|106,0,0,0,0,0,0,0,0,0,0,0,0,0,0,0,0,,,,
21|80,0,0,0,0,0,0,0,0,0,0,0,0,0,0,0,0,,,,
102|89,5,0,53,1,5,6,3,5,9,0,10,0,19,0,0,0,,,,
130|94,0,0,0,0,0,0,0,0,0,0,0,0,0,0,0,0,,,,
27|140,0,0,0,0,0,0,0,0,0,0,0,0,0,0,0,0,,,,
40|91,0,0,0,0,0,0,0,0,0,0,0,0,0,0,0,0,,,,
96|29,0,0,0,0,0,0,0,1,0,0,0,0,2,0,0,0,0|0#1|0#2|0#3|0#4|0#5|0#6|0#7|0#8|0#9|0#10|0#11|0#12|0,0|0#1|0#2|0#3|0#4|0#5|0#6|0#7|0#8|0#9|0#10|0#11|0#12|0,0|0#1|0#2|0#3|0#4|0#5|0#6|0#7|0#8|0#9|0#10|0#11|0#12|0,0|0#1|0#2|0#3|0#4|0#5|0#6|0#7|0#8|0#9|0#10|0#11|0#12|0
77|18,0,0,0,0,0,0,0,0,0,0,0,0,0,0,0,0,,,,
98|54,34,19,23,0,27,6,0,3,1,47,10,263,12,4,0,0,0|0#1|0#2|0#3|4#4|4#5|4#6|4#7|4#8|4#9|4#10|4#11|4#12|0,0|0#1|0#2|0#3|2#4|4#5|4#6|4#7|4#8|4#9|4#10|4#11|4#12|0,0|0#1|0#2|0#3|4#4|4#5|4#6|4#7|4#8|4#9|4#10|4#11|4#12|0,0|0#1|0#2|0#3|4#4|4#5|4#6|4#7|4#8|4#9|4#10|4#11|4#12|0
31|97,0,0,0,0,0,0,0,0,0,0,0,0,0,0,0,0,,,,
111|83,0,0,0,0,0,0,0,0,0,0,0,0,0,0,0,0,,0|0#1|0#2|0#3|0#4|0#5|0#6|0#7|0#8|0#9|0#10|0#11|0#12|0,,0|0#1|0#2|0#3|0#4|0#5|0#6|0#7|0#8|0#9|0#10|0#11|0#12|0
139|7,0,0,0,0,0,0,0,0,0,0,0,0,0,0,0,0,,,,
35|0,0,0,0,0,0,0,0,0,0,0,0,0,0,0,0,0,,,,
86|12,0,0,0,0,0,0,0,0,0,0,0,0,0,0,0,0,,,,
12|86,0,0,0,0,0,0,0,0,0,0,0,0,0,0,0,0,,,,
1|103,0,0,0,0,0,0,0,0,0,0,0,0,0,0,0,0,,,,
117|141,0,0,0,0,0,0,0,0,0,0,0,0,0,0,0,0,,,,
62|105,39,20,46,1,0,3,3,9,3,0,17,10,1,0,0,0,,,,
100|107,0,0,0,0,0,0,0,0,0,0,0,0,0,0,0,0,,,,
76|109,0,1,0,0,0,0,0,1,1,0,1,0,0,0,0,0,,,,
