129|146,0,0,0,0,0,0,0,0,0,0,0,0,0,0,0,0,,,,
85|24,0,0,0,0,0,0,0,0,0,0,0,0,0,0,0,0,,,,
110|95,0,0,0,0,0,0,0,0,2,0,0,0,0,0,0,0,,,0|0#1|0#2|0#3|0#4|0#5|0#6|0#7|0#8|0#9|0#10|0#11|0#12|0,
66|13,0,0,0,0,0,0,0,0,0,0,0,0,0,0,0,0,,,,
11|98,0,0,0,0,0,0,0,0,0,0,0,0,0,0,0,0,,,,
39|145,0,0,0,0,0,0,0,0,0,0,0,0,0,0,0,0,,,,
59|44,0,0,0,0,0,0,0,0,2,0,0,0,0,0,0,0,,,,
77|140,0,0,0,0,0,0,0,0,0,0,0,0,0,0,0,0,,,,
139|30,0,0,0,0,0,0,0,0,0,0,0,0,0,0,0,0,,,,
149|47,0,0,0,0,0,0,0,0,0,0,0,0,0,0,0,0,,,,
25|141,0,0,0,0,0,0,0,0,0,0,0,0,0,0,0,0,,,,
99|91,0,0,0,0,0,0,0,0,0,0,0,0,0,0,0,0,,,,
60|106,0,0,1,0,0,0,0,0,0,0,0,1,0,0,0,0,,,,
20|92,0,0,0,0,0,0,0,0,0,0,0,0,0,0,0,0,,,,
115|142,0,0,0,0,0,0,0,0,1,0,0,0,0,0,0,0,,,,
97|66,260,60,545,12,44,44,19,52,54,50,168,277,46,3,0,0,0|0#1|0#2|0#3|4#4|4#5|4#6|4#7|4#8|4#9|4#10|4#11|4#12|0,0|0#1|0#2|0#3|4#4|4#5|4#6|4#7|4#8|4#9|4#10|4#11|4#12|0,0|0#1|0#2|0#3|4#4|4#5|4#6|4#7|4#8|4#9|4#10|4#11|4#12|0,0|0#1|0#2|0#3|4#4|4#5|4#6|4#7|4#8|4#9|4#10|4#11|4#12|0
78|55,0,0,0,0,0,0,0,0,0,0,0,0,0,0,0,0,0|0#1|0#2|0#3|0#4|0#5|0#6|0#7|0#8|0#9|0#10|0#11|0#12|0,0|0#1|0#2|0#3|0#4|0#5|0#6|0#7|0#8|0#9|0#10|0#11|0#12|0,0|0#1|0#2|0#3|0#4|0#5|0#6|0#7|0#8|0#9|0#10|0#11|0#12|0,0|0#1|0#2|0#3|0#4|0#5|0#6|0#7|0#8|0#9|0#10|0#11|0#12|0
150|107,0,0,0,0,0,0,0,0,0,0,0,0,0,0,0,0,,,,
57|19,41,11,89,2,8,8,2,8,9,1,31,7,44,0,2,0,,,,
