14|24,0,0,0,0,0,0,0,0,0,0,0,0,0,0,0,0,,,,
90|68,21,3,2,3,0,1,5,2,0,0,0,5,2,0,0,0,0|0#1|0#2|0#3|4#4|3#5|3#6|3#7|3#8|3#9|4#10|3#11|3#12|0,0|0#1|0#2|0#3|3#4|3#5|2#6|2#7|2#8|2#9|2#10|2#11|2#12|0,0|0#1|0#2|0#3|4#4|3#5|3#6|3#7|3#8|4#9|4#10|3#11|3#12|0,0|0#1|0#2|0#3|3#4|2#5|2#6|2#7|2#8|2#9|2#10|2#11|2#12|0
95|120,0,0,0,0,0,0,0,0,0,0,0,0,0,0,0,0,,,,
146|6,0,0,0,0,0,0,0,0,0,0,0,0,0,0,0,0,,,,
133|122,0,0,0,0,0,0,0,0,0,0,0,1,0,0,0,0,,,,
35|60,0,0,0,0,0,0,0,0,0,0,0,0,0,0,0,0,,,,
33|35,0,0,0,0,0,0,0,0,0,0,0,0,0,0,0,0,,,,
108|114,8,4,24,12,0,4,1,1,5,0,4,9,5,0,0,0,,,,
18|113,0,0,0,0,0,0,0,0,0,0,0,0,0,0,0,0,,,,
132|32,0,0,0,0,0,0,0,0,0,0,0,0,0,0,0,0,,,,
4|67,0,0,0,0,0,0,0,0,0,0,0,0,0,0,0,0,,,,
45|77,0,0,0,0,0,0,0,0,0,0,0,0,0,0,0,0,,,,
142|49,0,0,0,0,1,2,2,0,6,0,2,0,2,0,0,0,,,,
19|97,0,0,0,0,0,0,0,0,0,0,0,0,0,0,0,0,,,,
147|126,0,0,0,0,0,0,0,0,0,0,0,0,0,0,0,0,,,,
57|125,0,0,0,0,0,0,0,0,0,0,0,0,0,0,0,0,,,,
64|88,0,0,0,0,0,0,0,0,0,0,0,0,0,0,0,0,0|0#1|0#2|0#3|0#4|0#5|0#6|0#7|0#8|0#9|0#10|0#11|0#12|0,0|0#1|0#2|0#3|0#4|0#5|0#6|0#7|0#8|0#9|0#10|0#11|0#12|0,,
83|99,0,0,0,0,0,0,0,0,0,0,0,0,0,0,0,0,,,,
92|93,0,0,0,0,0,1,0,0,0,0,0,4,0,0,0,0,,,,
125|63,0,0,0,1,0,0,0,0,0,0,0,0,0,0,0,0,0|0#1|0#2|0#3|0#4|0#5|0#6|0#7|0#8|0#9|0#10|0#11|0#12|0,,0|0#1|0#2|0#3|0#4|0#5|0#6|0#7|0#8|0#9|0#10|0#11|0#12|0,
6|92,0,0,0,0,0,0,0,0,0,0,0,0,0,0,0,0,,,,
54|71,0,0,0,0,0,0,0,0,0,0,0,4,0,0,0,0,0|0#1|0#2|0#3|0#4|0#5|0#6|0#7|0#8|0#9|0#10|0#11|0#12|0,0|0#1|0#2|0#3|0#4|0#5|0#6|0#7|0#8|0#9|0#10|0#11|0#12|0,0|0#1|0#2|0#3|0#4|0#5|0#6|0#7|0#8|0#9|0#10|0#11|0#12|0,0|0#1|0#2|0#3|0#4|0#5|0#6|0#7|0#8|0#9|0#10|0#11|0#12|0
30|134,0,0,0,0,0,0,0,0,0,0,0,0,0,0,0,0,,,,
118|94,9,1,22,1,4,1,2,3,1,0,3,15,0,0,0,0,0|0#1|0#2|0#3|0#4|0#5|0#6|0#7|0#8|0#9|0#10|0#11|0#12|0,0|0#1|0#2|0#3|0#4|0#5|0#6|0#7|0#8|0#9|0#10|0#11|0#12|0,0|0#1|0#2|0#3|0#4|0#5|0#6|0#7|0#8|0#9|0#10|0#11|0#12|0,0|0#1|0#2|0#3|0#4|0#5|0#6|0#7|0#8|0#9|0#10|0#11|0#12|0
61|40,0,0,0,0,0,0,0,0,0,0,0,0,0,0,0,0,,,,
116|69,0,0,0,0,0,0,0,0,0,0,0,0,0,0,0,0,0|0#1|0#2|0#3|0#4|0#5|0#6|0#7|0#8|0#9|0#10|0#11|0#12|0,,0|0#1|0#2|0#3|0#4|0#5|0#6|0#7|0#8|0#9|0#10|0#11|0#12|0,0|0#1|0#2|0#3|0#4|0#5|0#6|0#7|0#8|0#9|0#10|0#11|0#12|0
16|1,0,0,0,0,0,0,0,0,0,0,0,0,0,0,0,0,,,,
9|110,0,0,0,0,0,0,0,0,0,0,0,0,0,0,0,0,,,,
104|27,0,0,0,0,0,0,0,0,0,0,0,0,0,0,0,0,,,,
82|133,0,0,0,0,0,0,0,0,0,0,0,0,0,0,0,0,,,,
106|52,22,4,82,8,1,8,2,7,1,0,14,4,0,0,0,0,0|0#1|0#2|0#3|0#4|0#5|1#6|0#7|0#8|0#9|0#10|0#11|0#12|0,0|0#1|0#2|0#3|0#4|0#5|0#6|0#7|0#8|0#9|0#10|0#11|0#12|0,0|0#1|0#2|0#3|0#4|1#5|0#6|0#7|0#8|0#9|0#10|0#11|0#12|0,0|0#1|0#2|0#3|0#4|0#5|0#6|0#7|0#8|0#9|0#10|0#11|0#12|0
52|46,0,0,0,0,0,1,0,0,0,0,0,0,0,0,0,0,,,,
73|82,0,0,0,0,0,0,0,0,1,0,0,0,0,0,0,0,,,,
80|51,0,0,0,1,0,1,0,1,1,0,1,1,0,0,1,0,0|0#1|0#2|0#3|0#4|0#5|0#6|0#7|0#8|0#9|0#10|0#11|0#12|0,,0|0#1|0#2|0#3|0#4|0#5|0#6|0#7|0#8|0#9|0#10|0#11|0#12|0,
26|66,0,0,0,0,0,0,0,0,0,0,0,0,0,0,0,0,,,,
134|139,0,0,0,0,0,0,0,0,0,0,0,0,0,0,0,0,,,,
71|57,0,0,0,0,0,0,0,0,0,0,0,0,0,0,0,0,,,,
44|138,0,0,0,0,0,0,0,0,0,0,0,0,0,0,0,0,,,,
43|121,0,0,0,0,0,0,0,0,0,0,0,0,0,0,0,0,,,,
144|74,0,0,0,0,0,0,0,0,0,0,0,0,0,0,0,0,,,,
113|21,0,0,0,0,0,0,0,0,0,0,0,0,0,0,0,0,,,,
120|135,0,0,0,0,0,0,0,0,0,0,0,2,0,0,0,0,,,,
123|38,0,0,0,0,0,0,0,0,0,0,0,0,0,0,0,0,,,,
96|137,0,0,0,0,0,0,0,0,0,0,0,0,0,0,0,0,,,,
151|43,0,0,0,0,0,0,0,0,0,0,0,0,0,0,0,0,,,,
28|91,0,0,0,0,0,0,0,0,0,0,0,0,0,0,0,0,,,,
