60|75,0,0,0,0,0,0,0,0,0,0,0,0,0,0,0,0,,,,
105|87,0,0,0,0,0,0,0,0,0,0,0,0,0,0,0,0,,,0|0#1|0#2|0#3|0#4|0#5|0#6|0#7|0#8|0#9|0#10|0#11|0#12|0,
68|136,0,0,0,0,0,0,0,0,0,0,0,0,0,0,0,0,,,,
12|9,0,0,0,0,0,0,0,0,0,0,0,0,0,0,0,0,,,,
144|133,0,0,0,0,0,0,0,0,0,0,1,0,0,0,0,0,,,,
39|0,0,0,0,0,0,0,0,0,0,0,0,0,0,0,0,0,,,,
131|67,0,0,0,0,0,0,0,0,0,0,0,0,0,0,0,0,0|0#1|0#2|0#3|0#4|0#5|0#6|0#7|0#8|0#9|0#10|0#11|0#12|0,,0|0#1|0#2|0#3|0#4|0#5|0#6|0#7|0#8|0#9|0#10|0#11|0#12|0,
20|28,0,0,0,0,0,0,0,0,0,0,0,0,0,0,0,0,,,,
13|59,0,0,0,0,0,0,0,2,0,0,0,0,0,0,0,0,,,,
93|144,0,0,0,0,0,0,0,0,0,0,0,0,0,0,0,0,,,,
119|125,0,0,0,0,0,0,0,0,0,0,0,0,0,0,0,0,,,,
54|132,0,0,0,0,0,0,0,0,0,0,0,0,0,0,0,0,,,,
41|64,0,0,0,0,0,0,0,0,0,0,0,0,0,0,0,0,,,,
131|146,0,0,0,0,0,0,0,0,0,0,0,0,0,0,0,0,,,,
99|27,0,0,0,0,0,0,0,0,0,0,0,0,0,0,0,0,0|0#1|0#2|0#3|0#4|0#5|0#6|0#7|0#8|0#9|0#10|0#11|0#12|0,,0|0#1|0#2|0#3|0#4|0#5|0#6|0#7|0#8|0#9|0#10|0#11|0#12|0,
140|61,0,0,0,0,0,0,0,0,0,0,0,0,0,0,0,0,,,,
100|14,0,0,0,0,0,0,0,0,0,0,0,0,0,0,0,0,,,,
105|121,0,0,0,0,0,0,0,0,0,0,0,0,0,0,0,0,,,,
7|134,0,0,0,0,0,0,0,0,0,0,0,0,0,0,0,0,,,,
10|11,0,0,0,0,0,0,0,0,0,0,0,0,0,0,0,0,,,,
34|95,0,0,0,0,0,0,0,0,0,0,0,0,0,0,0,0,,,,
15|120,0,0,0,0,0,0,0,0,0,0,0,0,0,0,0,0,,,,
114|81,0,0,0,0,0,0,0,0,0,0,0,11,0,0,0,0,,,0|0#1|0#2|0#3|0#4|0#5|0#6|0#7|0#8|0#9|0#10|0#11|0#12|0,
112|56,0,0,1,0,0,0,0,0,0,0,0,3,1,0,0,0,0|0#1|0#2|0#3|0#4|0#5|0#6|0#7|0#8|0#9|0#10|0#11|0#12|0,,0|0#1|0#2|0#3|0#4|0#5|0#6|0#7|0#8|0#9|0#10|0#11|0#12|0,
89|10,0,0,0,0,0,0,0,0,0,0,0,0,0,0,0,0,,,,
29|124,0,0,0,0,0,0,0,0,0,0,0,0,0,0,0,0,,,,
121|50,1,0,0,0,0,1,2,26,0,0,0,1,1,0,0,0,,,,
22|53,0,1,0,0,0,0,0,1,0,0,0,0,0,0,0,0,,,,
0|54,0,0,0,0,0,0,0,0,0,0,0,0,0,0,0,0,,,,
150|78,0,0,0,0,0,0,0,0,0,0,0,0,0,0,0,0,,,,
41|145,0,0,0,0,0,0,0,0,0,0,0,0,0,0,0,0,,,,
15|84,0,0,0,0,0,0,0,0,0,0,0,0,0,0,0,0,,,,
16|137,0,0,0,0,0,0,0,0,0,0,0,0,0,0,0,0,,,,
106|138,0,0,0,0,0,0,0,0,0,0,0,0,0,0,0,0,,,,
124|98,0,0,0,0,0,0,0,0,0,0,0,0,0,0,0,0,,0|0#1|0#2|0#3|0#4|0#5|0#6|0#7|0#8|0#9|0#10|0#11|0#12|0,0|0#1|0#2|0#3|0#4|0#5|0#6|0#7|0#8|0#9|0#10|0#11|0#12|0,
133|92,5,1,24,0,2,4,1,3,6,0,4,0,1,0,0,0,,,,
