54|144,0,0,0,0,0,0,0,0,0,0,0,0,0,0,0,0,,,,
7|146,0,0,0,0,0,0,0,0,0,0,0,0,0,0,0,0,,,,
60|87,0,0,0,0,0,0,0,0,0,0,0,0,0,0,0,0,,,,0|0#1|0#2|0#3|0#4|0#5|0#6|0#7|0#8|0#9|0#10|0#11|0#12|0
89|22,0,0,0,0,0,0,0,0,0,0,0,0,0,0,0,0,,,,
15|132,0,0,0,0,0,0,0,0,0,0,0,0,0,0,0,0,,,,
130|141,0,0,0,0,0,0,0,0,0,0,0,0,0,0,0,0,,,,
119|137,0,0,0,0,0,0,0,1,1,0,1,0,0,0,0,0,,,,
24|90,0,0,0,0,0,0,0,0,0,0,0,0,0,0,0,0,,,,
50|70,0,0,0,0,0,0,0,0,0,0,0,0,0,0,0,0,,,,
118|120,0,0,0,0,0,0,0,0,0,0,0,0,0,0,0,0,,,,
40|140,0,0,0,0,0,0,0,0,0,0,0,0,0,0,0,0,,,,
112|68,0,0,2,0,0,0,0,1,0,0,1,3,1,0,0,0,,,,0|0#1|0#2|0#3|0#4|0#5|0#6|0#7|0#8|0#9|0#10|0#11|0#12|0
0|66,0,0,0,0,0,0,0,0,0,0,0,0,0,0,0,0,,,,
105|133,0,0,0,0,0,0,0,0,0,0,0,0,0,0,0,0,,,,
2|91,0,0,0,0,0,0,0,0,0,0,0,0,0,0,0,0,,,,
140|73,0,0,0,0,0,0,0,0,0,0,0,0,0,0,0,0,,,,0|0#1|0#2|0#3|0#4|0#5|0#6|0#7|0#8|0#9|0#10|0#11|0#12|0
22|65,0,0,0,0,0,0,0,0,0,0,0,0,0,0,0,0,,,,
10|23,0,0,0,0,0,0,0,0,0,0,0,0,0,0,0,0,,,,
73|8,0,0,0,0,0,0,0,0,0,0,0,0,0,0,0,0,,,,
102|51,53,17,102,14,13,8,4,13,5,2,55,8,6,0,0,0,0|0#1|0#2|0#3|2#4|2#5|1#6|0#7|0#8|1#9|1#10|1#11|0#12|0,0|0#1|0#2|0#3|2#4|1#5|0#6|0#7|0#8|0#9|0#10|0#11|0#12|0,0|0#1|0#2|0#3|2#4|1#5|0#6|1#7|0#8|2#9|0#10|1#11|1#12|0,0|0#1|0#2|0#3|1#4|1#5|0#6|0#7|0#8|0#9|0#10|0#11|0#12|0
15|96,0,0,0,0,0,0,0,0,0,0,0,0,0,0,0,0,,,,
105|99,0,0,0,0,0,0,0,0,0,0,0,0,0,0,0,0,,,,
114|93,0,0,0,0,0,0,0,0,0,0,0,0,0,0,0,0,,,,
132|3,0,0,0,0,0,0,0,0,0,0,0,0,0,0,0,0,,,,
144|145,0,0,0,0,0,0,0,0,0,0,0,0,0,0,0,0,,,,
131|79,0,0,0,0,0,0,0,0,0,0,0,0,0,0,0,0,0|0#1|0#2|0#3|0#4|0#5|0#6|0#7|0#8|0#9|0#10|0#11|0#12|0,,,
121|62,0,0,0,0,0,0,0,0,0,0,0,0,0,0,0,0,,,,
106|5,0,0,0,0,0,0,0,0,0,0,0,0,0,0,0,0,,,,
67|131,0,0,0,0,0,0,0,0,0,0,0,0,0,0,0,0,,,,
99|39,0,0,0,0,0,0,0,0,0,0,0,0,0,0,0,0,0|0#1|0#2|0#3|0#4|0#5|0#6|0#7|0#8|0#9|0#10|0#11|0#12|0,0|0#1|0#2|0#3|0#4|0#5|0#6|0#7|0#8|0#9|0#10|0#11|0#12|0,0|0#1|0#2|0#3|0#4|0#5|0#6|0#7|0#8|0#9|0#10|0#11|0#12|0,
6|9,0,0,0,0,0,0,0,0,0,0,0,0,0,0,0,0,,,,
29|136,0,0,0,0,0,0,0,0,0,0,0,0,0,0,0,0,,,,
41|76,0,0,0,0,0,0,0,0,0,0,0,0,0,0,0,0,,,,
100|26,0,0,0,0,0,0,0,0,0,0,0,0,0,0,0,0,,0|0#1|0#2|0#3|0#4|0#5|0#6|0#7|0#8|0#9|0#10|0#11|0#12|0,,0|0#1|0#2|0#3|0#4|0#5|0#6|0#7|0#8|0#9|0#10|0#11|0#12|0
