17|115,0,0,0,0,0,0,0,0,0,0,0,0,0,0,0,0,,,,
103|23,0,0,0,0,0,0,0,0,0,0,0,0,0,0,0,0,0|0#1|0#2|0#3|0#4|0#5|0#6|0#7|0#8|0#9|0#10|0#11|0#12|0,,0|0#1|0#2|0#3|0#4|0#5|0#6|0#7|0#8|0#9|0#10|0#11|0#12|0,
8|112,0,0,0,0,0,0,0,0,0,0,0,0,0,0,0,0,,,,
82|95,0,0,0,0,0,1,0,0,0,0,0,0,0,0,0,0,0|0#1|0#2|0#3|0#4|0#5|0#6|0#7|0#8|0#9|0#10|0#11|0#12|0,,,
95|139,0,0,0,0,0,0,0,0,0,0,0,0,0,0,0,0,,,,
18|93,0,0,0,0,0,0,0,0,0,0,0,0,0,0,0,0,,,,
16|68,0,0,0,0,0,0,0,0,0,0,0,0,0,0,0,0,,,,
145|111,0,0,0,0,0,0,0,0,0,0,0,0,0,0,0,0,,,,
9|129,0,0,0,0,0,0,0,0,0,0,0,0,0,0,0,0,,,,
55|110,0,0,0,0,0,0,0,0,0,0,0,0,0,0,0,0,,,,
56|127,0,0,0,0,0,0,0,0,0,0,0,0,0,0,0,0,,,,
51|42,0,0,0,0,0,0,0,0,0,0,0,0,0,0,0,0,,,,
94|122,0,0,0,0,0,0,0,0,0,0,0,0,0,0,0,0,,,,
81|135,0,0,0,0,0,0,0,0,0,0,0,0,0,0,0,0,,,,
63|84,0,0,0,0,0,0,0,0,0,0,0,0,0,0,0,0,,,,
44|73,0,0,0,0,0,0,1,1,0,0,0,2,2,0,0,0,,,,
146|128,0,0,0,0,0,0,0,0,0,0,0,0,0,0,0,0,,,,
32|31,0,0,0,0,0,0,0,0,0,0,0,0,0,0,0,0,,,,
42|48,0,0,0,0,0,0,0,0,0,0,0,0,0,0,0,0,,,,
107|116,16,7,109,7,1,3,1,0,4,1,4,11,5,0,0,0,,,,
1|38,0,0,0,0,0,0,0,0,0,0,0,0,0,0,0,0,,,,
13|20,0,0,0,0,0,0,0,0,0,0,0,0,0,0,0,0,,,,
77|7,0,0,0,0,0,0,0,0,0,0,0,0,0,0,0,0,,,,
115|65,0,0,1,0,0,0,0,3,0,0,0,2,0,0,0,0,0|0#1|0#2|0#3|0#4|0#5|0#6|0#7|0#8|0#9|0#10|0#11|0#12|0,,0|0#1|0#2|0#3|0#4|0#5|0#6|0#7|0#8|0#9|0#10|0#11|0#12|0,
25|62,0,0,0,0,0,0,0,0,0,0,0,0,0,0,0,0,,,,
141|45,2,2,0,1,0,0,0,1,0,0,0,0,0,0,0,0,,,,
122|34,0,0,0,0,0,0,0,0,0,0,0,0,0,0,0,0,,,,
23|37,0,0,0,0,0,0,0,0,0,0,0,0,0,0,0,0,,,,
132|124,0,0,0,0,0,0,0,0,0,0,0,0,0,0,0,0,,,,
69|114,0,1,0,0,0,0,0,0,0,0,0,0,1,0,0,0,,,,
134|76,0,0,0,0,0,0,0,0,0,0,0,0,0,0,0,0,,,,
35|79,0,0,0,0,0,0,0,0,0,0,0,0,0,0,0,0,,,,
42|123,0,0,0,0,0,0,0,0,0,0,0,0,0,0,0,0,,,,
136|2,0,0,0,0,0,0,0,0,0,0,0,0,0,0,0,0,,,,
61|59,152,54,693,8,31,26,25,61,41,29,170,18,45,1,0,0,0|0#1|0#2|0#3|0#4|0#5|0#6|0#7|0#8|0#9|0#10|0#11|0#12|0,0|0#1|0#2|0#3|0#4|0#5|0#6|0#7|0#8|0#9|0#10|0#11|0#12|0,0|0#1|0#2|0#3|0#4|0#5|0#6|0#7|0#8|0#9|0#10|0#11|0#12|0,0|0#1|0#2|0#3|0#4|0#5|0#6|0#7|0#8|0#9|0#10|0#11|0#12|0
3|63,0,0,0,0,0,0,0,0,0,0,0,0,0,0,0,0,,,,
108|96,0,0,0,0,0,0,0,0,0,0,0,0,0,0,0,0,,,,
143|70,3,0,1,0,0,0,0,0,0,0,0,2,2,0,0,0,0|0#1|0#2|0#3|0#4|0#5|0#6|0#7|0#8|0#9|0#10|0#11|0#12|0,,0|0#1|0#2|0#3|0#4|0#5|0#6|0#7|0#8|0#9|0#10|0#11|0#12|0,
70|53,0,0,0,0,0,0,0,0,0,0,0,0,0,0,0,0,0|0#1|0#2|0#3|0#4|0#5|0#6|0#7|0#8|0#9|0#10|0#11|0#12|0,,0|0#1|0#2|0#3|0#4|0#5|0#6|0#7|0#8|0#9|0#10|0#11|0#12|0,
117|90,2,0,1,0,0,0,0,0,0,0,0,0,0,0,0,0,0|0#1|0#2|0#3|0#4|0#5|0#6|0#7|0#8|0#9|0#10|0#11|0#12|0,0|0#1|0#2|0#3|0#4|0#5|0#6|0#7|0#8|0#9|0#10|0#11|0#12|0,0|0#1|0#2|0#3|0#4|0#5|0#6|0#7|0#8|0#9|0#10|0#11|0#12|0,0|0#1|0#2|0#3|0#4|0#5|0#6|0#7|0#8|0#9|0#10|0#11|0#12|0
