11|35,0,0,0,0,0,0,0,0,0,0,0,0,0,0,0,0,,,,
141|104,0,0,0,0,0,0,0,0,0,0,0,0,0,0,0,0,,,,
13|108,0,0,0,0,0,0,0,0,0,0,0,0,0,0,0,0,,,,
32|71,0,0,0,0,0,0,0,0,0,0,0,0,0,0,0,0,,,,
23|77,0,0,0,0,0,0,0,0,0,0,0,0,0,0,0,0,,,,
110|32,0,0,0,0,0,0,0,0,0,0,0,0,0,0,0,0,,,,
122|74,0,0,0,0,0,0,0,0,0,0,0,0,0,0,0,0,,0|0#1|0#2|0#3|0#4|0#5|0#6|0#7|0#8|0#9|0#10|0#11|0#12|0,,
103|63,123,36,433,5,18,28,28,31,18,16,141,14,22,2,0,0,0|0#1|0#2|0#3|4#4|4#5|4#6|4#7|4#8|4#9|4#10|4#11|4#12|0,0|0#1|0#2|0#3|4#4|4#5|4#6|4#7|4#8|4#9|4#10|4#11|4#12|0,0|0#1|0#2|0#3|4#4|4#5|4#6|4#7|4#8|4#9|4#10|4#11|4#12|0,0|0#1|0#2|0#3|4#4|4#5|4#6|4#7|4#8|4#9|4#10|4#11|4#12|0
4|105,0,0,0,0,0,0,0,0,0,0,0,0,0,0,0,0,,,,
141|85,0,0,0,0,0,0,0,0,0,0,0,0,0,0,0,0,,,,
13|60,0,0,0,0,0,0,0,0,0,0,0,0,0,0,0,0,,,,
90|115,0,0,0,0,0,0,0,0,0,0,0,0,0,0,0,0,,,,
120|49,0,0,0,0,0,0,0,0,0,0,0,0,0,0,0,0,,,,
51|82,2,2,0,0,0,0,0,2,0,1,0,0,0,0,0,0,,,,
61|99,1,0,2,0,0,0,0,10,0,0,0,0,3,0,0,0,,,,
70|93,0,0,0,0,0,0,0,0,0,0,0,0,0,0,0,0,,0|0#1|0#2|0#3|0#4|0#5|0#6|0#7|0#8|0#9|0#10|0#11|0#12|0,,0|0#1|0#2|0#3|0#4|0#5|0#6|0#7|0#8|0#9|0#10|0#11|0#12|0
20|8,0,0,0,0,0,0,0,0,0,0,0,0,0,0,0,0,,,,
30|46,0,0,0,0,0,0,0,0,0,0,0,0,0,0,0,0,,,,
1|78,0,0,0,0,0,0,0,0,0,0,0,0,0,0,0,0,,,,
51|103,0,0,0,0,0,0,0,0,0,0,0,0,2,0,0,0,,0|0#1|0#2|0#3|0#4|0#5|0#6|0#7|0#8|0#9|0#10|0#11|0#12|0,,0|0#1|0#2|0#3|0#4|0#5|0#6|0#7|0#8|0#9|0#10|0#11|0#12|0
103|109,0,0,0,0,0,0,0,0,0,0,0,0,0,0,0,0,,,,
65|107,0,0,0,0,0,0,0,0,0,0,0,0,0,0,0,0,,,,
42|88,0,0,0,0,0,0,0,0,0,0,0,0,0,0,0,0,,,,
101|38,0,0,0,0,0,0,0,0,0,0,0,0,0,0,0,0,0|0#1|0#2|0#3|0#4|0#5|0#6|0#7|0#8|0#9|0#10|0#11|0#12|0,0|0#1|0#2|0#3|0#4|0#5|0#6|0#7|0#8|0#9|0#10|0#11|0#12|0,0|0#1|0#2|0#3|0#4|0#5|0#6|0#7|0#8|0#9|0#10|0#11|0#12|0,0|0#1|0#2|0#3|0#4|0#5|0#6|0#7|0#8|0#9|0#10|0#11|0#12|0
