57|10,0,0,0,0,0,0,0,0,0,0,0,0,0,0,0,0,,,,
69|52,0,0,0,0,0,0,0,0,0,0,0,0,0,0,0,0,,,,
126|107,0,0,0,0,0,0,0,0,0,0,0,6,0,0,0,0,,,,
61|114,0,1,0,0,0,0,0,6,4,0,0,0,0,0,0,0,,,,
76|21,0,0,0,0,0,0,0,0,0,0,0,0,0,0,0,0,,,,
36|106,0,0,0,0,0,0,0,0,0,0,0,0,0,0,0,0,,,,
79|69,0,0,0,0,0,0,0,4,0,0,0,0,0,0,0,0,,,,
33|1,0,0,0,0,0,0,0,0,0,0,0,0,0,0,0,0,,,,
1|129,0,0,0,0,0,0,0,0,0,0,0,0,0,0,0,0,,,,
0|112,0,0,0,0,0,0,0,0,0,0,0,0,0,0,0,0,,,,
23|119,0,0,0,0,0,0,0,0,0,0,0,0,0,0,0,0,,,,
48|16,0,0,0,0,0,0,0,0,0,0,0,0,0,0,0,0,,,,
22|102,0,0,0,0,0,0,0,0,0,0,0,0,0,0,0,0,,,,
67|27,0,0,0,0,0,0,1,0,0,0,0,0,1,0,0,0,,,,
88|105,0,0,0,0,0,1,1,0,1,0,0,0,0,0,0,0,,,,
86|38,0,0,0,0,0,0,0,0,0,0,0,0,0,0,0,0,0|0#1|0#2|0#3|0#4|0#5|0#6|0#7|0#8|0#9|0#10|0#11|0#12|0,0|0#1|0#2|0#3|0#4|0#5|0#6|0#7|0#8|0#9|0#10|0#11|0#12|0,0|0#1|0#2|0#3|0#4|0#5|0#6|0#7|0#8|0#9|0#10|0#11|0#12|0,0|0#1|0#2|0#3|0#4|0#5|0#6|0#7|0#8|0#9|0#10|0#11|0#12|0
147|13,0,0,0,0,0,0,0,0,0,0,0,0,0,0,0,0,,,,
112|103,0,0,0,0,0,0,0,0,0,0,0,0,0,0,0,0,,,,
101|92,0,0,0,0,0,0,1,0,0,0,0,1,0,0,0,0,0|0#1|0#2|0#3|0#4|0#5|0#6|0#7|0#8|0#9|0#10|0#11|0#12|0,,,
137|8,0,0,0,0,0,0,0,0,0,0,0,0,0,0,0,0,,,,
151|115,0,0,0,0,0,0,0,0,0,0,0,0,0,0,0,0,,,,
138|19,0,0,0,0,0,0,0,0,0,0,0,0,0,0,0,0,,,,
75|118,0,0,0,0,0,0,0,0,0,0,0,0,0,0,0,0,,,,
9|31,0,0,0,0,0,0,0,0,0,0,0,0,0,0,0,0,,,,
74|101,0,0,0,0,0,0,0,0,0,0,0,0,0,0,0,0,,,,
88|63,0,0,2,0,0,1,1,0,0,0,0,1,0,0,0,0,0|0#1|0#2|0#3|4#4|4#5|4#6|3#7|4#8|4#9|4#10|4#11|4#12|0,0|0#1|0#2|0#3|2#4|3#5|3#6|2#7|2#8|3#9|2#10|2#11|2#12|0,0|0#1|0#2|0#3|4#4|4#5|3#6|3#7|4#8|4#9|4#10|4#11|3#12|0,0|0#1|0#2|0#3|3#4|3#5|3#6|2#7|3#8|2#9|2#10|2#11|2#12|0
95|32,0,0,0,0,0,0,0,0,0,0,0,0,0,0,0,0,,,,
