47|0,0,0,0,0,0,0,0,0,0,0,0,0,0,0,0,0,,,,
103|64,194,62,415,16,61,30,17,21,4,21,139,123,45,1,0,0,0|0#1|0#2|0#3|4#4|4#5|4#6|4#7|4#8|4#9|4#10|4#11|4#12|0,0|0#1|0#2|0#3|4#4|4#5|4#6|4#7|4#8|4#9|4#10|4#11|4#12|0,0|0#1|0#2|0#3|4#4|4#5|4#6|4#7|4#8|4#9|4#10|4#11|4#12|0,0|0#1|0#2|0#3|4#4|4#5|4#6|4#7|4#8|4#9|4#10|4#11|4#12|0
90|116,0,1,0,0,0,0,1,0,1,0,0,0,0,0,1,0,,,,
51|104,0,0,0,0,0,0,0,1,0,0,0,0,1,0,0,0,0|0#1|0#2|0#3|0#4|0#5|0#6|0#7|0#8|0#9|0#10|0#11|0#12|0,,0|0#1|0#2|0#3|0#4|0#5|0#6|0#7|0#8|0#9|0#10|0#11|0#12|0,
110|33,0,0,0,0,0,0,1,1,0,0,0,0,0,0,0,0,,,,
1|79,0,0,0,0,0,0,0,0,0,0,0,0,0,0,0,0,,,,
141|86,0,0,0,0,0,0,0,0,0,0,0,0,0,0,0,0,0|0#1|0#2|0#3|0#4|0#5|0#6|0#7|0#8|0#9|0#10|0#11|0#12|0,,0|0#1|0#2|0#3|0#4|0#5|0#6|0#7|0#8|0#9|0#10|0#11|0#12|0,
13|61,0,0,0,0,0,0,0,0,0,0,0,0,0,0,0,0,,,,
4|106,0,0,0,0,0,0,0,0,0,0,0,0,0,0,0,0,,,,
20|9,0,0,0,0,0,0,0,0,2,0,0,0,0,0,0,0,,,,
141|105,0,0,0,0,0,0,0,0,0,0,0,0,0,0,0,0,,,,
42|89,0,0,0,0,0,0,0,1,0,0,0,0,0,0,0,0,,,,
20|30,0,0,0,0,0,0,0,0,0,0,0,0,0,0,0,0,,,,
150|80,0,0,0,0,0,0,0,0,0,0,0,0,0,0,0,0,,,,
51|83,1,6,0,0,0,0,0,4,2,0,2,0,1,0,0,0,0|0#1|0#2|0#3|0#4|0#5|0#6|0#7|0#8|0#9|0#10|0#11|0#12|0,0|0#1|0#2|0#3|0#4|0#5|0#6|0#7|0#8|0#9|0#10|0#11|0#12|0,0|0#1|0#2|0#3|0#4|0#5|0#6|0#7|0#8|0#9|0#10|0#11|0#12|0,0|0#1|0#2|0#3|0#4|0#5|0#6|0#7|0#8|0#9|0#10|0#11|0#12|0
70|94,0,0,0,0,0,0,0,0,0,0,0,0,0,0,0,0,,,,
122|75,0,0,0,0,0,0,0,0,0,0,0,0,0,0,0,0,,,,
106|140,0,0,0,0,0,0,0,0,0,0,0,0,0,0,0,0,,,,
23|78,0,0,0,0,0,0,0,0,0,0,0,0,1,0,0,0,,,,
32|72,0,0,0,0,0,0,0,0,0,0,0,0,0,0,0,0,,,,
101|39,0,0,0,0,0,0,0,1,0,0,0,1,0,0,0,0,0|0#1|0#2|0#3|0#4|0#5|0#6|0#7|0#8|0#9|0#10|0#11|0#12|0,0|0#1|0#2|0#3|0#4|0#5|0#6|0#7|0#8|0#9|0#10|0#11|0#12|0,0|0#1|0#2|0#3|0#4|0#5|0#6|0#7|0#8|0#9|0#10|0#11|0#12|0,
65|108,0,0,0,0,0,0,0,0,0,0,0,0,0,0,0,0,,,,
30|47,0,0,0,0,0,0,0,0,0,0,0,0,0,0,0,0,,,,
11|36,0,0,0,0,0,0,0,0,0,0,0,0,0,0,0,0,,,,
13|109,0,0,0,0,0,0,0,0,0,0,0,0,0,0,0,0,,,,
