85|122,0,0,0,0,0,0,0,0,0,0,0,0,0,0,0,0,,,,
84|60,8,4,20,1,3,1,1,1,0,0,1,34,0,0,0,0,0|0#1|0#2|0#3|0#4|0#5|0#6|0#7|0#8|0#9|0#10|0#11|0#12|0,,0|0#1|0#2|0#3|0#4|0#5|0#6|0#7|0#8|0#9|0#10|0#11|0#12|0,0|0#1|0#2|0#3|0#4|0#5|0#6|0#7|0#8|0#9|0#10|0#11|0#12|0
37|44,0,0,0,0,0,0,0,0,0,0,0,0,0,0,0,0,,,,
143|10,0,0,0,0,0,0,0,0,0,0,0,0,0,0,0,0,,,,
82|35,0,0,0,0,0,0,0,0,0,0,0,1,1,0,0,0,0|0#1|0#2|0#3|0#4|0#5|0#6|0#7|0#8|0#9|0#10|0#11|0#12|0,,0|0#1|0#2|0#3|0#4|0#5|0#6|0#7|0#8|0#9|0#10|0#11|0#12|0,
90|6,0,0,0,0,0,0,0,0,0,0,0,0,0,0,0,0,,,,
77|91,0,0,0,0,0,0,0,0,0,0,0,0,0,0,0,0,,,,
94|77,0,1,0,0,0,0,0,0,0,0,0,0,0,0,0,0,0|0#1|0#2|0#3|2#4|0#5|0#6|0#7|0#8|0#9|0#10|0#11|0#12|0,0|0#1|0#2|0#3|1#4|0#5|0#6|0#7|0#8|0#9|0#10|0#11|0#12|0,0|0#1|0#2|0#3|2#4|0#5|0#6|0#7|0#8|0#9|0#10|0#11|0#12|0,0|0#1|0#2|0#3|0#4|0#5|0#6|0#7|0#8|0#9|0#10|0#11|0#12|0
56|55,0,0,0,0,0,0,0,0,0,0,0,0,0,0,0,0,0|0#1|0#2|0#3|0#4|0#5|0#6|0#7|0#8|0#9|0#10|0#11|0#12|0,,,
117|30,0,0,0,0,0,0,0,0,0,0,0,0,0,0,0,0,,,,
136|111,0,0,0,0,0,0,0,0,0,0,0,0,0,0,0,0,,,,
123|3,0,0,0,0,0,0,0,0,0,0,0,0,0,0,0,0,,,,
110|137,0,0,0,0,0,0,0,0,0,0,0,0,0,0,0,0,,,,
75|66,119,132,124,7,6,34,2,42,0,1,27,6,8,0,0,0,0|0#1|0#2|0#3|0#4|0#5|1#6|0#7|0#8|0#9|0#10|0#11|0#12|0,0|0#1|0#2|0#3|0#4|0#5|0#6|0#7|0#8|0#9|0#10|0#11|0#12|0,0|0#1|0#2|0#3|0#4|0#5|0#6|0#7|0#8|0#9|0#10|0#11|1#12|0,0|0#1|0#2|0#3|0#4|0#5|0#6|0#7|0#8|0#9|0#10|0#11|0#12|0
139|89,0,0,0,0,0,0,0,3,0,0,0,1,0,0,0,0,,,,
18|33,0,0,0,0,0,0,0,0,0,0,0,0,0,0,0,0,,,,
86|139,0,0,0,0,0,0,0,0,0,0,0,0,0,0,0,0,,,,
137|128,0,0,0,0,0,0,0,0,0,0,0,0,0,0,0,0,,,,
108|36,0,0,0,0,0,0,0,0,0,0,0,0,0,0,0,0,,,,
44|13,0,0,0,2,0,0,0,3,1,0,0,0,1,0,0,0,,,,
47|127,0,0,0,0,0,0,0,0,0,0,0,0,0,0,0,0,,,,
127|47,0,0,0,0,0,0,0,0,0,0,0,0,0,0,0,0,0|0#1|0#2|0#3|0#4|0#5|0#6|0#7|0#8|0#9|0#10|0#11|0#12|0,0|0#1|0#2|0#3|0#4|0#5|0#6|0#7|0#8|0#9|0#10|0#11|0#12|0,0|0#1|0#2|0#3|0#4|0#5|0#6|0#7|0#8|0#9|0#10|0#11|0#12|0,0|0#1|0#2|0#3|0#4|0#5|0#6|0#7|0#8|0#9|0#10|0#11|0#12|0
64|8,0,0,0,0,0,0,0,0,0,0,0,0,0,0,0,0,,,,
63|24,0,0,0,0,0,0,0,0,0,0,0,0,0,0,0,0,,,,
49|86,0,2,0,0,0,0,0,0,1,0,0,0,0,0,0,0,,,,
68|97,0,0,0,0,0,0,0,0,0,0,0,0,0,0,0,0,,,,
134|16,0,0,0,0,0,0,0,0,0,0,0,0,0,0,0,0,,,,
35|19,0,0,0,0,0,0,0,0,0,0,0,0,0,0,0,0,,,,
46|110,0,0,0,0,0,0,0,0,0,0,0,0,0,0,0,0,,,,
136|41,0,0,0,0,0,0,0,0,0,0,0,0,0,0,0,0,,,,
72|135,0,0,0,0,0,0,0,0,0,0,0,0,0,0,0,0,,,,
123|124,0,0,0,0,0,0,0,0,0,0,0,0,0,0,0,0,,,,
33|123,0,0,0,0,0,0,0,0,0,0,0,0,0,0,0,0,,,,
8|76,0,0,0,0,0,0,0,0,0,0,0,0,0,0,0,0,,,,
99|126,0,0,0,0,0,0,0,0,0,0,0,0,0,0,0,0,,,,
146|58,0,0,0,0,0,0,0,0,0,0,0,0,0,0,0,0,,,,
20|136,0,0,0,0,0,0,0,0,0,0,0,0,0,0,0,0,,,,
148|83,0,0,0,0,0,0,0,0,0,0,0,0,0,0,0,0,0|0#1|0#2|0#3|0#4|0#5|0#6|0#7|0#8|0#9|0#10|0#11|0#12|0,,0|0#1|0#2|0#3|0#4|0#5|0#6|0#7|0#8|0#9|0#10|0#11|0#12|0,
129|72,0,0,0,6,0,0,0,0,0,0,0,0,5,0,0,0,0|0#1|0#2|0#3|0#4|0#5|0#6|0#7|0#8|0#9|0#10|0#11|0#12|0,0|0#1|0#2|0#3|0#4|0#5|0#6|0#7|0#8|0#9|0#10|0#11|0#12|0,0|0#1|0#2|0#3|0#4|0#5|0#6|0#7|0#8|0#9|0#10|0#11|0#12|0,0|0#1|0#2|0#3|0#4|0#5|0#6|0#7|0#8|0#9|0#10|0#11|0#12|0
58|80,0,0,0,0,0,0,0,0,0,0,0,0,0,0,0,0,,,,
