23|99,0,0,0,0,0,0,0,0,0,0,0,0,0,0,0,0,,,,
90|137,0,0,0,0,0,0,0,0,0,0,0,0,0,0,0,0,,,,
131|90,0,0,0,0,0,0,0,0,0,0,0,0,0,0,0,0,0|0#1|0#2|0#3|0#4|0#5|0#6|0#7|0#8|0#9|0#10|0#11|0#12|0,,0|0#1|0#2|0#3|0#4|0#5|0#6|0#7|0#8|0#9|0#10|0#11|0#12|0,
13|82,0,0,0,0,0,0,0,0,0,0,0,0,0,0,0,0,,,,
129|105,0,0,0,0,0,0,0,0,0,0,0,0,0,0,0,0,,,,
64|112,0,0,0,0,0,0,0,0,0,0,0,0,0,0,0,0,,,,
3|110,0,0,0,0,0,0,0,0,0,0,0,0,0,0,0,0,,,,
110|54,0,2,1,0,0,1,0,1,0,0,0,0,1,0,0,0,0|0#1|0#2|0#3|3#4|2#5|2#6|2#7|2#8|2#9|2#10|2#11|3#12|0,0|0#1|0#2|0#3|2#4|2#5|2#6|2#7|1#8|2#9|1#10|2#11|2#12|0,0|0#1|0#2|0#3|3#4|2#5|2#6|2#7|2#8|3#9|2#10|2#11|3#12|0,0|0#1|0#2|0#3|2#4|1#5|2#6|2#7|2#8|2#9|1#10|2#11|2#12|0
4|127,0,0,0,0,0,0,0,0,0,0,0,0,0,0,0,0,,,,
39|104,0,0,0,0,0,0,0,0,0,0,0,0,0,0,0,0,,,,
116|118,0,0,0,0,0,0,0,1,0,0,0,0,0,0,0,0,,,,
122|96,15,1,1,4,0,2,0,5,1,0,0,0,1,0,0,0,0|0#1|0#2|0#3|0#4|0#5|0#6|0#7|0#8|0#9|0#10|0#11|0#12|0,0|0#1|0#2|0#3|0#4|0#5|0#6|0#7|0#8|0#9|0#10|0#11|0#12|0,0|0#1|0#2|0#3|0#4|0#5|0#6|0#7|0#8|0#9|0#10|0#11|0#12|0,0|0#1|0#2|0#3|0#4|0#5|0#6|0#7|0#8|0#9|0#10|0#11|0#12|0
20|51,0,0,0,0,0,0,0,0,0,0,0,0,0,0,0,0,,,,
99|50,109,31,44,2,40,8,5,8,3,103,38,733,59,11,0,0,0|0#1|0#2|0#3|4#4|4#5|4#6|4#7|4#8|4#9|4#10|4#11|4#12|0,0|0#1|0#2|0#3|2#4|4#5|4#6|4#7|4#8|4#9|4#10|4#11|4#12|0,0|0#1|0#2|0#3|4#4|4#5|4#6|4#7|4#8|4#9|4#10|4#11|4#12|0,0|0#1|0#2|0#3|4#4|4#5|4#6|4#7|4#8|4#9|4#10|4#11|4#12|0
26|117,0,0,0,0,0,0,0,0,0,0,0,0,0,0,0,0,,,,
25|100,0,0,0,0,0,0,0,0,0,0,0,0,0,0,0,0,,,,
32|93,0,0,0,0,0,0,0,0,0,0,0,0,0,0,0,0,,,,
97|25,0,0,0,0,0,0,0,0,0,0,0,0,0,0,0,0,,,,
78|14,0,0,0,0,0,0,0,0,0,0,0,0,0,0,0,0,,,,
115|101,3,1,0,0,0,2,0,2,0,1,0,1,1,0,0,0,0|0#1|0#2|0#3|0#4|0#5|0#6|0#7|0#8|0#9|0#10|0#11|0#12|0,,0|0#1|0#2|0#3|0#4|0#5|0#6|0#7|0#8|0#9|0#10|0#11|0#12|0,
141|126,0,0,0,0,0,0,0,0,0,0,0,0,0,0,0,0,,,,
51|125,0,0,0,0,0,0,0,0,0,0,0,0,0,0,0,0,,,,
30|68,0,0,0,0,0,0,0,0,0,0,0,0,0,0,0,0,,,,
78|116,1,3,2,0,0,1,0,0,1,0,0,0,1,0,0,0,,,,
12|113,0,0,0,0,0,0,0,0,0,0,0,0,0,0,0,0,,,,
149|3,0,0,0,0,0,0,0,0,0,0,0,0,0,0,0,0,,,,
102|114,0,0,0,0,0,0,0,0,0,0,0,0,0,0,0,0,,,,
11|57,0,0,0,0,0,0,0,0,0,0,0,0,0,0,0,0,,,,
103|85,0,0,0,0,0,0,0,0,0,0,0,0,1,0,0,0,,,0|0#1|0#2|0#3|0#4|0#5|0#6|0#7|0#8|0#9|0#10|0#11|0#12|0,
65|129,0,0,0,0,0,0,0,0,0,0,0,0,0,0,0,0,,,,
