63|94,10,2,17,7,1,0,2,1,1,0,3,0,2,0,0,0,0|0#1|0#2|0#3|0#4|0#5|0#6|0#7|0#8|0#9|0#10|0#11|0#12|0,0|0#1|0#2|0#3|0#4|0#5|0#6|0#7|0#8|0#9|0#10|0#11|0#12|0,0|0#1|0#2|0#3|0#4|0#5|0#6|0#7|0#8|0#9|0#10|0#11|0#12|0,0|0#1|0#2|0#3|0#4|0#5|0#6|0#7|0#8|0#9|0#10|0#11|0#12|0
120|19,0,0,0,0,0,0,0,0,0,0,0,0,0,0,0,0,,,,
14|5,0,0,0,0,0,1,0,0,0,0,0,0,0,0,0,0,,,,
42|58,0,1,0,0,0,0,0,0,0,0,0,1,0,0,0,0,,,,
81|145,0,0,0,0,0,0,0,0,0,0,0,0,0,0,0,0,,,,
13|30,0,0,0,0,0,1,0,0,1,0,0,0,0,0,0,0,,,,
61|69,0,0,0,0,0,0,0,0,0,0,0,0,0,0,0,0,,,,
103|33,0,0,0,0,0,0,0,0,0,0,0,0,0,0,0,0,,,0|0#1|0#2|0#3|0#4|0#5|0#6|0#7|0#8|0#9|0#10|0#11|0#12|0,
56|137,0,0,0,0,0,0,0,0,0,0,0,0,0,0,0,0,,,,
141|55,0,0,0,0,0,0,0,0,0,0,0,0,0,0,0,0,,,,
9|139,0,0,0,0,0,0,0,0,0,0,0,0,0,0,0,0,,,,
30|16,0,0,0,0,0,0,0,0,0,0,0,0,0,0,0,0,,,,
32|41,0,0,0,0,0,0,0,0,0,0,0,0,0,0,0,0,,,,
44|83,0,1,0,0,0,0,0,1,0,0,0,0,0,0,0,0,,0|0#1|0#2|0#3|0#4|0#5|0#6|0#7|0#8|0#9|0#10|0#11|0#12|0,,0|0#1|0#2|0#3|0#4|0#5|0#6|0#7|0#8|0#9|0#10|0#11|0#12|0
55|120,0,0,0,0,0,0,0,0,0,0,0,0,0,0,0,0,,,,
1|48,0,0,0,0,0,0,0,0,0,0,0,0,0,0,0,0,,,,
16|78,0,0,0,0,0,0,0,0,0,0,0,0,0,0,0,0,,,,
3|73,0,0,0,0,0,0,0,0,0,0,0,0,0,0,0,0,,,,
70|63,0,0,1,0,0,0,0,0,0,0,0,5,0,0,0,0,0|0#1|0#2|0#3|0#4|0#5|0#6|0#7|0#8|0#9|0#10|0#11|0#12|0,,0|0#1|0#2|0#3|0#4|0#5|0#6|0#7|0#8|0#9|0#10|0#11|0#12|0,
23|47,0,0,0,0,0,0,0,0,0,0,0,0,0,0,0,0,,,,
115|75,0,0,0,0,0,0,0,0,0,0,0,0,0,0,0,0,0|0#1|0#2|0#3|0#4|0#5|0#6|0#7|0#8|0#9|0#10|0#11|0#12|0,0|0#1|0#2|0#3|0#4|0#5|0#6|0#7|0#8|0#9|0#10|0#11|0#12|0,,0|0#1|0#2|0#3|0#4|0#5|0#6|0#7|0#8|0#9|0#10|0#11|0#12|0
143|80,0,0,0,0,0,0,0,0,0,0,0,0,0,0,0,0,,,,
25|72,0,0,0,0,0,0,0,0,0,0,0,0,0,0,0,0,,,,
40|3,0,0,0,0,0,0,0,0,0,0,0,0,0,0,0,0,,,,
94|132,0,0,0,0,0,0,0,0,0,0,0,0,0,0,0,0,,,,
146|138,0,0,0,0,0,0,0,0,0,0,0,0,0,0,0,0,,,,
122|44,0,0,0,0,0,0,0,0,0,0,0,0,0,0,0,0,,,,
132|134,0,0,0,0,0,0,0,0,0,0,0,2,0,0,0,0,,,,
69|124,0,0,0,0,0,0,0,0,0,0,0,0,0,0,0,0,,,,
134|86,1,0,2,2,0,0,0,1,0,0,1,0,0,0,0,0,,,,
145|121,0,0,0,0,0,0,0,0,0,0,0,0,0,0,0,0,,,,
42|133,0,0,0,0,0,0,0,0,0,0,0,0,0,0,0,0,,,,
8|122,0,0,0,0,0,0,0,0,0,0,0,0,0,0,0,0,,,,
35|89,0,0,0,0,0,0,0,1,0,0,0,0,0,0,0,0,,,,
107|126,0,0,0,0,0,0,0,0,0,0,0,0,0,0,0,0,,,,
17|125,0,0,0,0,0,0,0,0,0,0,0,0,0,0,0,0,,,,
51|52,0,0,6,0,1,1,1,0,0,0,3,0,0,0,0,0,0|0#1|0#2|0#3|0#4|0#5|0#6|0#7|0#8|0#9|0#10|0#11|0#12|0,,,
