152|117,0,0,0,0,0,0,0,0,0,0,0,0,0,0,0,0,,,,
2|8,0,0,0,0,0,0,0,0,0,0,0,0,0,0,0,0,,,,
43|9,0,0,0,0,0,0,0,0,0,0,0,0,0,0,0,0,,,,
79|54,1,0,0,2,0,0,0,0,0,0,2,2,1,0,0,0,0|0#1|0#2|0#3|2#4|0#5|0#6|0#7|0#8|0#9|0#10|0#11|0#12|0,0|0#1|0#2|0#3|1#4|0#5|0#6|0#7|0#8|0#9|0#10|0#11|0#12|0,0|0#1|0#2|0#3|2#4|0#5|0#6|0#7|0#8|0#9|0#10|0#11|1#12|0,0|0#1|0#2|0#3|0#4|0#5|0#6|0#7|0#8|0#9|0#10|0#11|0#12|0
111|94,0,0,0,0,0,0,0,0,0,0,0,9,0,0,0,0,,,,
23|104,0,0,0,0,0,0,0,0,0,0,0,0,0,0,0,0,,,,
102|4,0,0,0,0,0,0,0,0,0,0,0,0,0,0,0,0,,,,
86|23,0,0,0,0,0,0,0,0,0,0,0,0,0,0,0,0,,,,
113|105,0,0,0,0,0,0,0,0,0,0,0,0,0,0,0,0,,,,
127|109,0,0,0,2,0,0,0,0,0,0,0,11,0,0,0,0,,,,
151|100,0,0,0,0,0,0,0,0,0,0,0,0,0,0,0,0,,,,
75|103,0,0,0,0,0,0,0,0,0,0,0,0,0,0,0,0,,,,
12|97,0,0,0,0,0,0,0,0,0,0,0,0,0,0,0,0,,,,
62|116,0,0,0,0,0,0,0,0,0,0,0,0,0,0,0,0,,,,
89|107,0,0,0,0,0,0,0,0,0,0,0,1,0,0,0,0,,,,
67|12,0,0,0,0,0,0,0,0,0,0,0,0,0,0,0,0,,,,
58|18,17,0,4,3,1,2,2,0,3,0,0,10,19,0,0,0,,,,
37|108,0,0,0,0,0,0,0,0,0,0,0,0,0,0,0,0,,,,
77|29,0,0,0,0,0,0,0,1,0,0,0,0,0,0,0,0,0|0#1|0#2|0#3|0#4|0#5|0#6|0#7|0#8|1#9|0#10|0#11|0#12|0,0|0#1|0#2|0#3|0#4|0#5|0#6|0#7|0#8|0#9|0#10|0#11|0#12|0,0|0#1|0#2|0#3|0#4|0#5|0#6|0#7|0#8|0#9|0#10|0#11|0#12|0,0|0#1|0#2|0#3|0#4|0#5|0#6|0#7|0#8|0#9|0#10|0#11|0#12|0
21|91,0,0,0,0,0,0,0,0,0,0,0,0,0,0,0,0,,,,
100|118,0,0,0,0,0,0,0,0,0,0,0,0,0,0,0,0,,,,
98|65,106,54,235,7,33,43,19,47,16,32,116,103,34,12,0,0,0|0#1|0#2|0#3|4#4|4#5|4#6|4#7|4#8|4#9|4#10|4#11|4#12|0,0|0#1|0#2|0#3|4#4|4#5|4#6|4#7|4#8|4#9|4#10|4#11|4#12|0,0|0#1|0#2|0#3|4#4|4#5|4#6|4#7|4#8|4#9|4#10|4#11|4#12|0,0|0#1|0#2|0#3|4#4|4#5|4#6|4#7|4#8|4#9|4#10|4#11|4#12|0
10|117,0,0,0,0,0,0,0,0,0,0,0,0,0,0,0,0,,,,
1|114,0,0,0,0,0,0,0,0,0,0,0,0,0,0,0,0,,,,
