16|61,0,0,0,0,0,0,0,0,0,0,0,0,0,0,0,0,,,,
9|122,0,0,0,0,0,0,0,0,0,0,0,0,0,0,0,0,,,,
18|125,0,0,0,0,0,0,0,0,0,0,0,0,0,0,0,0,,,,
104|39,0,0,0,0,0,0,0,0,0,0,0,0,0,0,0,0,0|0#1|0#2|0#3|0#4|0#5|0#6|0#7|0#8|0#9|0#10|0#11|0#12|0,0|0#1|0#2|0#3|0#4|0#5|0#6|0#7|0#8|0#9|0#10|0#11|0#12|0,0|0#1|0#2|0#3|0#4|0#5|0#6|0#7|0#8|0#9|0#10|0#11|0#12|0,0|0#1|0#2|0#3|0#4|0#5|0#6|0#7|0#8|0#9|0#10|0#11|0#12|0
106|64,25,13,16,7,11,30,3,14,2,3,10,11,14,5,0,0,0|0#1|0#2|0#3|3#4|4#5|4#6|3#7|4#8|4#9|4#10|4#11|4#12|0,0|0#1|0#2|0#3|2#4|2#5|2#6|2#7|2#8|2#9|3#10|2#11|3#12|0,0|0#1|0#2|0#3|3#4|4#5|4#6|4#7|4#8|4#9|4#10|4#11|4#12|0,0|0#1|0#2|0#3|2#4|2#5|3#6|2#7|2#8|2#9|2#10|2#11|3#12|0
132|44,0,0,0,0,0,0,0,4,0,0,0,0,0,0,0,0,,,,
54|83,0,1,0,0,0,0,0,0,1,0,0,1,0,0,0,0,,,,
113|33,0,0,0,0,0,0,0,0,0,0,0,0,0,0,0,0,,,,
77|0,0,0,0,0,0,0,0,0,0,0,0,0,0,0,0,0,,,,
95|132,0,0,0,0,0,0,0,0,0,0,0,0,0,0,0,0,,,,
35|72,0,0,0,0,0,0,0,0,0,0,0,0,0,0,0,0,,,,
30|146,0,0,0,0,0,0,0,0,0,0,0,0,0,0,0,0,,,,
144|86,0,0,0,0,0,0,0,0,0,0,0,0,0,0,0,0,,,,
130|19,0,0,0,0,0,0,0,0,0,0,0,0,0,0,0,0,,,,
146|121,0,0,0,0,0,0,0,0,0,0,0,0,0,0,0,0,,,,
43|133,0,0,0,0,0,0,0,0,0,0,0,0,0,0,0,0,,,,
125|75,0,0,0,0,0,0,0,0,0,0,0,0,0,0,0,0,,,,
52|58,0,0,0,0,0,0,0,1,0,0,0,0,0,0,0,0,,,,
120|147,0,0,0,0,0,0,0,0,0,0,0,0,0,0,0,0,,,,
42|41,0,0,0,0,0,0,1,0,0,0,0,0,0,0,0,0,,,,
45|89,0,0,0,0,0,0,0,0,0,0,0,0,0,0,0,0,,0|0#1|0#2|0#3|0#4|0#5|0#6|0#7|0#8|0#9|0#10|0#11|0#12|0,,
4|79,0,0,0,0,0,0,0,0,0,0,0,0,0,0,0,0,,,,
133|134,0,0,0,0,0,0,0,0,0,0,0,0,0,0,0,0,,,,
23|30,0,0,0,0,0,0,0,0,0,0,0,0,0,0,0,0,,,,
56|120,0,0,0,0,0,0,0,0,0,0,0,0,0,0,0,0,,,,
71|69,0,0,0,0,0,0,0,0,0,0,0,0,0,0,0,0,,,,
61|52,0,0,0,0,0,0,0,0,0,0,0,0,0,0,1,0,,,,
73|94,0,1,1,0,0,3,0,2,1,0,1,6,2,0,1,0,,,,
50|9,0,0,0,0,0,0,0,0,0,0,0,0,0,0,0,0,,,,
1|31,0,0,0,0,0,0,0,0,0,0,0,0,0,0,0,0,,,,
147|138,0,0,0,0,0,0,0,0,0,0,0,0,0,0,0,0,,,,
151|55,0,0,0,0,0,0,0,0,0,0,0,0,0,0,0,0,,,,
40|16,0,0,0,0,0,0,0,0,0,0,0,0,0,0,0,0,,,,
33|47,0,0,0,0,0,0,0,0,0,0,0,0,0,0,1,0,,,,
14|36,0,0,0,0,0,0,0,0,0,0,0,0,0,0,0,0,,,,
80|63,7,0,0,0,0,0,0,13,1,0,0,0,0,0,0,0,0|0#1|0#2|0#3|0#4|0#5|0#6|0#7|0#8|0#9|0#10|0#11|1#12|0,0|0#1|0#2|0#3|0#4|0#5|0#6|0#7|0#8|0#9|0#10|0#11|0#12|0,0|0#1|0#2|0#3|0#4|0#5|0#6|0#7|0#8|0#9|0#10|0#11|0#12|0,0|0#1|0#2|0#3|0#4|0#5|0#6|0#7|0#8|0#9|0#10|0#11|0#12|0
82|145,0,0,0,0,0,0,0,0,0,0,0,0,0,0,0,0,,,,
108|126,0,0,0,0,0,0,0,0,0,0,0,0,0,0,0,0,,,,
57|137,0,0,0,0,0,0,0,0,0,0,0,0,0,0,0,0,,,,
26|78,0,0,0,0,0,0,0,0,0,0,0,0,0,0,0,0,,,,
