13|56,0,0,0,0,0,0,0,0,0,0,0,0,0,0,0,0,,,,
7|131,0,0,0,0,0,0,0,0,0,0,0,0,0,0,0,0,,,,
124|95,0,0,0,0,0,0,0,0,0,0,0,0,1,0,0,0,,,,
131|64,0,0,0,0,0,0,0,0,0,0,0,0,0,0,0,0,,,,
12|6,0,0,0,0,0,0,0,0,0,0,0,0,0,0,0,0,,,,
41|142,0,0,0,0,0,0,0,0,0,0,0,0,0,0,0,0,,,,
112|53,58,19,52,2,3,14,3,10,0,2,50,11,2,0,0,0,0|0#1|0#2|0#3|2#4|2#5|2#6|2#7|2#8|2#9|2#10|2#11|2#12|0,0|0#1|0#2|0#3|1#4|0#5|0#6|1#7|0#8|1#9|0#10|1#11|1#12|0,0|0#1|0#2|0#3|2#4|2#5|2#6|2#7|2#8|2#9|2#10|2#11|2#12|0,0|0#1|0#2|0#3|0#4|0#5|0#6|2#7|1#8|1#9|0#10|1#11|2#12|0
119|122,0,0,0,0,0,0,0,0,0,0,0,1,0,0,1,0,,,,
68|133,0,0,0,0,0,0,0,0,0,0,0,0,0,0,0,0,,,,
106|135,0,0,0,0,0,0,0,0,0,0,0,0,0,0,0,0,,,,
70|89,0,0,1,0,0,0,0,0,0,0,0,0,2,0,0,0,0|0#1|0#2|0#3|0#4|0#5|0#6|0#7|0#8|0#9|0#10|0#11|0#12|0,0|0#1|0#2|0#3|0#4|0#5|0#6|0#7|0#8|0#9|0#10|0#11|0#12|0,0|0#1|0#2|0#3|0#4|0#5|0#6|0#7|0#8|0#9|0#10|0#11|0#12|0,
55|146,0,0,0,0,0,0,0,0,0,0,0,0,0,0,0,0,,,,
93|141,0,0,0,0,0,0,0,0,0,0,0,0,0,0,0,0,,,,
41|61,0,0,0,0,0,0,0,0,0,0,0,0,0,0,0,0,,,,
110|28,0,0,0,0,0,0,0,0,0,0,0,0,0,0,0,0,,,,
29|121,0,0,0,0,0,0,0,0,0,0,0,0,0,0,0,0,,,,
25|98,0,0,0,0,0,0,0,0,0,0,0,0,0,0,0,0,,,,
103|59,21,16,42,3,12,6,18,8,10,1,26,3,9,8,0,0,0|0#1|0#2|0#3|4#4|4#5|4#6|4#7|4#8|4#9|4#10|4#11|4#12|0,0|0#1|0#2|0#3|3#4|4#5|4#6|4#7|4#8|4#9|4#10|4#11|4#12|0,0|0#1|0#2|0#3|4#4|4#5|4#6|4#7|4#8|4#9|4#10|4#11|4#12|0,0|0#1|0#2|0#3|4#4|4#5|4#6|4#7|4#8|4#9|4#10|4#11|4#12|0
60|72,0,0,0,0,0,0,0,0,0,0,0,0,0,0,0,0,0|0#1|0#2|0#3|0#4|0#5|0#6|0#7|0#8|0#9|0#10|0#11|0#12|0,,0|0#1|0#2|0#3|0#4|0#5|0#6|0#7|0#8|0#9|0#10|0#11|0#12|0,
105|84,1,1,6,0,0,1,2,0,1,0,0,6,5,0,0,0,,,0|0#1|0#2|0#3|0#4|0#5|0#6|0#7|0#8|0#9|0#10|0#11|0#12|0,
0|51,0,0,0,0,0,0,0,0,0,0,0,0,0,0,0,0,,,,
34|92,0,0,0,0,0,0,0,0,0,0,0,0,0,0,0,0,,,,
131|143,0,0,0,0,0,0,0,0,0,0,0,0,0,0,0,0,,,,
150|75,0,0,0,0,0,0,0,0,0,0,0,0,0,0,0,0,,,,
20|25,0,0,0,0,0,0,0,0,0,0,0,0,0,0,0,0,,,,
99|24,0,0,0,0,0,0,0,0,0,0,0,0,0,0,0,0,,,,
100|11,0,0,0,0,0,0,0,0,0,0,0,0,0,0,0,0,,,,
145|147,0,0,0,0,0,0,0,0,0,0,0,0,0,0,0,0,,,,
15|81,0,0,0,0,0,0,0,0,0,0,0,0,0,0,0,0,,,,
22|50,3,2,2,0,0,0,0,1,0,0,0,0,0,0,0,0,,,,
51|78,0,0,0,0,0,0,0,0,0,0,0,0,0,0,0,0,,,,
32|67,0,0,0,0,0,0,0,0,0,0,0,0,0,0,0,0,,,,
3|99,0,0,0,0,0,0,0,0,0,0,0,0,0,0,0,0,,,,
144|130,0,0,0,0,0,0,0,0,0,0,0,0,0,0,0,0,,,,
16|134,0,0,0,0,0,0,0,0,0,0,0,0,0,0,0,0,,,,
