83|19,0,0,0,0,0,0,0,0,0,0,0,0,0,0,0,0,,,,
150|127,0,0,0,0,0,0,0,0,0,0,0,0,0,0,0,0,,,,
57|39,0,0,0,0,0,0,0,0,0,0,0,0,0,0,0,0,,,,
73|113,0,0,0,0,0,0,0,0,0,0,0,0,0,0,0,0,,,,
138|106,0,0,0,0,0,2,1,0,4,0,0,0,0,0,0,0,,,,
92|13,0,0,0,0,0,0,0,0,0,0,0,0,0,0,0,0,,,,
66|33,1,0,1,1,0,1,1,0,1,0,0,20,1,0,0,0,,,0|0#1|0#2|0#3|0#4|0#5|0#6|0#7|0#8|0#9|0#10|0#11|0#12|0,
97|86,0,0,0,0,0,0,0,0,1,0,0,0,0,0,0,0,,,,
118|14,0,0,0,0,0,0,0,0,0,0,0,0,0,0,0,0,,,,
111|115,7,2,9,1,0,1,6,1,0,0,1,3,1,0,0,0,,,,
78|75,28,8,82,5,6,2,3,12,8,2,13,4,3,0,0,0,0|0#1|0#2|0#3|0#4|0#5|0#6|0#7|0#8|0#9|0#10|0#11|0#12|0,0|0#1|0#2|0#3|0#4|0#5|0#6|0#7|0#8|0#9|0#10|0#11|0#12|0,0|0#1|0#2|0#3|0#4|0#5|0#6|0#7|0#8|0#9|0#10|0#11|0#12|0,0|0#1|0#2|0#3|0#4|0#5|0#6|0#7|0#8|0#9|0#10|0#11|0#12|0
19|17,0,0,0,0,0,0,0,0,0,0,1,0,0,0,0,0,,,,
124|102,0,0,0,0,0,0,0,0,0,0,0,0,0,0,0,0,,,,
87|117,0,0,0,0,0,0,0,2,0,0,0,0,0,0,0,0,,,,
60|126,0,0,0,0,0,0,0,0,0,0,0,0,0,0,0,0,,,,
6|12,0,0,0,0,0,0,0,0,0,0,0,0,0,0,0,0,,,,
59|64,0,0,0,0,0,0,0,0,0,0,0,0,0,0,0,0,,,,
21|114,0,0,0,0,0,0,0,0,0,0,0,0,0,0,0,0,,,,
137|25,0,0,0,0,0,0,0,0,0,0,0,0,0,0,0,0,,,,
149|67,0,0,0,0,0,0,0,0,0,0,0,2,0,0,0,0,,,,
38|28,0,0,0,0,0,0,0,0,0,0,0,5,0,0,0,0,,,,
35|118,0,0,0,0,0,0,0,0,0,0,0,0,0,0,0,0,,,,
85|44,0,0,0,0,0,0,0,1,0,0,0,0,0,0,0,0,,,,
86|100,94,22,78,6,6,15,4,33,10,0,38,38,12,1,0,0,0|0#1|0#2|0#3|0#4|0#5|0#6|0#7|0#8|0#9|0#10|0#11|0#12|0,,0|0#1|0#2|0#3|0#4|0#5|0#6|0#7|0#8|0#9|0#10|0#11|0#12|0,0|0#1|0#2|0#3|0#4|0#5|0#6|0#7|0#8|0#9|0#10|0#11|0#12|0
34|101,0,0,0,0,0,0,0,0,0,0,0,0,0,0,0,0,,,,
28|11,0,0,0,0,0,0,0,0,0,0,0,1,0,0,0,0,,,,
48|105,0,0,0,0,0,0,0,0,0,0,0,0,1,0,0,0,,,,
31|5,0,0,0,0,0,0,0,0,0,0,0,0,0,0,0,0,,,,
47|22,0,0,0,0,0,0,0,1,1,0,0,1,0,0,0,0,,,,
125|119,0,0,0,0,0,0,0,0,0,0,0,0,0,0,0,0,,,,
139|50,0,0,0,0,0,0,0,0,0,0,0,0,0,0,0,0,,,,
