56|3,0,0,0,0,0,0,0,0,0,0,0,0,0,0,0,0,,,,
117|23,0,0,0,0,0,0,0,0,0,0,0,0,0,0,0,0,,,,
58|73,0,0,0,0,0,0,0,0,0,0,0,0,0,0,0,0,,,,
148|76,0,0,0,0,0,1,1,0,1,0,0,0,0,0,0,0,0|0#1|0#2|0#3|0#4|0#5|0#6|0#7|0#8|0#9|0#10|0#11|0#12|0,,0|0#1|0#2|0#3|0#4|0#5|0#6|0#7|0#8|0#9|0#10|0#11|0#12|0,
27|20,0,1,0,0,0,0,0,0,0,0,0,0,0,0,0,0,,,,
20|129,0,0,0,0,0,0,0,0,0,0,0,0,0,0,0,0,,,,
82|28,0,0,0,0,0,0,0,0,0,0,0,22,0,0,0,0,,,,
71|111,0,0,0,0,0,0,0,1,3,0,4,0,0,0,0,0,,,,
8|69,0,0,0,0,0,0,0,0,0,0,0,0,0,0,0,0,,,,
63|17,0,0,0,0,0,0,0,0,0,0,0,0,0,0,0,0,,,,
18|26,0,0,0,0,0,0,0,0,0,0,0,0,0,0,0,0,,,,
46|31,0,0,0,0,0,0,0,0,0,0,0,0,0,0,0,0,,,,
75|59,0,0,0,0,0,0,0,0,0,0,0,0,0,0,0,0,,0|0#1|0#2|0#3|0#4|0#5|0#6|0#7|0#8|0#9|0#10|0#11|0#12|0,,0|0#1|0#2|0#3|0#4|0#5|0#6|0#7|0#8|0#9|0#10|0#11|0#12|0
37|37,0,0,0,0,0,0,0,0,0,0,0,0,0,0,0,0,0|0#1|0#2|0#3|0#4|0#5|0#6|0#7|0#8|0#9|0#10|0#11|0#12|0,,0|0#1|0#2|0#3|0#4|0#5|0#6|0#7|0#8|0#9|0#10|0#11|0#12|0,
77|84,0,0,0,0,0,2,0,1,0,0,0,2,0,0,0,0,,,,
5|21,0,0,0,0,0,0,0,0,0,0,0,0,0,0,0,0,,,,
136|34,0,0,0,0,0,0,0,0,0,0,0,0,0,0,0,0,,,,
72|11,0,0,0,0,0,0,0,0,0,0,0,0,0,0,0,0,,,,
96|95,0,0,0,0,0,0,0,1,0,0,0,1,0,0,0,0,,,,
108|29,0,0,0,0,0,0,0,1,0,0,0,0,0,0,0,0,,,,
98|102,0,0,0,0,0,0,0,0,0,0,0,0,0,0,0,0,,,,
56|48,0,0,0,0,0,0,0,0,0,0,0,0,0,0,0,0,0|0#1|0#2|0#3|0#4|0#5|0#6|0#7|0#8|0#9|0#10|0#11|0#12|0,0|0#1|0#2|0#3|0#4|0#5|0#6|0#7|0#8|0#9|0#10|0#11|0#12|0,,0|0#1|0#2|0#3|0#4|0#5|0#6|0#7|0#8|0#9|0#10|0#11|0#12|0
85|115,0,0,0,0,0,0,0,0,0,0,0,0,0,0,0,0,,,,
65|42,0,0,0,0,0,0,0,0,0,0,0,0,0,0,0,0,,,,
82|1,0,0,0,0,0,0,0,0,0,0,0,0,0,0,0,0,,,,
123|117,0,0,0,0,0,0,0,0,0,0,0,0,0,0,0,0,,,,
122|100,0,0,2,3,0,1,0,0,0,0,0,6,1,0,0,0,0|0#1|0#2|0#3|0#4|0#5|0#6|0#7|0#8|0#9|0#10|0#11|0#12|0,0|0#1|0#2|0#3|0#4|0#5|0#6|0#7|0#8|0#9|0#10|0#11|0#12|0,0|0#1|0#2|0#3|0#4|0#5|0#6|0#7|0#8|0#9|0#10|0#11|0#12|0,0|0#1|0#2|0#3|0#4|0#5|0#6|0#7|0#8|0#9|0#10|0#11|0#12|0
136|104,0,0,0,0,0,0,0,0,0,0,0,0,0,0,0,0,,,,
72|128,0,0,1,0,0,3,0,0,0,0,0,0,0,0,0,0,,,,
91|22,0,0,0,0,0,0,0,0,0,0,0,0,0,0,0,0,,0|0#1|0#2|0#3|0#4|0#5|0#6|0#7|0#8|0#9|0#10|0#11|0#12|0,,0|0#1|0#2|0#3|0#4|0#5|0#6|0#7|0#8|0#9|0#10|0#11|0#12|0
33|116,0,0,0,0,0,0,0,0,0,0,0,0,0,0,0,0,,,,
49|79,0,0,0,0,0,0,0,0,0,0,0,0,0,0,0,0,,,,
39|62,0,0,0,0,0,0,0,0,0,0,0,0,0,0,0,0,,,,
46|103,0,0,0,0,0,0,0,0,0,0,0,0,0,0,0,0,,,,
84|53,117,48,143,8,17,20,14,17,20,4,74,19,7,0,0,0,0|0#1|0#2|0#3|2#4|2#5|1#6|2#7|1#8|2#9|1#10|2#11|2#12|0,0|0#1|0#2|0#3|2#4|1#5|1#6|0#7|1#8|0#9|1#10|1#11|0#12|0,0|0#1|0#2|0#3|2#4|2#5|1#6|1#7|2#8|2#9|1#10|2#11|2#12|0,0|0#1|0#2|0#3|2#4|1#5|0#6|0#7|1#8|1#9|1#10|0#11|1#12|0
99|119,14,3,72,0,10,2,3,6,4,0,9,1,0,0,0,0,,,,
129|65,0,0,0,0,0,0,0,0,0,0,0,0,0,0,0,0,,,,
