137|71,0,0,0,0,0,0,0,0,0,0,0,0,0,0,0,0,,,,
44|104,0,0,0,0,0,0,0,0,0,0,0,0,0,0,0,0,,,,
19|63,0,0,0,0,0,0,0,0,0,0,0,0,0,0,0,0,,,,
58|108,0,0,0,0,0,0,0,0,0,0,0,0,0,0,0,0,,,,
120|101,1,3,0,0,0,0,0,0,0,0,0,0,0,0,0,0,0|0#1|0#2|0#3|0#4|0#5|0#6|0#7|0#8|0#9|0#10|0#11|0#12|0,0|0#1|0#2|0#3|0#4|0#5|0#6|0#7|0#8|0#9|0#10|0#11|0#12|0,0|0#1|0#2|0#3|0#4|0#5|0#6|0#7|0#8|0#9|0#10|0#11|0#12|0,0|0#1|0#2|0#3|0#4|0#5|0#6|0#7|0#8|0#9|0#10|0#11|0#12|0
121|118,0,0,0,0,0,0,0,0,0,0,0,0,0,0,0,0,,,,
4|33,0,0,0,0,0,0,0,0,0,0,0,0,0,0,0,0,,,,
113|8,0,0,7,0,1,0,1,1,5,0,2,0,0,0,0,0,,,,
118|60,0,0,0,0,0,0,0,0,0,0,0,0,0,0,0,0,0|0#1|0#2|0#3|0#4|0#5|0#6|0#7|0#8|0#9|0#10|0#11|0#12|0,,0|0#1|0#2|0#3|0#4|0#5|0#6|0#7|0#8|0#9|0#10|0#11|0#12|0,
109|66,2,3,2,0,1,0,1,2,0,5,1,35,1,4,0,0,0|0#1|0#2|0#3|4#4|4#5|3#6|3#7|3#8|3#9|3#10|3#11|2#12|0,0|0#1|0#2|0#3|3#4|2#5|2#6|2#7|2#8|2#9|2#10|2#11|2#12|0,0|0#1|0#2|0#3|4#4|3#5|3#6|3#7|3#8|3#9|3#10|3#11|2#12|0,0|0#1|0#2|0#3|2#4|2#5|2#6|2#7|2#8|2#9|2#10|2#11|2#12|0
64|54,0,0,0,0,0,0,0,0,0,0,0,1,0,0,0,0,0|0#1|0#2|0#3|0#4|0#5|0#6|0#7|0#8|0#9|0#10|0#11|0#12|0,,0|0#1|0#2|0#3|0#4|0#5|0#6|0#7|0#8|0#9|0#10|0#11|0#12|0,
148|109,0,0,0,0,0,0,0,0,0,0,0,0,0,0,0,0,,,,
142|15,0,0,0,0,0,0,0,0,0,0,0,0,0,0,0,0,,,,
52|12,0,0,0,0,0,0,0,0,0,0,0,0,0,0,0,0,,,,
76|96,0,0,0,0,0,0,0,0,0,0,0,0,0,0,0,0,,,,
30|100,0,0,0,0,0,0,0,0,0,0,0,0,0,0,0,0,,,,
36|49,0,0,0,0,0,0,0,0,1,0,0,0,0,0,0,0,,,,
90|34,1,0,0,0,0,0,0,5,1,0,0,0,0,0,0,0,0|0#1|0#2|0#3|0#4|0#5|0#6|0#7|0#8|0#9|0#10|0#11|0#12|0,0|0#1|0#2|0#3|0#4|0#5|1#6|0#7|0#8|0#9|0#10|0#11|0#12|0,0|0#1|0#2|0#3|0#4|0#5|0#6|0#7|0#8|1#9|0#10|0#11|0#12|0,0|0#1|0#2|0#3|0#4|0#5|2#6|0#7|0#8|0#9|0#10|0#11|0#12|0
57|85,0,0,0,0,0,0,0,0,0,0,0,0,0,0,0,0,0|0#1|0#2|0#3|0#4|0#5|0#6|0#7|0#8|0#9|0#10|0#11|0#12|0,0|0#1|0#2|0#3|0#4|0#5|0#6|0#7|0#8|0#9|0#10|0#11|0#12|0,0|0#1|0#2|0#3|0#4|0#5|0#6|0#7|0#8|0#9|0#10|0#11|0#12|0,0|0#1|0#2|0#3|0#4|0#5|0#6|0#7|0#8|0#9|0#10|0#11|0#12|0
62|29,0,0,0,0,0,0,1,0,0,0,0,0,0,0,0,0,,,,
70|129,0,0,0,0,0,0,0,0,0,0,0,0,0,0,0,0,,,,
83|65,2,3,1,1,0,1,0,0,0,0,2,2,0,0,0,0,0|0#1|0#2|0#3|0#4|0#5|0#6|0#7|0#8|0#9|0#10|0#11|0#12|0,,0|0#1|0#2|0#3|0#4|0#5|0#6|0#7|0#8|0#9|0#10|0#11|0#12|0,
83|116,0,0,0,0,0,0,0,0,0,0,0,0,0,0,0,0,,,,
135|46,0,0,0,0,0,0,0,0,0,0,0,0,0,0,0,0,,,,
116|35,0,0,0,0,0,0,0,0,0,0,0,0,0,0,0,0,,,,
134|105,0,0,0,0,0,0,0,0,0,0,0,0,0,0,0,0,,,,
128|77,0,0,0,0,0,0,0,3,0,0,0,0,0,0,0,0,,,,
26|32,0,0,0,0,0,0,0,0,0,0,0,0,0,0,0,0,,,,
43|18,0,0,0,0,0,0,0,0,0,0,0,0,0,0,0,0,,,,
17|38,0,0,0,0,0,0,0,0,0,0,0,0,0,0,0,0,,,,
38|74,0,0,0,0,0,0,0,0,0,0,0,0,0,0,0,0,,,,
31|117,0,0,0,0,0,0,0,0,0,0,0,0,0,0,0,0,,,,
71|23,0,0,0,0,0,0,0,0,0,0,0,0,0,0,0,0,,,,
96|103,0,0,0,0,0,0,0,0,0,0,0,0,0,0,0,0,,0|0#1|0#2|0#3|0#4|0#5|0#6|0#7|0#8|0#9|0#10|0#11|0#12|0,,0|0#1|0#2|0#3|0#4|0#5|0#6|0#7|0#8|0#9|0#10|0#11|0#12|0
45|43,0,0,0,0,0,0,0,0,0,0,0,0,0,0,0,0,,,,
144|40,0,0,0,0,0,0,0,0,0,0,0,0,0,0,0,0,,,,
85|90,0,0,0,0,0,0,0,0,1,0,0,2,0,0,0,0,,,,
147|88,0,0,0,0,0,0,0,0,0,0,0,0,0,0,0,0,,,,
