142|11,0,0,0,0,0,0,0,0,0,0,0,0,0,0,0,0,,,,
54|9,0,0,0,0,0,0,0,0,0,0,0,0,0,0,0,0,,,,
93|78,0,0,1,0,0,0,0,2,0,0,0,0,0,0,0,0,0|0#1|0#2|0#3|0#4|0#5|0#6|0#7|0#8|0#9|0#10|0#11|0#12|0,0|0#1|0#2|0#3|0#4|0#5|0#6|0#7|0#8|0#9|0#10|0#11|0#12|0,0|0#1|0#2|0#3|0#4|0#5|0#6|0#7|0#8|0#9|0#10|0#11|0#12|0,0|0#1|0#2|0#3|0#4|0#5|0#6|0#7|0#8|0#9|0#10|0#11|0#12|0
126|48,0,0,0,0,0,0,0,0,0,0,0,0,0,0,0,0,0|0#1|0#2|0#3|0#4|0#5|0#6|0#7|0#8|0#9|0#10|0#11|0#12|0,0|0#1|0#2|0#3|0#4|0#5|0#6|0#7|0#8|0#9|0#10|0#11|0#12|0,0|0#1|0#2|0#3|0#4|0#5|0#6|0#7|0#8|0#9|0#10|0#11|0#12|0,0|0#1|0#2|0#3|0#4|0#5|0#6|0#7|0#8|0#9|0#10|0#11|0#12|0
135|42,0,0,0,0,0,0,0,0,1,0,0,0,0,0,0,0,,,,
29|76,0,0,0,0,0,0,0,0,0,0,0,0,0,0,0,0,,,,
147|84,0,0,0,0,0,0,0,0,0,0,0,0,0,0,0,0,,,,
121|114,0,0,0,0,0,0,0,0,0,0,0,0,0,0,0,0,,,,
55|56,0,1,1,0,0,0,0,0,0,0,0,1,0,0,0,0,,0|0#1|0#2|0#3|0#4|0#5|0#6|0#7|0#8|0#9|0#10|0#11|0#12|0,,
74|67,5,5,19,21,3,3,2,2,2,0,1,4,6,0,0,0,0|0#1|0#2|0#3|0#4|0#5|0#6|0#7|0#8|0#9|0#10|0#11|0#12|0,0|0#1|0#2|0#3|0#4|0#5|0#6|0#7|0#8|0#9|0#10|0#11|0#12|0,0|0#1|0#2|0#3|0#4|0#5|0#6|0#7|0#8|0#9|0#10|0#11|0#12|0,0|0#1|0#2|0#3|0#4|0#5|0#6|0#7|0#8|0#9|0#10|0#11|0#12|0
81|36,0,0,0,0,0,0,0,0,0,0,0,0,0,0,0,0,,,,
116|31,0,0,0,0,0,0,0,0,0,0,0,0,0,0,0,0,,,,
152|28,0,0,0,0,0,0,0,0,0,0,0,0,0,0,0,0,,,,
84|129,0,0,0,0,0,0,0,0,0,0,0,0,0,0,0,0,,,,
7|77,0,0,0,0,0,0,0,0,0,0,0,0,0,0,0,0,,,,
107|37,0,0,0,0,0,0,0,0,0,0,0,0,0,0,0,0,,,,
62|25,0,0,0,0,0,0,0,0,0,0,0,0,0,0,0,0,,,,
64|50,0,0,0,0,0,0,0,0,0,0,0,0,0,0,0,0,,,,
128|73,0,0,0,0,0,0,0,0,0,0,0,0,0,0,0,0,,,,
31|113,0,0,0,0,0,0,0,0,0,0,0,0,0,0,0,0,,,,
109|62,59,20,158,13,12,8,6,9,10,4,51,8,18,0,0,0,0|0#1|0#2|0#3|4#4|4#5|2#6|2#7|2#8|2#9|2#10|2#11|2#12|0,0|0#1|0#2|0#3|4#4|2#5|2#6|2#7|2#8|2#9|2#10|2#11|2#12|0,0|0#1|0#2|0#3|4#4|2#5|2#6|2#7|2#8|2#9|3#10|2#11|3#12|0,0|0#1|0#2|0#3|3#4|2#5|2#6|2#7|2#8|2#9|2#10|2#11|2#12|0
45|117,0,0,0,0,0,0,0,0,0,0,0,0,0,0,0,0,,,,
134|101,0,0,0,0,0,0,0,0,0,0,0,0,0,0,0,0,,,,
58|104,0,0,0,0,0,0,0,0,0,0,0,0,0,0,0,0,,,,
80|7,0,0,0,0,0,0,0,0,0,0,0,0,0,0,0,0,,,,
113|4,0,0,0,0,0,0,0,0,0,0,0,0,0,0,0,0,,,,
48|87,0,1,0,0,0,0,0,0,0,0,0,0,0,0,0,0,,,,
133|17,0,0,0,0,0,0,0,0,0,0,0,0,0,0,0,0,,,,
90|30,0,1,0,0,0,0,0,0,0,0,2,0,0,0,0,0,,0|0#1|0#2|0#3|0#4|0#5|0#6|0#7|0#8|0#9|0#10|0#11|0#12|0,,0|0#1|0#2|0#3|0#4|0#5|0#6|0#7|0#8|0#9|0#10|0#11|0#12|0
76|92,12,6,39,0,3,5,3,9,8,0,18,6,2,0,0,0,0|0#1|0#2|0#3|0#4|0#5|0#6|0#7|0#8|0#9|0#10|0#11|0#12|0,0|0#1|0#2|0#3|0#4|0#5|0#6|0#7|0#8|0#9|0#10|0#11|0#12|0,0|0#1|0#2|0#3|0#4|0#5|0#6|0#7|0#8|0#9|0#10|0#11|0#12|0,0|0#1|0#2|0#3|0#4|0#5|0#6|0#7|0#8|0#9|0#10|0#11|0#12|0
145|59,0,0,0,0,0,0,0,0,0,0,0,0,0,0,0,0,,,,
119|79,0,0,0,0,0,0,0,0,0,0,0,0,0,0,0,0,,,,
44|100,0,0,0,0,0,0,0,0,0,0,0,0,1,0,0,0,,,,
57|81,0,0,0,0,0,0,0,0,0,0,0,0,0,0,0,0,,,,
148|105,0,0,0,0,0,0,0,0,0,0,0,0,0,0,0,0,,,,
70|125,0,0,0,0,0,0,0,0,0,0,0,0,0,0,0,0,,,,
38|70,0,0,0,0,0,0,0,0,0,0,0,0,0,0,0,0,,,,
36|45,0,0,0,0,0,0,0,0,0,0,0,0,0,0,0,0,,,,
83|61,1,0,0,0,0,0,0,0,0,0,0,6,0,0,0,0,0|0#1|0#2|0#3|2#4|2#5|1#6|0#7|0#8|0#9|0#10|1#11|2#12|0,0|0#1|0#2|0#3|2#4|1#5|0#6|0#7|0#8|0#9|0#10|0#11|0#12|0,0|0#1|0#2|0#3|2#4|2#5|0#6|0#7|0#8|0#9|0#10|2#11|2#12|0,0|0#1|0#2|0#3|2#4|0#5|0#6|0#7|0#8|0#9|0#10|0#11|0#12|0
67|98,0,0,0,0,0,0,0,0,0,0,0,0,0,0,0,0,,,,
83|112,0,1,0,0,0,1,0,0,0,0,0,0,0,0,0,0,,,,
43|14,0,0,0,0,0,0,0,0,0,0,0,0,0,0,0,0,,,,
97|116,0,0,0,0,0,0,0,0,1,0,0,0,0,0,0,0,,,,
17|34,0,0,0,0,0,0,0,0,0,0,0,0,0,0,0,0,,,,
135|118,0,0,0,0,0,0,0,0,0,0,0,1,0,0,0,0,,,,
