7|31,0,0,0,0,0,0,0,0,0,0,0,0,0,0,0,0,,,,
119|33,0,0,0,0,0,0,0,0,0,0,0,0,0,0,0,0,,,,
36|131,0,0,0,0,0,0,0,0,0,0,0,0,0,0,0,0,,,,
23|144,0,0,0,0,0,0,0,0,0,0,0,0,0,0,0,0,,,,
67|52,0,0,0,0,0,0,0,4,0,0,0,0,0,0,0,0,,,,
13|1,0,0,0,0,0,0,0,0,0,0,0,0,0,0,0,0,,,,
89|147,0,0,0,0,0,0,0,1,0,0,0,0,0,0,0,0,,,,
46|16,0,0,0,0,0,0,0,0,0,0,0,1,0,0,0,0,,,,
143|6,0,0,0,0,0,0,0,0,0,0,0,0,0,0,0,0,,,,
55|10,0,0,0,0,0,0,0,0,0,0,0,0,0,0,0,0,,,,
138|44,0,0,0,0,0,0,0,0,1,0,0,4,0,0,0,0,0|0#1|0#2|0#3|0#4|0#5|0#6|0#7|0#8|0#9|0#10|0#11|0#12|0,0|0#1|0#2|0#3|0#4|0#5|0#6|0#7|0#8|0#9|0#10|0#11|0#12|0,0|0#1|0#2|0#3|0#4|0#5|0#6|0#7|0#8|0#9|0#10|0#11|0#12|0,0|0#1|0#2|0#3|0#4|0#5|0#6|0#7|0#8|0#9|0#10|0#11|0#12|0
145|13,0,0,0,0,0,0,0,0,0,0,0,0,0,0,0,0,,,,
75|143,0,0,0,0,0,0,0,0,0,0,0,0,0,0,0,0,,,,
48|41,0,0,0,0,0,0,0,0,0,0,0,0,0,0,0,0,,,,
39|47,0,0,0,0,0,0,0,0,0,0,0,0,0,0,0,0,,,,
79|94,0,0,0,0,0,0,0,0,1,0,0,0,0,0,0,0,,,,
113|145,0,0,0,0,0,0,0,0,0,0,0,0,0,0,0,0,,,,
77|69,4,3,6,1,0,3,0,3,0,1,0,1,3,0,0,0,0|0#1|0#2|0#3|0#4|0#5|0#6|0#7|0#8|0#9|0#10|0#11|0#12|0,0|0#1|0#2|0#3|0#4|0#5|0#6|0#7|0#8|0#9|0#10|0#11|0#12|0,0|0#1|0#2|0#3|0#4|0#5|0#6|0#7|0#8|0#9|0#10|0#11|0#12|0,0|0#1|0#2|0#3|0#4|0#5|0#6|0#7|0#8|0#9|0#10|0#11|0#12|0
84|38,0,0,0,0,0,0,0,1,0,0,0,0,0,0,0,0,,,,
126|132,0,0,0,0,0,0,0,0,0,0,0,0,0,0,0,0,,,,
151|140,0,0,0,0,0,0,0,0,0,0,0,0,0,0,0,0,,,,
117|8,0,0,0,0,0,0,0,0,0,0,0,0,0,0,0,0,,,,
88|130,0,0,0,0,0,0,0,0,0,0,0,0,0,0,0,0,,,,
86|63,0,0,1,0,0,0,0,2,1,0,1,0,3,0,0,0,0|0#1|0#2|0#3|3#4|2#5|2#6|2#7|2#8|2#9|2#10|2#11|2#12|0,0|0#1|0#2|0#3|2#4|2#5|2#6|2#7|2#8|2#9|2#10|2#11|1#12|0,0|0#1|0#2|0#3|3#4|2#5|2#6|2#7|2#8|2#9|2#10|2#11|2#12|0,0|0#1|0#2|0#3|2#4|2#5|2#6|2#7|2#8|2#9|2#10|2#11|2#12|0
136|19,0,0,0,0,0,0,0,0,0,0,0,0,0,0,0,0,,,,
74|21,0,0,0,0,0,0,0,0,0,0,0,0,0,0,0,0,0|0#1|0#2|0#3|0#4|0#5|0#6|0#7|0#8|0#9|0#10|0#11|0#12|0,0|0#1|0#2|0#3|0#4|0#5|0#6|0#7|0#8|0#9|0#10|0#11|0#12|0,0|0#1|0#2|0#3|0#4|0#5|0#6|0#7|0#8|0#9|0#10|0#11|0#12|0,
29|30,0,0,0,0,0,0,1,0,0,0,0,0,0,0,0,0,,,,
58|58,0,0,0,0,0,0,0,0,0,0,0,0,2,0,0,0,0|0#1|0#2|0#3|0#4|0#5|0#6|0#7|0#8|0#9|0#10|0#11|0#12|0,0|0#1|0#2|0#3|0#4|0#5|0#6|0#7|0#8|0#9|0#10|0#11|0#12|0,0|0#1|0#2|0#3|0#4|0#5|0#6|0#7|0#8|0#9|0#10|0#11|0#12|0,0|0#1|0#2|0#3|0#4|0#5|0#6|0#7|0#8|0#9|0#10|0#11|0#12|0
93|32,0,0,0,0,0,0,0,0,0,0,0,0,0,0,0,0,,,,
65|27,1,0,6,1,1,2,2,0,0,0,1,0,1,0,0,0,,,,
