102|32,0,0,0,0,0,0,0,0,0,0,0,0,0,0,0,0,0|0#1|0#2|0#3|0#4|0#5|0#6|0#7|0#8|0#9|0#10|0#11|0#12|0,,,
131|139,0,0,0,0,0,0,0,0,0,0,0,0,0,0,0,0,,,,
133|85,98,46,223,7,10,19,6,32,4,3,92,12,18,0,0,0,0|0#1|0#2|0#3|0#4|0#5|0#6|0#7|0#8|0#9|0#10|0#11|0#12|0,,0|0#1|0#2|0#3|0#4|0#5|0#6|0#7|0#8|0#9|0#10|0#11|0#12|0,
15|77,0,0,0,0,0,0,0,0,0,0,0,0,0,0,0,0,,,,
67|112,0,1,0,0,0,0,0,0,1,0,0,0,1,0,0,0,,,,
22|46,0,0,0,0,0,0,0,0,0,0,0,0,0,0,0,0,,,,
53|99,0,0,0,0,0,0,0,0,0,0,0,0,0,0,0,0,0|0#1|0#2|0#3|0#4|0#5|0#6|0#7|0#8|0#9|0#10|0#11|0#12|0,,,
40|121,0,0,0,0,0,0,0,0,0,0,0,0,0,0,0,0,,,,
92|120,0,1,0,0,0,0,0,0,0,0,0,0,0,0,0,0,,,,
119|118,0,0,0,0,0,0,0,0,0,0,0,1,0,0,0,0,,,,
34|88,0,0,0,0,0,0,0,0,0,0,0,0,0,0,0,0,,,,
62|93,0,0,0,0,0,0,0,0,0,0,0,0,0,0,0,0,,,,
0|47,0,0,0,0,0,0,0,0,0,0,0,0,0,0,0,0,,,,
140|54,0,0,0,0,0,0,0,0,0,0,0,0,0,0,0,0,,,,
2|72,0,0,0,0,0,0,0,0,0,0,0,0,0,0,0,0,,,,
118|101,3,0,2,0,0,0,0,0,1,0,1,2,0,0,0,0,,,,
112|49,0,0,0,0,0,0,0,1,0,0,0,7,1,0,0,0,0|0#1|0#2|0#3|0#4|0#5|0#6|0#7|0#8|0#9|0#10|0#11|0#12|0,0|0#1|0#2|0#3|0#4|0#5|0#6|0#7|0#8|0#9|0#10|0#11|0#12|0,0|0#1|0#2|0#3|0#4|0#5|0#6|0#7|0#8|0#9|0#10|0#11|0#12|0,0|0#1|0#2|0#3|0#4|0#5|0#6|0#7|0#8|0#9|0#10|0#11|0#12|0
15|113,0,0,0,0,0,0,0,0,0,0,0,0,0,0,0,0,,,,
54|125,0,0,0,0,0,0,0,0,0,0,0,0,0,0,0,0,,,,
121|43,0,0,0,0,0,0,0,0,0,0,0,0,0,0,0,0,,,,
24|71,0,0,0,0,0,0,0,0,0,0,0,0,0,0,0,0,,,,
144|126,0,0,0,0,0,0,0,0,0,0,0,0,0,0,0,0,,,,
60|68,0,0,0,0,0,0,0,0,0,0,0,0,0,0,0,0,,,,
105|114,0,0,0,0,0,0,0,0,0,0,0,0,0,0,0,0,,,,
43|82,0,0,0,0,0,0,0,0,0,0,0,0,0,0,0,0,,,,
134|9,0,0,0,0,0,0,0,0,0,0,0,0,0,0,0,0,,,,
68|129,0,0,0,0,0,0,0,0,0,0,0,0,0,0,0,0,,,,
29|117,0,0,0,0,0,0,0,0,0,0,0,0,0,0,0,0,,,,
6|110,0,0,0,0,0,0,0,0,0,0,0,0,0,0,0,0,,,,
41|57,0,0,0,0,0,0,0,0,0,0,0,0,0,0,0,0,,,,
28|100,0,0,0,0,0,0,0,0,0,0,0,0,0,0,0,0,,,,
30|2,0,0,0,0,0,0,1,0,0,0,0,0,0,0,0,0,,,,
114|74,0,0,0,0,0,0,0,0,0,0,0,0,0,0,0,0,0|0#1|0#2|0#3|0#4|0#5|0#6|0#7|0#8|0#9|0#10|0#11|0#12|0,,0|0#1|0#2|0#3|0#4|0#5|0#6|0#7|0#8|0#9|0#10|0#11|0#12|0,
152|96,0,0,0,0,0,0,0,0,0,0,0,0,0,0,0,0,,,,
7|127,0,0,0,0,0,0,0,0,0,0,0,0,0,0,0,0,,,,
130|122,0,0,0,0,0,0,0,0,0,0,0,0,0,0,0,0,,,,
93|137,0,0,0,0,0,0,0,0,0,0,0,0,0,0,0,0,,,,
41|138,0,0,0,0,0,0,0,0,0,0,0,0,0,0,0,0,,,,
31|40,0,0,0,0,0,0,0,0,0,0,0,0,0,0,0,0,,,,
50|51,0,0,0,0,0,0,0,0,0,0,0,1,0,0,0,0,0|0#1|0#2|0#3|0#4|0#5|0#6|0#7|0#8|0#9|0#10|0#11|0#12|0,,0|0#1|0#2|0#3|0#4|0#5|0#6|0#7|0#8|0#9|0#10|0#11|0#12|0,
