46|115,0,0,0,0,0,0,0,0,0,0,0,0,0,0,0,0,,,,
86|90,3,0,1,0,0,0,0,2,1,0,0,2,0,0,0,0,,,0|0#1|0#2|0#3|0#4|0#5|0#6|0#7|0#8|0#9|0#10|0#11|0#12|0,
84|65,1,0,0,2,0,1,0,0,0,0,0,0,0,0,0,0,0|0#1|0#2|0#3|2#4|0#5|0#6|1#7|0#8|1#9|1#10|0#11|0#12|0,0|0#1|0#2|0#3|1#4|0#5|0#6|0#7|0#8|0#9|1#10|0#11|0#12|0,0|0#1|0#2|0#3|2#4|0#5|0#6|0#7|1#8|1#9|0#10|0#11|0#12|0,0|0#1|0#2|0#3|1#4|0#5|0#6|0#7|0#8|0#9|0#10|0#11|0#12|0
84|110,0,0,0,0,0,0,0,0,0,0,0,0,0,0,0,0,,,,
123|8,0,0,0,0,0,0,0,0,0,0,0,0,0,0,0,0,,,,
149|103,0,0,0,0,0,0,0,0,0,0,0,0,0,0,0,0,,,,
39|74,0,0,0,0,0,0,0,0,0,0,0,0,0,0,0,0,,,,
138|71,0,0,0,0,0,0,0,0,0,0,0,0,0,0,0,0,,,,
53|12,0,0,0,0,0,0,0,0,0,0,0,0,0,0,0,0,,,,
44|18,0,0,0,0,0,0,0,0,0,0,0,0,0,0,0,0,,,,
117|35,0,0,0,0,0,0,0,0,0,0,0,0,0,0,0,0,,,,
77|96,2,0,0,0,0,4,0,0,0,0,0,0,1,0,0,0,0|0#1|0#2|0#3|0#4|0#5|0#6|0#7|0#8|0#9|0#10|0#11|0#12|0,,0|0#1|0#2|0#3|0#4|0#5|0#6|0#7|0#8|0#9|0#10|0#11|0#12|0,
123|129,0,0,0,0,0,0,0,0,0,0,0,0,0,0,0,0,,,,
65|54,0,0,0,0,0,0,0,0,0,0,0,0,0,0,0,0,,,0|0#1|0#2|0#3|0#4|0#5|0#6|0#7|0#8|0#9|0#10|0#11|0#12|0,0|0#1|0#2|0#3|0#4|0#5|0#6|0#7|0#8|0#9|0#10|0#11|0#12|0
122|112,0,0,0,0,0,0,0,0,0,0,0,0,0,0,0,0,,,,
32|111,0,0,0,0,0,0,0,0,0,0,0,0,0,0,0,0,,,,
63|29,0,0,0,0,0,0,0,0,0,0,0,0,0,0,0,0,,,,
27|32,0,0,0,0,0,0,0,0,0,0,0,0,0,0,0,0,,,,
85|127,0,0,0,0,0,0,0,0,0,0,0,0,0,0,0,0,,,,
59|102,6,5,3,1,0,1,1,0,0,0,0,0,3,0,0,0,,0|0#1|0#2|0#3|0#4|0#5|0#6|0#7|0#8|0#9|0#10|0#11|0#12|0,0|0#1|0#2|0#3|0#4|0#5|0#6|0#7|0#8|0#9|0#10|0#11|0#12|0,0|0#1|0#2|0#3|0#4|0#5|0#6|0#7|0#8|0#9|0#10|0#11|0#12|0
37|49,0,2,1,0,0,0,0,0,0,0,0,0,0,0,0,0,,0|0#1|0#2|0#3|0#4|0#5|0#6|0#7|0#8|0#9|0#10|0#11|0#12|0,,0|0#1|0#2|0#3|0#4|0#5|0#6|0#7|0#8|0#9|0#10|0#11|0#12|0
129|77,0,0,0,0,0,0,0,0,0,0,0,0,0,0,0,0,0|0#1|0#2|0#3|0#4|0#5|0#6|0#7|0#8|0#9|0#10|0#11|0#12|0,,0|0#1|0#2|0#3|0#4|0#5|0#6|0#7|0#8|0#9|0#10|0#11|0#12|0,
148|88,0,0,0,0,0,0,0,0,0,0,0,0,0,0,0,0,,,,
72|23,0,0,0,0,0,0,0,0,0,0,0,0,0,0,0,0,,,,
98|114,0,0,0,0,0,0,0,0,0,0,0,0,0,0,0,0,,,,
136|116,0,0,0,0,0,0,0,0,0,0,0,0,0,0,0,0,,,,
136|46,0,0,0,0,0,0,0,0,0,0,0,0,0,0,0,0,,,,
46|43,0,0,0,0,0,0,0,0,0,0,0,0,0,0,0,0,,,,
18|38,0,0,0,0,0,0,0,0,0,0,0,0,0,0,0,0,,,,
119|60,0,0,0,0,0,0,1,0,0,0,0,0,0,0,0,0,0|0#1|0#2|0#3|0#4|0#5|0#6|0#7|0#8|0#9|1#10|0#11|0#12|0,,0|0#1|0#2|0#3|0#4|0#5|0#6|1#7|0#8|0#9|0#10|0#11|0#12|0,
71|123,0,0,0,0,0,0,0,0,0,0,0,0,0,0,0,0,,,,
33|128,0,0,0,0,0,0,0,0,0,0,0,0,0,0,0,0,,,,
145|40,0,0,0,0,0,0,0,0,0,0,0,0,0,0,0,0,,,,
58|85,0,0,0,0,0,0,0,1,1,0,0,0,1,0,0,0,0|0#1|0#2|0#3|0#4|0#5|0#6|0#7|0#8|0#9|0#10|0#11|0#12|0,,0|0#1|0#2|0#3|0#4|0#5|0#6|0#7|0#8|0#9|0#10|0#11|0#12|0,
5|33,0,0,0,0,0,0,0,0,0,0,0,0,0,0,0,0,,,,
91|34,3,1,51,0,2,4,0,3,5,0,5,1,0,0,0,0,0|0#1|0#2|0#3|0#4|0#5|0#6|0#7|0#8|0#9|0#10|0#11|0#12|0,0|0#1|0#2|0#3|0#4|0#5|0#6|0#7|0#8|0#9|0#10|0#11|0#12|0,0|0#1|0#2|0#3|0#4|0#5|0#6|0#7|0#8|0#9|0#10|0#11|0#12|0,0|0#1|0#2|0#3|0#4|0#5|0#6|0#7|0#8|0#9|0#10|0#11|0#12|0
143|15,0,0,0,0,0,0,0,0,0,0,0,0,0,0,0,0,,,,
