14|69,0,0,0,0,0,0,0,0,0,0,0,0,0,0,0,0,,,,
42|74,0,0,0,0,0,0,0,1,0,0,0,0,0,0,0,0,,,,
1|64,0,0,0,0,0,0,0,0,0,0,0,0,0,0,0,0,,,,
142|1,0,0,0,0,0,0,0,0,0,0,0,0,0,0,0,0,,,,
122|60,0,0,0,0,0,0,0,0,0,0,0,0,0,0,0,0,0|0#1|0#2|0#3|0#4|0#5|0#6|0#7|0#8|0#9|0#10|0#11|0#12|0,0|0#1|0#2|0#3|0#4|0#5|0#6|0#7|0#8|0#9|0#10|0#11|0#12|0,0|0#1|0#2|0#3|0#4|0#5|0#6|0#7|0#8|0#9|0#10|0#11|0#12|0,0|0#1|0#2|0#3|0#4|0#5|0#6|0#7|0#8|0#9|0#10|0#11|0#12|0
11|21,0,0,0,0,0,0,0,14,1,0,0,0,0,0,0,0,,,,
115|91,0,0,0,0,0,0,0,0,0,0,0,7,0,0,0,0,0|0#1|0#2|0#3|0#4|0#5|0#6|0#7|0#8|0#9|0#10|0#11|0#12|0,0|0#1|0#2|0#3|0#4|0#5|0#6|0#7|0#8|0#9|0#10|0#11|0#12|0,0|0#1|0#2|0#3|0#4|0#5|0#6|0#7|0#8|0#9|0#10|0#11|0#12|0,0|0#1|0#2|0#3|0#4|0#5|0#6|0#7|0#8|0#9|0#10|0#11|0#12|0
90|101,0,0,0,0,0,0,0,0,0,0,0,1,0,0,0,0,,0|0#1|0#2|0#3|0#4|0#5|0#6|0#7|0#8|0#9|0#10|0#11|0#12|0,,0|0#1|0#2|0#3|0#4|0#5|0#6|0#7|0#8|0#9|0#10|0#11|0#12|0
40|49,0,0,0,0,0,0,0,0,0,0,0,0,0,0,0,0,,,,
132|77,0,0,0,0,0,0,0,0,0,0,0,0,0,0,1,0,,,,
23|63,0,0,0,0,0,0,0,0,0,0,0,0,0,0,0,0,,0|0#1|0#2|0#3|0#4|0#5|0#6|0#7|0#8|0#9|0#10|0#11|0#12|0,,0|0#1|0#2|0#3|0#4|0#5|0#6|0#7|0#8|0#9|0#10|0#11|0#12|0
116|3,0,0,0,0,0,0,0,0,0,0,0,0,0,0,0,0,,,,
142|107,0,0,0,0,0,0,0,0,0,0,0,0,0,0,0,0,,,,
69|140,0,0,0,0,0,0,0,0,0,0,0,0,0,0,0,0,,,,
17|141,0,0,0,0,0,0,0,0,0,0,0,0,0,0,0,0,,,,
101|24,0,0,0,0,0,0,0,0,0,0,0,0,0,0,0,0,,,,
30|32,0,0,0,0,0,0,0,0,0,0,0,1,0,0,0,0,,,,
113|66,2,0,3,0,0,1,0,0,3,0,0,2,0,0,0,0,0|0#1|0#2|0#3|0#4|0#5|0#6|0#7|0#8|0#9|0#10|0#11|0#12|0,0|0#1|0#2|0#3|0#4|0#5|0#6|0#7|0#8|0#9|0#10|0#11|0#12|0,0|0#1|0#2|0#3|0#4|0#5|0#6|0#7|0#8|0#9|0#10|0#11|0#12|0,0|0#1|0#2|0#3|0#4|0#5|0#6|0#7|0#8|0#9|0#10|0#11|0#12|0
52|106,0,0,0,0,0,0,0,1,0,0,0,0,0,0,0,0,,,,
5|108,0,0,0,0,0,0,0,0,0,0,0,0,0,0,0,0,,,,
61|85,0,0,0,0,0,0,0,0,0,0,0,0,0,0,0,0,,,,
21|38,0,0,0,0,0,0,0,0,0,0,0,0,0,0,0,0,,,,
120|35,0,0,0,0,0,0,0,0,0,0,0,0,0,0,0,0,,,,
106|97,0,0,0,0,0,1,0,0,0,0,0,0,0,0,0,0,0|0#1|0#2|0#3|0#4|0#5|0#6|0#7|0#8|0#9|0#10|0#11|0#12|0,,0|0#1|0#2|0#3|0#4|0#5|0#6|0#7|0#8|0#9|0#10|0#11|0#12|0,
80|96,0,0,0,0,0,0,0,0,0,0,0,0,0,0,0,0,,,,
91|118,0,0,0,0,0,0,0,0,0,0,0,0,0,0,0,0,,,,
57|8,0,0,0,0,0,0,0,0,0,0,0,0,0,0,0,0,,,,
141|71,0,0,0,0,0,0,0,0,0,0,0,0,0,0,0,0,,,,
107|142,0,0,0,0,0,0,0,0,0,0,0,0,0,0,0,0,,,,
16|94,0,0,0,0,0,0,0,0,0,0,0,0,0,0,0,0,,,,
151|88,0,0,0,0,0,0,0,0,0,0,0,0,0,0,0,0,,,,
83|6,0,0,0,0,0,0,0,0,0,0,0,0,0,0,0,0,,,,
