60|13,0,0,0,0,0,0,0,0,0,0,0,0,0,0,0,0,,,,
7|90,0,0,0,0,0,0,0,0,0,0,0,0,0,0,0,0,,,,
105|25,0,0,0,0,0,0,0,0,0,0,0,0,0,0,0,0,,,,
98|146,0,0,0,0,0,0,0,0,0,0,0,0,0,0,0,0,,,,
46|147,0,0,0,0,0,0,0,0,0,0,0,0,0,0,0,0,,,,
107|50,0,0,0,0,0,0,0,0,0,0,0,0,0,0,0,0,,,,
150|16,0,0,0,0,0,0,0,0,0,0,0,0,0,0,0,0,,,,
59|134,0,0,0,0,0,0,0,0,0,0,0,0,0,0,0,0,,,,
122|144,0,0,0,0,0,0,0,0,0,0,0,0,0,0,0,0,,,,
143|47,0,0,0,0,0,0,0,0,0,0,0,0,0,0,0,0,,,,
84|142,0,0,0,0,0,0,0,0,0,0,0,0,0,0,0,0,,,,
45|130,0,0,0,0,0,0,0,0,0,0,0,0,0,0,0,0,,,,
119|92,0,0,0,0,0,0,0,0,0,0,0,0,0,0,0,0,0|0#1|0#2|0#3|0#4|0#5|0#6|0#7|0#8|0#9|0#10|0#11|0#12|0,0|0#1|0#2|0#3|0#4|0#5|0#6|0#7|0#8|0#9|0#10|0#11|0#12|0,0|0#1|0#2|0#3|0#4|0#5|0#6|0#7|0#8|0#9|0#10|0#11|0#12|0,
15|22,0,0,0,0,0,0,0,2,0,0,0,0,0,0,0,0,,,,
124|36,0,0,0,0,0,0,0,0,0,0,0,0,0,0,0,0,,,,
149|135,0,0,0,0,0,0,0,0,0,0,0,0,0,0,0,0,,,,
53|44,0,0,0,0,0,1,1,0,0,0,0,0,0,0,0,0,,,,
5|65,0,0,0,0,0,0,0,0,0,0,0,0,0,0,0,0,,,,
117|67,0,0,0,0,0,0,0,0,0,0,0,0,0,0,0,0,,,,
145|72,0,0,0,0,0,0,0,0,1,0,0,0,0,0,0,0,,,,
27|64,0,0,0,0,0,0,0,0,0,0,0,0,0,0,0,0,,,,
34|33,0,0,0,0,0,0,0,0,0,0,0,0,0,0,0,0,,,,
93|91,0,0,0,0,0,0,0,0,0,0,0,0,0,0,0,0,,,,
84|97,0,0,0,0,0,0,0,0,0,0,0,0,0,0,0,0,,,,
32|143,0,0,0,0,0,0,0,0,0,0,0,0,0,0,0,0,,,,
65|86,0,0,0,0,0,0,0,0,0,0,0,0,0,0,0,0,0|0#1|0#2|0#3|0#4|0#5|0#6|0#7|0#8|0#9|0#10|0#11|0#12|0,,0|0#1|0#2|0#3|0#4|0#5|0#6|0#7|0#8|0#9|0#10|0#11|0#12|0,
91|66,0,8,2,2,0,1,2,1,0,0,0,0,1,0,0,0,0|0#1|0#2|0#3|3#4|2#5|0#6|2#7|2#8|2#9|2#10|2#11|2#12|0,0|0#1|0#2|0#3|2#4|2#5|0#6|1#7|0#8|1#9|2#10|0#11|1#12|0,0|0#1|0#2|0#3|3#4|1#5|2#6|2#7|2#8|2#9|2#10|2#11|3#12|0,0|0#1|0#2|0#3|2#4|1#5|0#6|1#7|0#8|2#9|2#10|0#11|2#12|0
46|75,0,0,0,0,0,0,0,0,1,0,0,0,0,0,0,0,,,,
152|41,0,0,0,0,0,0,0,0,0,0,0,0,0,0,0,0,,,,
74|80,0,0,0,0,0,0,0,0,1,0,0,1,0,0,0,0,,0|0#1|0#2|0#3|0#4|0#5|0#6|0#7|0#8|0#9|0#10|0#11|0#12|0,0|0#1|0#2|0#3|0#4|0#5|0#6|0#7|0#8|0#9|0#10|0#11|0#12|0,
72|55,0,0,7,0,1,1,1,0,0,0,1,0,0,0,0,0,0|0#1|0#2|0#3|0#4|0#5|0#6|0#7|0#8|0#9|0#10|0#11|0#12|0,,,
135|131,1,0,1,0,0,0,0,1,0,0,0,2,10,0,0,0,,,,
25|39,0,0,0,0,0,0,0,0,0,0,0,0,0,0,0,0,0|0#1|0#2|0#3|0#4|0#5|0#6|0#7|0#8|0#9|0#10|0#11|0#12|0,,0|0#1|0#2|0#3|0#4|0#5|0#6|0#7|0#8|0#9|0#10|0#11|0#12|0,
133|30,0,0,0,0,0,0,0,0,0,0,0,0,0,0,0,0,,,,
51|19,0,0,0,0,0,0,0,0,0,0,0,0,0,0,0,0,,,,
136|78,0,0,0,0,0,0,0,0,0,0,0,0,1,0,0,0,,,,
97|9,0,0,0,0,0,0,0,0,0,0,0,1,0,0,0,0,,,,
126|61,0,0,0,0,0,0,0,0,0,0,0,0,0,0,0,0,,,,
