20|84,0,0,0,0,0,0,0,0,0,0,0,0,0,0,0,0,,,,
68|30,0,0,0,0,0,0,0,0,0,0,0,0,0,0,0,0,,,,
87|41,0,0,0,0,0,0,0,0,0,0,0,1,0,0,0,0,0|0#1|0#2|0#3|0#4|0#5|0#6|0#7|0#8|0#9|0#10|0#11|0#12|0,0|0#1|0#2|0#3|0#4|0#5|0#6|0#7|0#8|0#9|0#10|0#11|0#12|0,0|0#1|0#2|0#3|0#4|0#5|0#6|0#7|0#8|0#9|0#10|0#11|0#12|0,0|0#1|0#2|0#3|0#4|0#5|0#6|0#7|0#8|0#9|0#10|0#11|0#12|0
128|121,0,0,0,0,0,0,0,0,0,0,0,0,0,0,0,0,,,,
39|137,0,0,0,0,0,0,0,0,0,0,0,0,0,0,0,0,,,,
129|138,0,0,0,0,0,0,0,0,1,0,0,0,0,0,0,0,,,,
100|70,1,1,2,0,0,0,0,0,0,0,0,0,7,0,0,0,0|0#1|0#2|0#3|0#4|0#5|0#6|0#7|0#8|0#9|0#10|0#11|0#12|0,0|0#1|0#2|0#3|0#4|0#5|0#6|0#7|0#8|1#9|0#10|0#11|0#12|0,0|0#1|0#2|0#3|0#4|0#5|0#6|0#7|0#8|0#9|0#10|0#11|0#12|0,0|0#1|0#2|0#3|0#4|0#5|0#6|0#7|1#8|1#9|0#10|0#11|0#12|0
59|36,0,0,0,0,0,0,0,0,0,0,0,0,0,0,0,0,,,,
102|147,0,0,0,0,0,0,0,0,0,0,0,0,0,0,0,0,,,,
50|141,0,0,0,0,0,0,0,0,0,0,0,0,0,0,0,0,,,,
97|58,109,48,268,10,37,33,13,22,35,24,131,214,32,4,0,0,0|0#1|0#2|0#3|4#4|4#5|4#6|4#7|4#8|4#9|4#10|4#11|4#12|0,0|0#1|0#2|0#3|4#4|4#5|4#6|4#7|4#8|4#9|4#10|4#11|4#12|0,0|0#1|0#2|0#3|4#4|4#5|4#6|4#7|4#8|4#9|4#10|4#11|4#12|0,0|0#1|0#2|0#3|4#4|4#5|4#6|4#7|4#8|4#9|4#10|4#11|4#12|0
38|120,0,0,0,0,0,0,0,0,0,0,0,0,0,0,0,0,,,,
99|83,0,0,1,0,0,0,1,1,0,0,0,0,0,0,0,0,,,,
140|142,0,0,0,0,0,0,0,0,0,0,0,0,0,0,0,0,,,,
149|39,0,0,0,0,0,0,0,0,0,0,0,0,0,0,0,0,,,,
25|4,0,0,0,0,0,0,0,0,0,0,0,0,0,0,0,0,,,,
101|130,0,0,0,0,0,0,0,0,0,0,0,0,0,0,0,0,,,,
25|133,0,0,0,0,0,0,0,0,0,0,0,0,0,0,0,0,,,,
64|145,0,0,0,0,0,0,0,0,0,0,0,0,0,0,0,0,,,,
12|146,0,0,0,0,0,0,0,0,0,0,0,0,0,0,0,0,,,,
115|134,0,0,0,0,0,0,0,0,0,0,0,1,0,0,0,0,,,,
51|2,0,0,0,0,0,0,0,0,0,0,0,0,0,0,0,0,,,,
78|47,0,0,0,0,0,1,1,0,1,0,0,0,0,0,0,0,,,,
77|132,0,0,0,0,0,0,0,0,0,0,0,0,0,0,0,0,,,,
3|143,0,0,0,0,0,0,0,0,0,0,0,0,0,0,0,0,,,,
94|10,0,0,0,0,0,0,0,0,0,0,0,0,0,0,0,0,,,,
110|87,0,0,0,0,0,0,0,0,0,0,0,0,0,0,0,0,,,,
85|16,1,0,1,0,1,1,1,0,7,0,1,0,1,0,0,0,,,,
139|22,0,0,0,0,0,0,0,0,0,0,0,0,0,0,0,0,,,,
