100|143,0,0,0,0,0,0,0,0,0,0,0,0,0,0,0,0,,,,
39|32,0,0,1,0,0,1,1,0,1,0,0,1,0,0,0,0,,,,
113|130,0,0,0,0,0,0,0,0,0,0,0,0,0,0,0,0,,,,
10|142,0,0,0,0,0,0,0,0,0,0,0,0,0,0,0,0,,,,
75|29,0,0,0,0,0,0,0,1,0,0,0,0,0,0,0,0,0|0#1|0#2|0#3|0#4|0#5|0#6|0#7|0#8|0#9|0#10|0#11|0#12|0,,0|0#1|0#2|0#3|0#4|0#5|0#6|0#7|0#8|0#9|0#10|0#11|0#12|0,
76|145,0,0,0,0,0,0,0,0,0,0,0,0,0,0,0,0,,,,
24|146,0,0,0,0,0,0,0,0,0,0,0,0,0,0,0,0,,,,
84|23,0,0,0,0,0,0,0,0,0,0,0,0,0,0,0,0,,,,
89|96,2,0,2,0,0,0,1,1,1,0,0,20,0,0,0,0,0|0#1|0#2|0#3|0#4|0#5|0#6|0#7|0#8|0#9|0#10|0#11|0#12|0,,0|0#1|0#2|0#3|0#4|0#5|0#6|0#7|0#8|0#9|0#10|0#11|0#12|0,
127|134,0,0,0,0,0,0,0,0,1,0,0,0,0,0,0,0,,,,
89|132,0,0,0,0,0,0,0,0,0,0,0,0,0,0,0,0,,,,
58|43,1,5,5,0,0,1,3,1,0,0,1,0,0,0,0,0,,,,
8|39,0,0,0,0,0,0,0,0,0,0,0,0,0,0,0,0,,,,
49|49,0,0,0,0,0,0,0,0,0,0,0,2,0,0,0,0,0|0#1|0#2|0#3|0#4|0#5|0#6|0#7|0#8|0#9|0#10|0#11|0#12|0,,0|0#1|0#2|0#3|0#4|0#5|0#6|0#7|0#8|0#9|0#10|0#11|0#12|0,
23|9,0,0,0,0,0,0,0,0,0,0,0,3,0,0,0,0,,,,
62|141,0,0,0,0,0,0,0,0,0,0,0,0,0,0,0,0,,,,
98|90,0,0,0,0,0,0,0,0,0,0,0,0,0,0,0,0,,,,
37|133,0,0,0,0,0,0,0,0,0,0,0,0,0,0,0,0,,,,
96|65,280,61,752,8,22,44,32,47,28,50,221,168,33,1,1,0,0|0#1|0#2|0#3|4#4|4#5|4#6|4#7|4#8|4#9|4#10|4#11|4#12|0,0|0#1|0#2|0#3|4#4|4#5|4#6|4#7|4#8|4#9|4#10|4#11|4#12|0,0|0#1|0#2|0#3|4#4|4#5|4#6|4#7|4#8|4#9|4#10|4#11|4#12|0,0|0#1|0#2|0#3|4#4|4#5|4#6|4#7|4#8|4#9|4#10|4#11|4#12|0
152|142,0,0,0,0,0,0,0,0,0,0,0,0,0,0,0,0,,,,
56|18,0,0,0,2,0,0,0,0,0,0,0,2,0,0,0,0,,,,
77|54,1,0,0,2,0,2,0,0,0,0,0,1,1,0,0,0,0|0#1|0#2|0#3|2#4|0#5|0#6|0#7|0#8|0#9|0#10|0#11|0#12|0,0|0#1|0#2|0#3|0#4|0#5|0#6|0#7|0#8|0#9|0#10|0#11|0#12|0,0|0#1|0#2|0#3|1#4|0#5|0#6|0#7|0#8|0#9|0#10|0#11|0#12|0,0|0#1|0#2|0#3|0#4|0#5|0#6|0#7|0#8|0#9|0#10|0#11|0#12|0
129|35,0,0,0,0,0,0,0,0,0,0,0,0,0,0,0,0,,,,
10|97,0,0,0,0,0,0,0,0,0,0,0,0,0,0,0,0,,,,
65|12,0,0,0,0,0,0,1,0,0,0,0,0,0,0,0,0,,,,
148|46,0,0,0,0,0,0,0,0,0,0,0,0,0,0,0,0,,,,
114|147,0,0,0,0,0,0,0,0,0,0,0,0,0,0,0,0,,,,
