151|143,0,0,0,0,0,0,0,0,0,0,0,0,0,0,0,0,,,,
48|44,2,0,9,0,0,2,2,0,1,0,4,0,0,0,0,0,,,,
55|13,0,0,0,0,0,0,0,0,0,0,0,0,0,0,0,0,,,,
49|121,0,0,0,0,0,0,0,0,0,0,0,0,0,0,0,0,,,,
119|36,0,0,0,0,0,0,0,0,0,0,0,0,0,0,0,0,,,,
7|34,0,0,0,0,0,0,0,0,0,0,0,0,0,0,0,0,,,,
88|133,0,0,0,0,0,0,0,0,0,0,0,0,0,0,0,0,,,,
46|19,0,0,0,0,0,0,0,0,0,0,0,0,0,0,0,0,,,,
93|35,0,0,0,0,0,0,0,0,0,0,0,0,0,0,0,0,0|0#1|0#2|0#3|0#4|0#5|0#6|0#7|0#8|0#9|0#10|0#11|0#12|0,,0|0#1|0#2|0#3|0#4|0#5|0#6|0#7|0#8|0#9|0#10|0#11|0#12|0,
75|146,0,0,0,0,0,0,0,0,0,0,0,0,0,0,0,0,,,,
61|142,0,0,0,0,0,0,0,0,0,0,0,0,0,0,0,0,,,,
13|4,0,0,0,0,0,0,0,0,0,0,0,0,0,0,0,0,,,,
112|131,0,0,0,0,0,0,0,0,0,0,0,0,0,0,0,0,,,,
79|97,0,0,0,0,0,0,0,1,0,0,0,4,1,0,0,0,,0|0#1|0#2|0#3|0#4|0#5|0#6|0#7|0#8|0#9|0#10|0#11|0#12|0,0|0#1|0#2|0#3|0#4|0#5|0#6|0#7|0#8|0#9|0#10|0#11|0#12|0,0|0#1|0#2|0#3|0#4|0#5|0#6|0#7|0#8|0#9|0#10|0#11|0#12|0
0|140,0,0,0,0,0,0,0,0,0,0,0,0,0,0,0,0,,,,
67|55,0,0,0,0,0,0,0,0,0,0,0,0,0,0,0,0,,0|0#1|0#2|0#3|0#4|0#5|0#6|0#7|0#8|0#9|0#10|0#11|0#12|0,,0|0#1|0#2|0#3|0#4|0#5|0#6|0#7|0#8|0#9|0#10|0#11|0#12|0
95|60,187,81,189,114,61,19,30,36,4,31,93,136,58,2,0,0,0|0#1|0#2|0#3|4#4|4#5|4#6|4#7|4#8|4#9|4#10|4#11|4#12|0,0|0#1|0#2|0#3|4#4|4#5|4#6|4#7|4#8|4#9|4#10|4#11|4#12|0,0|0#1|0#2|0#3|4#4|4#5|4#6|4#7|4#8|4#9|4#10|4#11|4#12|0,0|0#1|0#2|0#3|4#4|4#5|4#6|4#7|4#8|4#9|4#10|4#11|4#12|0
147|41,0,0,0,0,0,0,0,0,0,0,0,0,0,0,0,0,,,,
143|9,0,0,0,0,0,0,0,0,0,0,0,0,0,0,0,0,,,,
126|135,0,0,0,0,0,0,0,0,0,0,0,0,0,0,0,0,,,,
145|16,0,0,0,0,0,0,0,0,0,0,0,0,0,0,0,0,,,,
86|66,1,0,0,0,0,0,0,1,1,0,0,9,5,0,0,0,0|0#1|0#2|0#3|2#4|2#5|3#6|2#7|2#8|2#9|3#10|2#11|2#12|0,0|0#1|0#2|0#3|2#4|2#5|2#6|2#7|2#8|2#9|2#10|2#11|2#12|0,0|0#1|0#2|0#3|3#4|2#5|2#6|2#7|3#8|2#9|2#10|3#11|2#12|0,0|0#1|0#2|0#3|1#4|2#5|2#6|2#7|2#8|2#9|2#10|2#11|1#12|0
139|122,0,0,0,0,0,0,0,0,0,0,0,0,0,0,0,0,,,,
22|130,0,0,0,0,0,0,0,0,0,0,0,0,0,0,0,0,,,,
88|91,0,0,0,0,0,0,0,0,0,0,0,0,0,0,0,0,,,,
23|147,0,0,0,0,0,0,0,0,0,0,0,0,0,0,0,0,,,,
74|24,0,0,0,0,0,0,0,0,0,0,0,0,0,0,0,0,,,,
128|30,0,0,0,0,0,0,0,0,0,0,0,0,0,0,0,0,,,,
29|33,0,0,0,0,0,0,0,0,0,0,0,0,0,0,0,0,,,,
69|80,13,2,33,2,3,1,3,2,7,0,4,0,12,0,0,0,,,,
138|47,0,0,0,0,0,0,0,0,0,0,0,0,0,0,0,0,,,,
36|134,0,0,0,0,0,0,0,0,0,0,0,0,0,0,0,0,,,,
