83|15,0,0,0,0,0,0,0,0,0,0,0,0,0,0,0,0,,,,
85|40,0,0,0,0,0,0,0,0,1,0,0,0,0,0,0,0,,,,
135|8,0,0,0,0,0,0,0,0,0,0,0,0,0,0,0,0,,,,
137|21,0,0,0,0,0,0,0,0,0,0,0,0,0,0,0,0,0|0#1|0#2|0#3|0#4|0#5|0#6|0#7|0#8|0#9|0#10|0#11|0#12|0,,,
61|139,0,0,0,0,0,0,0,0,0,0,0,0,0,0,0,0,,,,
125|115,3,8,11,2,2,1,4,6,8,1,6,21,2,0,0,0,,,,
95|57,16,1,19,6,2,0,3,5,0,1,7,20,8,0,0,0,0|0#1|0#2|0#3|4#4|4#5|4#6|4#7|4#8|4#9|4#10|4#11|4#12|0,0|0#1|0#2|0#3|3#4|3#5|3#6|3#7|2#8|3#9|3#10|2#11|3#12|0,0|0#1|0#2|0#3|4#4|4#5|4#6|4#7|4#8|4#9|4#10|4#11|4#12|0,0|0#1|0#2|0#3|3#4|3#5|3#6|2#7|3#8|3#9|2#10|3#11|3#12|0
97|82,0,0,0,0,0,0,0,0,0,0,0,0,0,0,0,0,,,,
109|16,0,0,0,0,0,0,0,0,0,0,0,0,0,0,0,0,,,,
139|119,0,0,0,0,0,0,0,0,0,0,0,0,0,0,0,0,,,,
57|35,0,0,0,0,0,0,0,0,0,0,0,0,0,0,0,0,,,,
69|77,0,0,0,0,0,0,0,0,0,0,0,0,0,0,0,0,,0|0#1|0#2|0#3|0#4|0#5|0#6|0#7|0#8|0#9|0#10|0#11|0#12|0,,0|0#1|0#2|0#3|0#4|0#5|0#6|0#7|0#8|0#9|0#10|0#11|0#12|0
78|71,0,0,0,0,0,0,1,0,1,0,0,0,0,0,0,0,0|0#1|0#2|0#3|0#4|0#5|0#6|0#7|0#8|0#9|0#10|0#11|0#12|0,0|0#1|0#2|0#3|0#4|0#5|0#6|0#7|0#8|0#9|0#10|0#11|0#12|0,,
21|110,0,0,0,0,0,0,0,0,0,0,0,0,0,0,0,0,,,,
22|127,0,0,0,0,0,0,0,0,0,0,0,0,0,0,0,0,,,,
128|27,0,0,0,0,0,0,0,0,0,0,0,0,0,0,0,0,,,,
9|56,0,0,0,0,0,0,0,0,0,0,0,0,0,0,0,0,,,,
87|113,0,0,0,0,0,0,0,0,0,0,0,0,0,0,0,0,,,,
150|123,0,0,0,0,0,0,0,0,0,0,0,0,0,0,0,0,,,,
111|111,0,0,1,0,0,0,0,0,1,0,0,0,1,0,0,0,,,,
74|126,0,0,0,0,0,0,0,0,0,0,0,0,0,0,0,0,,,,
31|1,0,0,0,0,0,0,0,0,0,0,0,0,0,0,0,0,,,,
49|118,0,0,0,0,0,0,0,0,0,0,0,0,0,0,0,0,,,,
118|10,0,0,0,0,0,0,0,0,0,0,0,0,0,0,0,0,,,,
48|101,0,0,0,0,0,0,0,0,0,0,0,0,0,0,0,0,0|0#1|0#2|0#3|0#4|0#5|0#6|0#7|0#8|0#9|0#10|0#11|0#12|0,0|0#1|0#2|0#3|0#4|0#5|0#6|0#7|0#8|0#9|0#10|0#11|0#12|0,0|0#1|0#2|0#3|0#4|0#5|0#6|0#7|0#8|0#9|0#10|0#11|0#12|0,0|0#1|0#2|0#3|0#4|0#5|0#6|0#7|0#8|0#9|0#10|0#11|0#12|0
38|24,0,0,0,0,0,0,0,0,0,0,0,0,0,0,0,0,,,,
0|137,0,0,0,0,0,0,0,0,0,0,0,0,0,0,0,0,,,,
88|88,0,0,0,0,0,0,0,0,0,0,0,1,0,0,0,0,,0|0#1|0#2|0#3|0#4|0#5|0#6|0#7|0#8|0#9|0#10|0#11|0#12|0,,0|0#1|0#2|0#3|0#4|0#5|0#6|0#7|0#8|0#9|0#10|0#11|0#12|0
138|102,0,0,0,0,0,0,0,0,0,0,0,0,0,0,0,0,,,,
147|38,0,0,0,0,0,0,0,0,0,0,0,0,0,0,0,0,0|0#1|0#2|0#3|0#4|0#5|0#6|0#7|0#8|0#9|0#10|0#11|0#12|0,,,
60|122,0,0,0,0,0,0,0,0,0,0,0,0,0,0,0,0,,,,
59|60,19,2,2,15,0,0,0,1,1,0,0,2,3,0,0,0,0|0#1|0#2|0#3|0#4|0#5|0#6|0#7|0#8|0#9|0#10|0#11|0#12|0,0|0#1|0#2|0#3|0#4|0#5|0#6|0#7|0#8|0#9|0#10|0#11|0#12|0,0|0#1|0#2|0#3|0#4|0#5|0#6|0#7|0#8|0#9|0#10|0#11|0#12|0,0|0#1|0#2|0#3|0#4|0#5|0#6|0#7|0#8|0#9|0#10|0#11|0#12|0
76|46,0,0,0,0,0,0,0,0,0,0,0,0,1,0,0,0,0|0#1|0#2|0#3|0#4|0#5|0#6|0#7|0#8|0#9|0#10|0#11|0#12|0,0|0#1|0#2|0#3|0#4|0#5|0#6|0#7|0#8|0#9|0#10|0#11|0#12|0,0|0#1|0#2|0#3|0#4|0#5|0#6|0#7|0#8|0#9|0#10|0#11|0#12|0,0|0#1|0#2|0#3|0#4|0#5|0#6|0#7|0#8|0#9|0#10|0#11|0#12|0
112|128,0,0,0,0,0,0,0,0,0,0,0,1,1,0,0,0,,,,
19|13,0,0,0,0,0,0,0,0,0,0,0,0,0,0,0,0,,,,
35|114,0,0,0,0,0,0,0,0,0,0,0,0,0,0,0,0,,,,
149|63,0,0,0,0,0,0,0,0,0,0,0,0,0,0,0,0,,,,
