16|62,0,0,0,0,0,0,0,0,0,0,0,0,0,0,0,0,,,,
33|48,0,0,0,0,0,0,0,0,0,0,0,0,0,0,0,0,,,,
57|138,0,0,0,0,0,0,0,0,0,0,0,0,0,0,0,0,,,,
18|126,0,0,0,0,0,0,0,0,0,0,0,0,0,0,0,0,,,,
23|31,0,0,0,0,0,0,0,0,0,0,0,0,0,0,0,0,,,,
108|90,0,0,0,0,0,0,0,0,1,0,0,0,0,0,0,0,,,,
35|73,0,0,0,0,0,0,0,0,0,0,0,0,0,0,0,0,,,,
106|65,28,16,52,4,6,19,8,9,2,0,19,2,3,0,0,0,0|0#1|0#2|0#3|4#4|4#5|4#6|4#7|4#8|4#9|4#10|4#11|4#12|0,0|0#1|0#2|0#3|4#4|4#5|3#6|3#7|3#8|3#9|3#10|3#11|3#12|0,0|0#1|0#2|0#3|4#4|4#5|4#6|4#7|4#8|4#9|4#10|4#11|4#12|0,0|0#1|0#2|0#3|4#4|3#5|3#6|3#7|3#8|3#9|3#10|3#11|3#12|0
108|127,0,0,0,0,0,0,0,0,0,0,0,0,0,0,0,0,,,,
42|42,0,0,0,0,0,0,0,0,0,0,0,0,0,0,0,0,,,,
144|87,0,0,0,0,0,0,0,0,0,0,0,0,0,0,0,0,,,0|0#1|0#2|0#3|0#4|0#5|0#6|0#7|0#8|0#9|0#10|0#11|0#12|0,
14|37,0,0,0,0,0,0,0,0,0,0,0,0,0,0,0,0,,,,
151|56,0,0,0,0,0,0,0,0,0,0,0,0,0,0,0,0,,,,
133|135,0,0,0,0,0,0,0,0,0,0,0,0,0,0,0,0,,,,
107|110,0,0,0,0,0,0,0,0,0,0,0,0,0,0,0,0,,,,
95|133,0,0,0,0,0,0,0,0,0,0,0,0,0,0,0,0,,,,
147|139,0,0,0,0,0,0,0,0,0,0,0,0,0,0,0,0,,,,
1|32,0,0,0,0,0,0,0,0,0,0,0,0,0,0,0,0,,,,
52|59,0,0,4,0,2,1,0,2,0,0,1,3,0,0,0,0,,,,
82|146,0,0,0,0,0,0,0,0,0,0,0,0,0,0,0,0,,,,
80|64,52,17,88,6,2,5,6,9,3,0,39,7,19,0,0,0,0|0#1|0#2|0#3|2#4|2#5|2#6|2#7|2#8|2#9|2#10|2#11|2#12|0,0|0#1|0#2|0#3|0#4|1#5|2#6|2#7|2#8|2#9|1#10|2#11|2#12|0,0|0#1|0#2|0#3|1#4|2#5|2#6|2#7|2#8|2#9|2#10|2#11|2#12|0,0|0#1|0#2|0#3|1#4|2#5|2#6|2#7|2#8|2#9|2#10|2#11|1#12|0
40|17,0,0,0,0,0,0,0,0,0,0,0,0,0,0,0,0,,,,
26|79,0,0,0,0,0,0,0,0,0,0,0,0,0,0,0,0,,,,
113|34,0,0,0,0,0,0,0,0,0,0,0,0,0,0,0,0,0|0#1|0#2|0#3|0#4|0#5|0#6|0#7|0#8|0#9|0#10|0#11|0#12|0,,0|0#1|0#2|0#3|0#4|0#5|0#6|0#7|0#8|0#9|0#10|0#11|0#12|0,
134|70,0,0,0,0,0,0,0,0,0,0,0,0,0,0,0,0,0|0#1|0#2|0#3|0#4|0#5|0#6|0#7|0#8|0#9|0#10|0#11|0#12|0,0|0#1|0#2|0#3|0#4|0#5|0#6|0#7|0#8|0#9|0#10|0#11|0#12|0,0|0#1|0#2|0#3|0#4|0#5|0#6|0#7|0#8|0#9|0#10|0#11|0#12|0,0|0#1|0#2|0#3|0#4|0#5|0#6|0#7|0#8|0#9|0#10|0#11|0#12|0
30|147,0,0,0,0,0,0,0,0,0,0,0,0,0,0,0,0,,,,
43|134,0,0,0,0,0,0,0,0,0,0,0,0,0,0,0,0,,,,
132|45,0,1,0,0,0,0,0,0,0,0,0,0,0,0,0,0,0|0#1|0#2|0#3|0#4|0#5|0#6|0#7|0#8|0#9|0#10|0#11|0#12|0,,0|0#1|0#2|0#3|0#4|0#5|0#6|0#7|0#8|0#9|0#10|0#11|0#12|0,
54|84,0,0,0,0,0,0,1,0,0,0,0,0,0,0,0,0,,,,
56|121,0,0,0,0,0,0,0,0,0,0,0,0,0,0,0,0,,,,
9|123,0,0,0,0,0,0,0,0,0,0,0,0,0,0,0,0,,,,
146|122,0,0,0,0,0,0,0,0,0,0,0,0,0,0,0,0,,,,
73|95,0,0,0,0,0,0,1,0,0,0,0,1,0,0,0,0,,,,
125|76,0,0,0,0,0,0,0,0,0,0,0,0,0,0,0,0,,,,
61|53,0,0,0,0,0,0,0,0,0,0,0,0,0,0,0,0,0|0#1|0#2|0#3|1#4|0#5|0#6|0#7|0#8|0#9|0#10|0#11|0#12|0,0|0#1|0#2|0#3|0#4|0#5|0#6|0#7|0#8|0#9|0#10|0#11|0#12|0,0|0#1|0#2|0#3|0#4|0#5|0#6|0#7|0#8|0#9|0#10|0#11|0#12|0,0|0#1|0#2|0#3|0#4|0#5|0#6|0#7|0#8|0#9|0#10|0#11|0#12|0
77|1,0,0,0,0,0,0,0,0,0,0,0,1,0,0,0,0,,,,
