32|105,0,0,0,0,0,0,0,0,0,0,0,0,0,0,0,0,,,,
36|20,0,0,0,0,0,0,0,0,0,0,0,0,0,0,0,0,,,,
72|17,0,0,0,0,0,0,0,0,0,0,0,0,0,0,0,0,,,,
65|48,0,0,0,0,0,0,0,0,1,0,0,1,0,0,0,0,,,,
39|68,0,0,0,0,0,0,0,0,0,0,0,0,0,0,0,0,,,,
141|2,0,0,0,0,0,0,0,0,0,0,0,0,0,0,0,0,,,,
98|108,0,0,0,0,0,0,0,0,0,0,0,0,0,0,0,0,,,,
115|4,0,0,0,0,0,0,0,0,0,0,0,0,0,0,0,0,,,,
145|34,96,30,184,0,29,16,8,21,1,3,68,38,6,0,0,0,,,,
74|42,0,0,0,0,0,0,0,0,0,0,0,0,0,0,0,0,,0|0#1|0#2|0#3|0#4|0#5|0#6|0#7|0#8|0#9|0#10|0#11|0#12|0,,0|0#1|0#2|0#3|0#4|0#5|0#6|0#7|0#8|0#9|0#10|0#11|0#12|0
70|100,0,0,0,0,0,0,0,0,0,0,0,0,0,0,0,0,,,,
29|51,0,0,2,0,0,1,1,0,1,0,0,2,0,0,0,0,,,,
46|37,0,0,0,0,0,1,0,0,1,0,0,0,0,0,0,0,,,,
84|104,0,0,4,0,0,3,0,1,0,0,1,0,0,0,0,0,,,,
84|59,12,4,25,2,1,6,1,2,1,1,3,1,0,0,0,0,0|0#1|0#2|0#3|1#4|0#5|1#6|0#7|0#8|0#9|1#10|0#11|0#12|0,0|0#1|0#2|0#3|0#4|0#5|0#6|0#7|0#8|0#9|0#10|0#11|0#12|0,0|0#1|0#2|0#3|1#4|0#5|0#6|0#7|0#8|0#9|0#10|0#11|0#12|0,0|0#1|0#2|0#3|0#4|0#5|0#6|0#7|0#8|0#9|0#10|0#11|0#12|0
82|7,0,0,0,0,0,1,1,0,0,0,0,0,0,0,0,0,,,,
91|28,0,0,0,0,0,0,0,0,0,0,0,0,0,0,0,0,,,,
138|65,0,0,0,0,0,0,0,0,0,0,0,0,0,0,0,0,0|0#1|0#2|0#3|0#4|0#5|0#6|0#7|0#8|0#9|0#10|0#11|0#12|0,0|0#1|0#2|0#3|0#4|0#5|0#6|0#7|0#8|0#9|0#10|0#11|0#12|0,0|0#1|0#2|0#3|0#4|0#5|0#6|0#7|0#8|0#9|0#10|0#11|0#12|0,0|0#1|0#2|0#3|0#4|0#5|0#6|0#7|0#8|0#9|0#10|0#11|0#12|0
7|52,0,0,0,0,0,0,0,1,0,0,0,0,0,0,0,0,,,,
48|62,0,0,0,0,0,0,0,0,0,0,0,0,0,0,0,0,,,,
139|140,0,0,0,0,0,0,0,0,0,0,0,0,0,0,0,0,,,,
5|27,0,0,0,0,0,0,0,0,0,0,0,0,0,0,0,0,,,,
117|29,0,0,0,0,0,0,0,0,0,0,0,0,0,0,0,0,,,,
46|109,0,0,0,0,0,0,0,0,0,0,0,0,0,0,0,0,,,,
126|23,0,0,0,0,0,0,0,0,0,0,0,0,0,0,0,0,,,,
55|31,0,0,0,0,0,0,0,0,0,0,0,0,0,0,0,0,,,,
56|9,0,0,0,0,0,0,0,0,0,0,0,0,0,0,0,0,,,,
58|79,0,0,0,0,0,0,0,0,0,0,0,0,0,0,0,0,,,,
107|12,0,0,0,0,0,0,0,0,0,0,0,0,0,0,0,0,,,,
119|54,2,1,4,0,2,13,1,3,1,0,4,1,2,0,0,0,0|0#1|0#2|0#3|0#4|0#5|0#6|0#7|0#8|0#9|0#10|0#11|0#12|0,,0|0#1|0#2|0#3|0#4|0#5|0#6|0#7|0#8|0#9|0#10|0#11|0#12|0,
122|106,0,0,0,0,0,0,0,0,0,0,0,1,0,0,0,0,,,,
93|53,167,15,162,19,3,12,3,14,1,21,42,21,13,0,0,0,0|0#1|0#2|0#3|4#4|4#5|4#6|4#7|4#8|4#9|4#10|4#11|4#12|0,0|0#1|0#2|0#3|4#4|4#5|4#6|4#7|4#8|4#9|4#10|4#11|4#12|0,0|0#1|0#2|0#3|4#4|4#5|4#6|4#7|4#8|4#9|4#10|4#11|4#12|0,0|0#1|0#2|0#3|4#4|4#5|4#6|4#7|4#8|4#9|4#10|3#11|4#12|0
67|73,0,0,0,0,0,0,0,0,0,0,0,0,0,0,0,0,0|0#1|0#2|0#3|0#4|0#5|0#6|0#7|0#8|0#9|0#10|0#11|0#12|0,0|0#1|0#2|0#3|0#4|0#5|0#6|0#7|0#8|0#9|0#10|0#11|0#12|0,0|0#1|0#2|0#3|0#4|0#5|0#6|0#7|0#8|0#9|0#10|0#11|0#12|0,0|0#1|0#2|0#3|0#4|0#5|0#6|0#7|0#8|0#9|0#10|0#11|0#12|0
81|11,66,17,176,6,6,9,12,23,11,4,103,3,4,0,0,0,,,,
27|26,0,0,0,0,0,0,0,1,0,0,0,0,0,0,0,0,,0|0#1|0#2|0#3|0#4|0#5|0#6|0#7|0#8|0#9|0#10|0#11|0#12|0,,
71|117,0,0,0,0,0,0,0,0,0,0,0,0,0,0,0,0,,,,
86|84,0,0,0,0,0,0,0,0,0,0,0,0,0,0,0,0,0|0#1|0#2|0#3|0#4|0#5|0#6|0#7|0#8|0#9|0#10|0#11|0#12|0,0|0#1|0#2|0#3|0#4|0#5|0#6|0#7|0#8|0#9|0#10|0#11|0#12|0,0|0#1|0#2|0#3|0#4|0#5|0#6|0#7|0#8|0#9|0#10|0#11|0#12|0,0|0#1|0#2|0#3|0#4|0#5|0#6|0#7|0#8|0#9|0#10|0#11|0#12|0
