78|97,0,0,0,0,0,0,0,0,0,0,0,0,0,0,0,0,,,,
118|36,0,0,0,0,0,0,0,0,0,0,0,0,0,0,0,0,,,,
34|123,0,0,0,0,0,0,0,0,0,0,0,0,0,0,0,0,,,,
87|139,0,0,0,0,0,0,0,0,0,0,0,0,0,0,0,0,,,,
137|47,0,0,0,0,0,0,0,0,0,0,0,0,0,0,0,0,,,,
139|72,0,0,0,0,0,0,0,0,0,0,0,0,0,0,0,0,,,,
66|55,0,0,0,0,0,0,0,0,0,0,0,1,0,0,0,0,,,,
21|136,0,0,0,0,0,0,0,0,0,0,0,0,0,0,0,0,,,,
45|19,0,0,0,0,0,0,0,0,0,0,0,0,0,0,0,0,,,,
54|13,0,0,0,0,0,0,0,0,0,0,0,0,0,0,0,0,,,,
110|120,0,0,0,0,0,0,0,0,0,0,0,0,0,0,0,0,,,,
47|44,0,0,0,0,0,0,0,1,0,0,0,0,0,0,0,0,,,,
137|111,0,0,0,0,0,0,0,0,0,0,0,0,0,0,0,0,,,,
59|86,0,0,0,0,0,0,0,1,1,0,0,0,0,0,0,0,0|0#1|0#2|0#3|0#4|0#5|0#6|0#7|0#8|0#9|0#10|0#11|0#12|0,0|0#1|0#2|0#3|0#4|0#5|0#6|0#7|0#8|0#9|0#10|0#11|0#12|0,0|0#1|0#2|0#3|0#4|0#5|0#6|0#7|0#8|0#9|0#10|0#11|0#12|0,0|0#1|0#2|0#3|0#4|0#5|0#6|0#7|0#8|0#9|0#10|0#11|0#12|0
94|60,132,70,188,103,23,14,24,18,11,19,110,64,29,6,0,0,0|0#1|0#2|0#3|4#4|4#5|4#6|4#7|4#8|4#9|4#10|4#11|4#12|0,0|0#1|0#2|0#3|4#4|4#5|4#6|4#7|4#8|4#9|4#10|4#11|4#12|0,0|0#1|0#2|0#3|4#4|4#5|4#6|4#7|4#8|4#9|4#10|4#11|4#12|0,0|0#1|0#2|0#3|4#4|4#5|4#6|4#7|4#8|4#9|4#10|4#11|4#12|0
127|30,0,0,0,0,0,0,0,0,0,0,0,0,0,0,0,0,,,0|0#1|0#2|0#3|0#4|0#5|0#6|0#7|0#8|0#9|0#10|0#11|0#12|0,
124|124,0,0,0,0,0,0,0,0,0,0,0,0,0,0,0,0,,,,
133|9,0,0,0,0,0,0,0,0,0,0,0,0,0,0,0,0,,,,
146|41,0,0,0,0,0,0,0,0,0,0,0,0,0,0,0,0,,,,
138|128,0,0,0,0,0,0,0,0,0,0,0,0,0,0,0,0,,,,
149|89,0,0,0,0,0,0,0,0,0,0,0,0,0,0,0,0,,,,
28|33,0,0,0,0,0,0,0,0,0,0,0,0,0,0,0,0,,,,
86|122,0,0,0,0,0,0,0,1,0,0,0,0,0,0,0,0,,,,
47|110,0,0,0,0,0,0,0,0,0,0,0,0,0,0,0,0,,,,
48|127,0,0,0,0,0,0,0,0,0,0,0,0,0,0,0,0,,,,
73|24,0,0,0,0,0,0,0,0,0,0,0,0,0,0,0,0,,,,
19|39,0,0,0,0,0,0,0,0,0,0,0,0,0,0,0,0,,,,
85|66,15,3,16,1,1,7,2,7,0,0,1,13,0,0,0,0,0|0#1|0#2|0#3|4#4|3#5|2#6|2#7|2#8|2#9|2#10|2#11|3#12|0,0|0#1|0#2|0#3|2#4|2#5|2#6|2#7|2#8|2#9|1#10|2#11|2#12|0,0|0#1|0#2|0#3|3#4|2#5|2#6|2#7|2#8|2#9|2#10|3#11|3#12|0,0|0#1|0#2|0#3|2#4|2#5|2#6|2#7|2#8|2#9|2#10|2#11|2#12|0
73|135,0,0,0,0,0,0,0,0,0,0,0,0,0,0,0,0,,,,
92|35,3,0,9,1,0,0,0,2,1,0,2,1,0,0,0,0,,,,
87|91,0,0,0,0,0,0,0,0,0,0,0,0,0,0,0,0,,,,
6|34,0,0,0,0,0,0,0,0,0,0,0,0,0,0,0,0,,,,
68|80,0,0,0,0,0,1,0,0,0,0,0,0,1,0,0,0,,,,0|0#1|0#2|0#3|0#4|0#5|0#6|0#7|0#8|0#9|0#10|0#11|0#12|0
144|16,0,0,0,0,0,0,0,0,0,0,0,0,0,0,0,0,,,,
111|137,0,0,0,0,0,0,0,0,2,0,0,3,0,0,0,0,,,,
