100|2,0,0,0,0,0,0,0,0,0,0,0,0,0,0,0,0,,,,
67|35,0,0,0,0,0,0,0,0,0,0,0,1,0,0,0,0,,,,
69|60,0,0,0,0,0,0,0,0,0,0,0,1,0,0,0,0,0|0#1|0#2|0#3|0#4|0#5|0#6|0#7|0#8|0#9|0#10|0#11|0#12|0,,0|0#1|0#2|0#3|0#4|0#5|0#6|0#7|0#8|0#9|0#10|0#11|0#12|0,0|0#1|0#2|0#3|0#4|0#5|0#6|0#7|0#8|0#9|0#10|0#11|0#12|0
23|127,0,0,0,0,0,0,0,0,0,0,0,0,0,0,0,0,,,,
113|128,0,0,0,0,0,0,0,0,0,0,0,0,0,0,0,0,,,,
1|137,0,0,0,0,0,0,0,0,0,0,0,0,0,0,0,0,,,,
126|115,5,1,3,2,0,0,1,0,2,0,0,47,2,1,0,0,,,,
119|16,0,0,0,0,0,0,0,0,0,0,0,0,0,0,0,0,,,,
79|77,0,0,0,0,0,0,0,0,0,0,0,1,2,0,0,0,0|0#1|0#2|0#3|0#4|0#5|1#6|0#7|0#8|0#9|0#10|0#11|0#12|0,0|0#1|0#2|0#3|0#4|0#5|0#6|0#7|0#8|0#9|0#10|0#11|0#12|0,0|0#1|0#2|0#3|0#4|0#5|0#6|1#7|0#8|0#9|0#10|0#11|0#12|0,0|0#1|0#2|0#3|0#4|0#5|0#6|0#7|0#8|0#9|0#10|0#11|0#12|0
15|9,0,0,0,0,0,0,0,0,0,0,0,1,0,0,0,0,,,,
0|6,0,0,0,0,0,0,0,0,0,0,0,0,0,0,0,0,,,,
93|15,0,0,0,0,0,0,0,0,0,0,0,0,0,0,0,0,,,,
151|123,0,0,0,0,0,0,0,0,0,0,0,0,0,0,0,0,,,,
36|114,0,0,0,0,0,0,0,0,0,0,0,0,0,0,0,0,,,,
128|10,0,0,0,0,3,1,0,1,4,0,1,0,0,0,0,0,,,,
29|13,0,0,0,0,0,0,0,0,0,0,0,0,0,0,0,0,,,,
139|102,0,0,0,0,0,0,0,0,0,0,0,0,0,0,0,0,,,,
48|24,0,0,0,0,0,0,0,0,0,0,0,0,0,0,0,0,,,,
138|27,0,0,0,0,0,0,0,0,0,0,0,0,0,0,0,0,,,,
112|111,0,0,0,0,0,0,0,0,0,0,0,0,0,0,0,0,,,,
98|88,0,0,0,0,0,0,0,0,0,0,0,0,0,0,0,0,,,,
41|7,0,0,1,0,0,1,0,3,8,0,1,0,8,0,2,0,,,,
49|101,0,0,0,0,0,0,0,0,0,0,0,0,0,0,0,0,,,,
62|139,0,0,0,0,0,0,0,0,0,0,0,0,0,0,0,0,,,,
86|46,0,0,0,0,0,0,0,2,0,0,0,0,0,0,0,0,,,,
95|40,0,0,0,0,0,0,0,0,0,0,0,0,0,0,0,0,,,,
7|14,0,0,0,0,0,0,0,0,0,0,0,0,0,0,0,0,,,,
147|21,0,0,0,0,0,0,0,0,0,0,0,0,0,0,0,0,,,,
61|122,0,0,0,0,0,0,0,0,0,0,0,0,0,0,0,0,,,,
22|110,0,0,0,0,0,0,0,0,0,0,0,0,0,0,0,0,,,,
0|120,0,0,0,0,0,0,0,0,0,0,0,0,0,0,0,0,,,,
75|126,0,0,0,0,0,0,0,0,0,0,0,0,0,0,0,0,,,,
88|113,0,0,0,0,0,0,0,0,0,0,0,0,0,0,0,0,,,,
88|71,3,0,1,0,0,2,0,1,0,0,1,10,1,1,0,0,0|0#1|0#2|0#3|2#4|2#5|2#6|2#7|2#8|2#9|2#10|2#11|2#12|0,0|0#1|0#2|0#3|0#4|0#5|2#6|1#7|0#8|2#9|0#10|0#11|1#12|0,0|0#1|0#2|0#3|2#4|2#5|2#6|2#7|2#8|2#9|2#10|2#11|2#12|0,0|0#1|0#2|0#3|1#4|1#5|1#6|1#7|2#8|0#9|1#10|1#11|1#12|0
