88|13,0,0,0,0,0,0,0,0,0,0,0,0,0,0,0,0,,,,
1|82,0,0,0,0,0,0,0,0,0,0,0,0,0,0,0,0,,,,
27|116,0,0,0,0,0,0,0,0,0,0,0,0,0,0,0,0,,,,
117|117,0,0,0,0,0,1,0,0,1,0,0,0,0,0,0,0,,,,
23|81,0,0,0,0,0,0,0,0,0,0,0,0,0,0,0,0,,,,
101|42,0,4,0,0,0,0,0,2,0,0,0,0,2,0,0,0,0|0#1|0#2|0#3|0#4|2#5|2#6|0#7|1#8|1#9|1#10|1#11|1#12|0,0|0#1|0#2|0#3|0#4|0#5|0#6|0#7|0#8|0#9|0#10|0#11|0#12|0,0|0#1|0#2|0#3|1#4|2#5|1#6|1#7|1#8|1#9|0#10|1#11|1#12|0,0|0#1|0#2|0#3|0#4|0#5|0#6|0#7|0#8|0#9|0#10|0#11|0#12|0
116|100,1,1,0,0,0,0,0,0,1,0,0,1,0,0,0,0,,,,
5|126,0,0,0,0,0,0,0,0,0,0,0,0,0,0,0,0,,,,
132|95,0,0,0,0,0,0,0,0,1,0,0,0,0,0,0,0,,,,
52|124,0,0,0,0,0,0,0,0,0,0,0,0,0,0,0,0,,,,
65|111,0,0,1,0,1,1,0,0,0,0,0,0,0,0,0,0,,,,
142|125,0,0,0,0,0,0,0,0,0,0,0,0,0,0,0,0,,,,
120|53,8,3,2,9,0,0,1,1,0,1,0,2,2,0,0,0,0|0#1|0#2|0#3|2#4|1#5|0#6|0#7|0#8|0#9|0#10|0#11|0#12|0,0|0#1|0#2|0#3|1#4|1#5|0#6|0#7|0#8|0#9|0#10|0#11|0#12|0,0|0#1|0#2|0#3|2#4|0#5|0#6|0#7|0#8|0#9|0#10|0#11|0#12|0,0|0#1|0#2|0#3|1#4|0#5|0#6|0#7|0#8|0#9|0#10|0#11|0#12|0
111|59,0,0,0,0,0,0,0,0,0,0,0,1,0,0,0,0,,,,
30|50,0,0,0,0,0,0,0,0,1,0,0,0,0,0,0,0,,,,
21|56,0,0,0,0,0,0,0,0,0,0,0,0,0,0,0,0,,,,
79|115,0,0,1,0,1,0,0,1,1,0,3,0,0,0,0,0,,,,
14|87,0,0,0,0,0,0,0,0,0,0,0,0,0,0,0,0,,,,
33|98,0,0,0,0,0,0,0,0,0,0,0,0,0,0,0,0,,,,
79|19,0,0,0,0,0,0,0,0,0,0,0,0,0,0,0,0,,,,
91|136,0,0,0,0,0,0,0,0,0,0,0,0,0,0,0,0,,,,
13|112,0,0,0,0,0,0,0,0,0,0,0,0,0,0,0,0,,,,
113|84,0,0,0,0,0,0,0,0,0,0,0,0,1,0,0,0,0|0#1|0#2|0#3|0#4|0#5|0#6|1#7|1#8|0#9|0#10|0#11|0#12|0,0|0#1|0#2|0#3|0#4|0#5|0#6|0#7|0#8|0#9|0#10|0#11|0#12|0,0|0#1|0#2|0#3|0#4|0#5|0#6|1#7|0#8|0#9|0#10|0#11|0#12|0,0|0#1|0#2|0#3|0#4|0#5|0#6|0#7|0#8|0#9|0#10|0#11|0#12|0
29|3,0,0,0,0,0,0,0,0,0,0,0,0,0,0,0,0,,,,
42|92,0,0,0,0,0,0,0,0,0,0,0,0,0,0,0,0,,,,
40|67,0,0,0,0,0,0,0,0,0,0,0,0,0,0,0,0,,,,
103|113,0,0,0,0,0,0,0,0,0,0,0,0,0,0,0,0,,,,
55|1,0,0,0,0,0,0,0,0,0,0,0,0,0,0,0,0,,,,
14|129,0,0,0,0,0,0,0,0,0,0,0,0,0,0,0,0,,,,
66|128,0,0,0,0,0,0,0,0,0,0,0,0,0,0,0,0,,,,
