45|115,0,0,0,0,0,0,0,0,0,0,0,0,0,0,0,0,,,,
54|7,0,0,0,0,0,0,0,0,0,0,0,0,0,0,0,0,,,,
97|114,0,0,0,0,0,0,0,0,0,0,0,0,0,0,0,0,,,,
126|46,0,0,0,0,0,1,0,2,0,0,1,0,2,0,0,0,,,,
128|71,0,0,0,0,0,0,0,0,0,0,0,0,0,0,0,0,0|0#1|0#2|0#3|0#4|0#5|0#6|0#7|0#8|0#9|0#10|0#11|0#12|0,0|0#1|0#2|0#3|0#4|0#5|0#6|0#7|0#8|0#9|0#10|0#11|0#12|0,0|0#1|0#2|0#3|0#4|0#5|0#6|0#7|0#8|0#9|0#10|0#11|0#12|0,0|0#1|0#2|0#3|0#4|0#5|0#6|0#7|0#8|0#9|0#10|0#11|0#12|0
148|103,0,0,0,0,0,0,0,0,0,0,0,0,0,0,0,0,,,,
7|75,0,0,0,0,0,0,0,0,0,0,0,0,0,0,0,0,,,,
81|34,0,0,0,0,0,0,0,0,0,0,0,0,0,0,0,0,0|0#1|0#2|0#3|0#4|0#5|0#6|0#7|0#8|0#9|0#10|0#11|0#12|0,,0|0#1|0#2|0#3|0#4|0#5|0#6|0#7|0#8|0#9|0#10|0#11|0#12|0,0|0#1|0#2|0#3|0#4|0#5|0#6|0#7|0#8|0#9|0#10|0#11|0#12|0
93|76,0,0,1,0,0,1,2,2,0,0,0,0,1,0,0,0,0|0#1|0#2|0#3|0#4|0#5|0#6|0#7|0#8|0#9|0#10|0#11|0#12|0,0|0#1|0#2|0#3|0#4|0#5|0#6|0#7|0#8|0#9|0#10|0#11|0#12|0,0|0#1|0#2|0#3|0#4|0#5|0#6|0#7|0#8|0#9|0#10|0#11|0#12|0,0|0#1|0#2|0#3|0#4|0#5|0#6|0#7|0#8|0#9|0#10|0#11|0#12|0
121|112,0,0,0,0,0,0,0,0,0,0,0,0,0,0,0,0,,,,
147|82,0,0,0,0,0,0,0,0,0,0,0,0,0,0,0,0,,,,
58|102,34,23,45,10,0,8,7,11,5,1,8,2,0,0,0,0,0|0#1|0#2|0#3|0#4|0#5|0#6|0#7|0#8|0#9|0#10|0#11|0#12|0,0|0#1|0#2|0#3|0#4|0#5|0#6|0#7|0#8|0#9|0#10|0#11|0#12|0,0|0#1|0#2|0#3|0#4|0#5|0#6|0#7|0#8|0#9|0#10|0#11|0#12|0,0|0#1|0#2|0#3|0#4|0#5|0#6|0#7|0#8|0#9|0#10|0#11|0#12|0
67|96,0,0,0,0,0,0,0,0,1,0,0,0,0,0,0,0,0|0#1|0#2|0#3|0#4|0#5|0#6|0#7|0#8|0#9|0#10|0#11|0#12|0,0|0#1|0#2|0#3|0#4|0#5|0#6|0#7|0#8|0#9|0#10|0#11|0#12|0,,0|0#1|0#2|0#3|0#4|0#5|0#6|0#7|0#8|0#9|0#10|0#11|0#12|0
135|116,0,0,0,0,0,1,0,0,1,0,0,0,0,0,0,0,,,,
48|85,0,0,0,0,0,0,0,0,0,0,0,0,0,0,0,0,,,,
28|9,0,0,0,0,0,0,0,0,0,0,0,0,0,0,0,0,,,,
31|111,0,0,0,0,0,0,0,0,0,0,0,0,0,0,0,0,,,,
53|29,0,0,0,0,0,0,0,0,0,0,0,0,0,0,0,0,,,,
119|77,0,0,0,0,0,0,0,0,0,0,0,0,0,0,0,0,,,,
17|32,0,0,0,0,0,0,0,0,0,0,0,0,0,0,0,0,,,,
29|74,0,0,0,0,0,0,0,0,0,0,0,0,0,0,0,0,,,,
34|18,0,0,0,0,0,0,0,0,0,0,0,0,0,0,0,0,,,,
80|5,0,0,0,0,0,0,0,0,0,0,0,0,0,0,0,0,,,,
135|40,0,0,0,0,0,0,0,0,0,0,0,0,0,0,0,0,,,,
83|110,0,0,0,0,0,0,0,0,0,0,0,0,0,0,0,0,,,,
70|123,0,0,0,0,0,0,0,1,0,0,0,0,1,0,0,0,,,,
113|2,0,0,0,0,0,0,0,0,0,0,0,0,0,0,0,0,,,,
107|35,0,0,0,0,0,0,0,0,0,0,0,0,0,0,0,0,,,,
138|88,0,0,0,0,0,0,0,0,0,0,0,0,0,0,0,0,,,,
109|60,2,1,7,2,0,2,1,1,1,0,2,2,0,0,0,0,0|0#1|0#2|0#3|2#4|0#5|0#6|0#7|0#8|0#9|0#10|0#11|0#12|0,0|0#1|0#2|0#3|0#4|0#5|0#6|0#7|0#8|0#9|0#10|0#11|0#12|0,0|0#1|0#2|0#3|2#4|0#5|0#6|0#7|0#8|0#9|0#10|0#11|0#12|0,0|0#1|0#2|0#3|0#4|0#5|0#6|0#7|0#8|0#9|0#10|0#11|0#12|0
76|90,0,0,0,0,0,0,1,0,0,0,0,0,0,0,0,0,,,,
145|57,0,0,0,0,0,0,1,0,0,0,0,0,0,0,0,0,,,,
152|26,0,0,0,0,0,0,0,0,0,0,0,0,0,0,0,0,,,,
55|54,0,0,1,0,0,0,1,2,0,0,0,1,0,0,0,0,,,,
62|23,5,2,26,1,2,2,1,3,1,0,5,0,2,0,0,0,,,,
59|119,0,0,0,0,0,0,0,0,0,0,0,0,0,0,0,0,,,,
27|49,0,0,0,0,0,0,0,0,0,0,0,0,0,0,0,0,,,,
36|43,0,0,0,0,0,0,0,0,0,0,0,0,0,0,0,0,,,,
32|128,0,0,0,0,0,0,0,0,0,0,0,0,0,0,0,0,,,,
133|15,0,0,0,0,0,0,0,0,0,0,0,0,0,0,0,0,,,,
84|127,0,0,0,0,0,0,0,0,0,0,0,0,0,0,0,0,,,,
122|129,0,0,0,0,0,0,0,0,0,0,0,0,0,0,0,0,,,,
43|12,0,0,0,0,0,0,0,6,0,0,0,0,0,0,0,0,,,,
74|65,0,1,1,0,0,3,0,1,0,1,0,9,1,0,0,0,0|0#1|0#2|0#3|0#4|0#5|1#6|1#7|0#8|0#9|0#10|0#11|0#12|0,0|0#1|0#2|0#3|0#4|0#5|0#6|0#7|0#8|0#9|0#10|0#11|0#12|0,0|0#1|0#2|0#3|0#4|1#5|0#6|0#7|0#8|0#9|0#10|0#11|0#12|0,0|0#1|0#2|0#3|0#4|0#5|0#6|0#7|0#8|0#9|0#10|0#11|0#12|0
