149|0,0,0,0,0,0,0,0,0,0,0,0,0,0,0,0,0,,,,
39|101,0,0,0,0,0,0,0,0,0,0,0,0,0,0,0,0,,,,
141|123,0,0,0,0,0,0,0,0,0,0,0,0,0,0,0,0,,,,
120|68,0,0,0,0,0,0,0,0,0,0,0,0,0,0,0,0,,,,
1|97,0,0,0,0,0,0,0,0,0,0,0,0,0,0,0,0,,,,
23|96,0,0,0,0,0,0,0,0,0,0,0,0,0,0,0,0,,,,
4|124,0,0,0,0,0,0,0,0,0,0,0,0,0,0,0,0,,,,
103|128,0,0,0,0,0,0,0,0,0,0,0,0,0,0,0,0,,,,
97|22,0,0,0,0,0,0,0,0,0,0,0,0,0,0,0,0,0|0#1|0#2|0#3|0#4|0#5|0#6|0#7|0#8|0#9|0#10|0#11|0#12|0,,,
88|28,5,1,0,0,0,0,0,3,0,0,0,0,0,0,0,0,0|0#1|0#2|0#3|0#4|0#5|0#6|0#7|0#8|0#9|0#10|0#11|0#12|0,0|0#1|0#2|0#3|0#4|0#5|0#6|0#7|0#8|0#9|0#10|0#11|0#12|0,0|0#1|0#2|0#3|0#4|0#5|0#6|0#7|0#8|0#9|0#10|0#11|0#12|0,0|0#1|0#2|0#3|0#4|0#5|0#6|0#7|0#8|0#9|0#10|0#11|0#12|0
90|134,0,0,0,0,0,0,0,0,0,0,0,0,0,0,0,0,,,,
26|114,0,0,0,0,0,0,0,0,0,0,0,0,0,0,0,0,,,,
122|9,0,0,0,0,0,0,0,0,0,0,0,0,0,0,0,0,,,,
52|139,0,0,0,0,0,0,0,0,0,0,0,0,0,0,0,0,,,,
129|102,0,0,0,0,0,0,0,0,0,0,0,0,0,0,0,0,,,,
102|111,1,0,0,0,0,0,0,1,2,0,0,2,1,0,0,0,,,,
78|11,0,0,0,0,0,0,0,0,0,0,0,0,0,0,0,0,,,,
103|82,0,0,1,0,0,0,0,1,0,0,0,1,0,0,0,0,,,,
113|99,0,0,0,0,0,0,0,0,0,0,0,0,0,0,0,0,,,,
65|126,0,0,0,0,0,0,0,0,0,0,0,0,0,0,0,0,,,,
101|57,76,35,92,3,27,8,9,7,2,12,77,69,28,0,0,0,0|0#1|0#2|0#3|4#4|4#5|4#6|4#7|4#8|4#9|4#10|4#11|4#12|0,0|0#1|0#2|0#3|4#4|4#5|4#6|4#7|4#8|4#9|4#10|4#11|4#12|0,0|0#1|0#2|0#3|4#4|4#5|4#6|4#7|4#8|4#9|4#10|4#11|4#12|0,0|0#1|0#2|0#3|4#4|4#5|4#6|4#7|4#8|4#9|4#10|4#11|4#12|0
12|110,0,0,0,0,0,0,0,0,0,0,0,0,0,0,0,0,,,,
32|90,0,0,0,0,0,0,0,0,0,0,0,0,0,0,0,0,,,,
69|17,0,0,0,0,0,0,0,0,0,0,0,0,0,0,0,0,,,,
13|127,0,0,0,0,0,0,0,0,0,0,0,0,0,0,0,0,,,,
30|65,0,0,0,0,0,0,0,0,0,0,0,0,0,0,0,0,,,,
78|113,0,0,0,0,0,0,0,0,0,0,0,0,0,0,0,0,,,,
110|51,0,0,0,0,0,0,0,1,0,0,0,11,2,0,0,0,0|0#1|0#2|0#3|0#4|0#5|0#6|0#7|0#8|0#9|0#10|0#11|0#12|0,0|0#1|0#2|0#3|0#4|0#5|0#6|0#7|0#8|0#9|0#10|0#11|0#12|0,0|0#1|0#2|0#3|0#4|0#5|0#6|0#7|0#8|0#9|0#10|0#11|0#12|0,0|0#1|0#2|0#3|0#4|0#5|0#6|0#7|0#8|0#9|0#10|0#11|0#12|0
116|115,0,0,0,0,0,0,0,0,1,0,0,0,0,0,0,0,,,,
11|54,0,0,0,0,0,0,0,0,0,0,0,0,0,0,0,0,,,,
122|93,0,0,0,0,0,0,0,0,0,0,0,0,0,0,0,0,,,,
51|122,0,0,0,0,0,0,0,0,0,0,0,0,0,0,0,0,,,,
