12|132,0,0,0,0,0,0,0,0,0,0,0,0,0,0,0,0,,,,
78|33,0,0,0,0,0,0,0,0,0,0,0,0,0,0,0,0,,,,
97|44,2,2,0,0,0,0,0,6,0,1,3,0,2,0,0,0,0|0#1|0#2|0#3|2#4|1#5|2#6|2#7|2#8|1#9|1#10|0#11|0#12|0,0|0#1|0#2|0#3|0#4|0#5|1#6|0#7|1#8|1#9|1#10|0#11|0#12|0,0|0#1|0#2|0#3|1#4|2#5|1#6|2#7|1#8|1#9|0#10|0#11|1#12|0,0|0#1|0#2|0#3|0#4|1#5|0#6|1#7|1#8|1#9|1#10|0#11|0#12|0
129|124,0,0,0,0,0,0,0,0,0,0,0,0,0,0,0,0,,,,
95|19,0,0,0,0,0,0,0,0,0,0,0,0,0,0,0,0,,,,
110|73,0,0,0,0,0,0,0,0,0,0,0,0,0,0,0,0,0|0#1|0#2|0#3|2#4|0#5|0#6|0#7|0#8|0#9|0#10|0#11|0#12|0,0|0#1|0#2|0#3|1#4|0#5|0#6|0#7|0#8|0#9|0#10|0#11|0#12|0,0|0#1|0#2|0#3|1#4|0#5|0#6|0#7|0#8|0#9|0#10|0#11|1#12|0,0|0#1|0#2|0#3|0#4|0#5|0#6|0#7|0#8|0#9|0#10|0#11|0#12|0
102|133,7,0,11,1,4,0,0,1,1,0,6,0,0,0,0,0,,,,
149|25,0,0,0,0,0,0,0,0,0,0,0,0,0,0,0,0,,,,
26|136,0,0,0,0,0,0,0,0,0,0,0,0,0,0,0,0,,,,
64|131,0,0,0,0,0,0,0,0,0,0,0,0,0,0,0,0,,,,
39|123,0,0,0,0,0,0,0,0,0,0,0,0,0,0,0,0,,,,
9|18,0,0,0,0,0,0,0,0,0,0,0,0,0,0,0,0,,,,
69|39,0,0,0,0,0,0,0,0,0,0,0,0,0,0,0,0,,,,
30|87,0,0,0,0,0,0,0,0,0,0,0,0,0,0,0,0,,,,
101|79,0,3,0,0,0,0,0,0,1,0,0,0,0,0,0,0,0|0#1|0#2|0#3|0#4|0#5|1#6|0#7|0#8|0#9|0#10|0#11|0#12|0,0|0#1|0#2|0#3|0#4|0#5|0#6|0#7|0#8|0#9|0#10|0#11|0#12|0,0|0#1|0#2|0#3|0#4|0#5|0#6|0#7|0#8|0#9|0#10|0#11|0#12|0,0|0#1|0#2|0#3|0#4|0#5|0#6|0#7|0#8|0#9|0#10|0#11|0#12|0
78|135,0,0,0,0,0,0,0,0,0,0,0,0,0,0,0,0,,,,
120|6,0,0,0,0,0,0,0,0,0,0,0,0,0,0,0,0,,,,
4|146,1,0,0,0,0,0,0,2,0,0,0,0,0,0,0,0,,,,
11|76,0,0,0,0,0,0,0,0,0,0,0,0,0,0,0,0,,,,
59|22,3,0,6,0,1,1,1,0,0,0,1,0,0,0,0,0,,,,
141|145,0,0,0,0,0,0,0,0,0,0,0,0,0,0,0,0,,,,
115|120,0,0,0,0,0,0,0,0,0,0,0,3,0,0,0,0,,,,
20|70,0,0,0,0,0,0,0,0,0,0,0,0,0,0,0,0,,,,
88|2,0,0,0,0,0,0,0,0,0,0,0,0,0,0,0,0,,,,
51|144,0,0,0,0,0,0,0,0,0,0,0,0,0,0,0,0,,,,
116|137,0,0,0,0,0,0,0,0,0,0,0,0,0,0,0,0,,,,
