8|132,0,0,0,0,0,0,0,0,0,0,0,0,0,0,0,0,,,,
70|73,0,0,0,0,0,0,1,0,0,0,1,0,0,0,0,0,,,,0|0#1|0#2|0#3|0#4|0#5|0#6|0#7|0#8|0#9|0#10|0#11|0#12|0
42|143,0,0,0,0,0,0,0,0,0,0,0,0,0,0,0,0,,,,
30|26,0,0,0,0,0,0,0,0,0,0,0,0,0,0,0,0,,,,
61|79,0,0,0,0,0,0,0,1,0,0,0,0,0,0,0,0,,,,
132|144,0,0,0,0,0,0,0,0,0,0,0,0,0,0,0,0,,,,
101|18,0,0,0,0,0,0,0,0,0,0,0,0,0,0,0,0,,,,
1|58,0,0,0,0,0,0,0,0,0,0,0,0,0,0,0,0,,,,
23|57,0,0,0,0,0,0,0,0,0,0,0,0,0,0,0,0,,,,
103|43,19,6,40,2,2,1,3,3,12,0,7,3,0,0,0,0,0|0#1|0#2|0#3|2#4|0#5|0#6|0#7|0#8|0#9|1#10|1#11|0#12|0,0|0#1|0#2|0#3|1#4|0#5|0#6|0#7|0#8|0#9|0#10|0#11|0#12|0,0|0#1|0#2|0#3|1#4|0#5|0#6|0#7|0#8|0#9|1#10|0#11|0#12|0,0|0#1|0#2|0#3|0#4|0#5|0#6|0#7|0#8|0#9|0#10|0#11|0#12|0
55|130,0,0,0,0,0,0,0,0,0,0,0,0,0,0,0,0,,,,
13|40,0,0,0,0,0,0,0,0,0,0,0,0,0,0,0,0,,,,
120|29,0,0,0,0,0,0,0,0,0,0,0,0,0,0,0,0,,,,
145|131,0,0,0,0,0,0,0,0,0,0,0,0,0,0,0,0,,,,
51|62,0,0,0,0,0,0,0,1,0,0,0,0,0,0,0,0,,,,
11|15,1,0,0,0,1,2,3,0,1,0,0,0,0,0,0,0,,,,
44|93,0,0,0,0,0,0,0,1,0,0,0,0,0,0,0,0,,,,
35|99,0,0,0,0,0,0,0,0,0,0,0,0,0,0,0,0,,,,
134|96,0,0,0,0,0,0,0,2,0,0,0,2,0,0,0,0,,,,
25|82,0,0,0,0,0,0,0,0,0,0,0,0,0,0,0,0,,,,
17|135,0,0,0,0,0,0,0,0,0,0,0,0,0,0,0,0,,,,
49|4,0,0,0,0,0,0,0,0,0,0,0,0,0,0,0,0,,,,
32|51,0,0,0,0,0,0,0,0,2,0,0,0,0,0,0,0,,,,
107|136,0,0,0,0,0,0,0,0,0,0,0,0,0,0,0,0,,,,
115|85,0,0,0,0,0,0,0,0,0,0,1,9,0,0,0,0,0|0#1|0#2|0#3|0#4|0#5|0#6|0#7|0#8|0#9|0#10|0#11|0#12|0,,,
141|65,0,0,0,0,0,0,0,0,0,0,0,0,0,0,0,0,0|0#1|0#2|0#3|0#4|0#5|0#6|0#7|0#8|0#9|0#10|0#11|0#12|0,0|0#1|0#2|0#3|0#4|0#5|0#6|0#7|0#8|0#9|0#10|0#11|0#12|0,0|0#1|0#2|0#3|0#4|0#5|0#6|0#7|0#8|0#9|0#10|0#11|0#12|0,0|0#1|0#2|0#3|0#4|0#5|0#6|0#7|0#8|0#9|0#10|0#11|0#12|0
69|134,0,0,0,0,0,0,0,0,0,0,0,0,0,0,0,0,,,,
42|68,0,0,0,0,0,0,0,0,0,0,0,0,0,0,0,0,,,,
56|147,0,0,0,0,0,0,0,0,0,0,0,0,0,0,0,0,,,,
75|2,4,0,5,1,3,4,1,0,5,0,1,1,1,0,0,0,,,,
94|142,0,0,0,0,0,0,0,0,0,0,0,0,0,0,0,0,,,,
16|88,0,0,0,0,0,0,0,0,0,0,0,0,0,0,0,0,,,,
122|54,0,0,1,0,0,0,0,3,0,0,0,0,0,0,0,0,0|0#1|0#2|0#3|0#4|0#5|0#6|0#7|0#8|0#9|0#10|0#11|0#12|0,0|0#1|0#2|0#3|0#4|0#5|0#6|0#7|0#8|0#9|0#10|0#11|0#12|0,0|0#1|0#2|0#3|0#4|0#5|0#6|0#7|0#8|0#9|0#10|0#11|0#12|0,0|0#1|0#2|0#3|0#4|0#5|0#6|0#7|0#8|0#9|0#10|0#11|0#12|0
3|83,0,0,0,0,0,0,0,0,0,0,0,0,0,0,0,0,,,,
110|12,0,0,0,0,2,1,1,0,4,0,1,0,0,0,0,0,,,,
8|3,0,0,0,0,0,0,0,0,0,0,0,0,0,0,0,0,,,,
143|90,0,0,0,0,0,0,0,0,0,0,0,0,0,0,0,0,,,,
