24|121,0,0,0,0,0,0,0,0,0,0,0,0,0,0,0,0,,,,
100|75,2,0,10,3,0,0,2,2,1,0,1,6,0,0,0,0,0|0#1|0#2|0#3|2#4|1#5|0#6|0#7|0#8|0#9|0#10|0#11|0#12|0,0|0#1|0#2|0#3|2#4|0#5|0#6|0#7|0#8|0#9|0#10|0#11|0#12|0,0|0#1|0#2|0#3|2#4|0#5|0#6|0#7|0#8|0#9|0#10|0#11|1#12|0,0|0#1|0#2|0#3|2#4|0#5|0#6|0#7|0#8|0#9|0#10|0#11|0#12|0
50|146,0,0,0,0,0,0,0,0,0,0,0,0,0,0,0,0,,,,
114|122,0,0,0,0,0,0,0,0,0,0,0,0,0,0,0,0,,,,
148|21,0,0,0,0,0,0,0,0,0,0,0,0,0,0,0,0,0|0#1|0#2|0#3|0#4|1#5|2#6|1#7|2#8|2#9|2#10|2#11|2#12|0,0|0#1|0#2|0#3|0#4|1#5|0#6|0#7|1#8|1#9|2#10|1#11|1#12|0,0|0#1|0#2|0#3|2#4|2#5|2#6|2#7|2#8|2#9|2#10|2#11|2#12|0,0|0#1|0#2|0#3|1#4|1#5|1#6|1#7|1#8|1#9|1#10|1#11|1#12|0
110|2,0,0,0,0,0,0,0,0,0,0,0,0,0,0,0,0,,,,
129|10,0,0,0,0,0,0,0,0,0,0,0,0,0,0,0,0,,,,
128|126,0,0,0,0,0,0,0,0,0,0,0,0,0,0,0,0,,,,
25|138,0,0,0,0,0,0,0,0,0,0,0,0,0,0,0,0,,,,
25|9,0,0,0,0,0,0,0,0,0,0,0,0,0,0,0,0,,,,
77|137,0,0,0,0,0,0,0,0,0,0,0,0,0,0,0,0,,,,
94|15,0,0,0,0,0,0,0,0,0,0,0,0,0,0,0,0,,,,
99|88,0,0,0,0,0,0,0,0,0,0,1,0,0,0,0,0,,,,
10|72,0,0,0,0,0,0,0,0,0,0,0,0,0,0,0,0,,,,
76|120,0,0,0,0,0,0,0,0,0,0,0,0,0,0,0,0,,,,
115|139,0,1,0,0,0,0,0,0,0,0,0,1,0,0,0,0,,,,
140|147,0,0,0,0,0,0,0,0,0,0,0,0,0,0,0,0,,,,
2|131,0,0,0,0,0,0,0,0,0,0,0,0,0,0,0,0,,,,
8|14,0,0,0,0,0,0,0,0,0,0,0,0,0,0,0,0,,,,
68|35,0,0,0,0,0,0,0,0,0,0,0,1,0,0,0,0,,,,
89|71,3,1,1,3,3,7,1,1,0,10,0,28,3,1,0,0,0|0#1|0#2|0#3|2#4|3#5|3#6|3#7|3#8|2#9|2#10|2#11|2#12|0,0|0#1|0#2|0#3|2#4|2#5|2#6|2#7|2#8|2#9|2#10|2#11|1#12|0,0|0#1|0#2|0#3|3#4|3#5|3#6|2#7|2#8|2#9|2#10|2#11|3#12|0,0|0#1|0#2|0#3|2#4|2#5|2#6|2#7|2#8|1#9|2#10|1#11|2#12|0
87|46,0,0,0,0,0,0,1,0,1,0,0,0,0,0,0,0,0|0#1|0#2|0#3|0#4|0#5|0#6|0#7|0#8|0#9|0#10|0#11|0#12|0,,0|0#1|0#2|0#3|0#4|0#5|0#6|0#7|0#8|0#9|0#10|0#11|0#12|0,
49|24,0,0,0,0,0,0,0,0,0,0,0,0,0,0,0,0,,,,
51|7,0,0,0,0,0,0,0,0,0,0,0,0,0,0,0,0,,,,
11|134,0,0,0,0,0,0,0,0,0,0,0,0,0,0,0,0,,,,
38|125,0,0,0,0,0,0,0,0,0,0,0,0,0,0,0,0,,,,
101|135,0,0,0,0,0,0,0,0,0,0,0,0,0,0,0,0,,,,
139|27,0,0,0,0,0,0,0,0,0,0,0,0,0,0,0,0,0|0#1|0#2|0#3|0#4|0#5|0#6|0#7|0#8|0#9|0#10|0#11|0#12|0,,0|0#1|0#2|0#3|0#4|0#5|0#6|0#7|0#8|0#9|0#10|0#11|0#12|0,
63|133,0,0,0,0,0,0,0,0,0,0,0,0,0,0,0,0,,,,
20|89,0,0,0,0,0,0,0,0,0,0,0,0,0,0,0,0,,,,
96|40,2,1,2,0,0,1,0,5,1,0,0,1,2,0,0,0,0|0#1|0#2|0#3|0#4|0#5|0#6|0#7|0#8|0#9|0#10|0#11|0#12|0,,0|0#1|0#2|0#3|0#4|0#5|0#6|0#7|0#8|0#9|0#10|0#11|0#12|0,0|0#1|0#2|0#3|0#4|0#5|0#6|0#7|0#8|0#9|0#10|0#11|0#12|0
