88|135,0,0,0,0,0,0,0,0,0,0,0,0,0,0,0,0,,,,
49|123,0,0,0,0,0,0,0,0,0,0,0,0,0,0,0,0,,,,
79|99,0,0,0,0,0,0,0,0,0,0,0,0,0,0,0,0,,,,
74|26,0,0,0,0,0,0,0,0,0,0,0,0,0,0,0,0,,,,
83|20,0,0,0,0,0,0,0,0,0,0,0,0,0,0,0,0,,,,
125|120,0,0,0,0,0,0,0,0,0,0,0,3,0,0,0,0,,,,
57|40,0,0,0,0,0,0,0,0,0,0,0,0,0,0,0,0,,,,
29|35,0,0,0,0,0,0,0,0,0,0,0,0,0,0,0,0,,,0|0#1|0#2|0#3|0#4|0#5|0#6|0#7|0#8|0#9|0#10|0#11|0#12|0,
67|57,0,0,0,0,0,0,0,0,0,0,0,0,0,0,0,0,,,,
126|137,0,0,0,0,0,0,0,0,0,0,0,0,0,0,0,0,,,,
48|46,0,0,0,0,0,0,0,0,0,0,0,0,0,0,0,0,,,,
74|131,0,0,0,0,0,0,0,0,0,0,0,0,0,0,0,0,,,,
88|93,8,0,5,0,0,0,0,2,0,0,0,10,0,0,0,0,0|0#1|0#2|0#3|0#4|0#5|0#6|0#7|0#8|0#9|0#10|0#11|0#12|0,0|0#1|0#2|0#3|0#4|0#5|0#6|0#7|0#8|0#9|0#10|0#11|0#12|0,0|0#1|0#2|0#3|0#4|0#5|0#6|0#7|0#8|0#9|0#10|0#11|0#12|0,0|0#1|0#2|0#3|0#4|0#5|0#6|0#7|0#8|0#9|0#10|0#11|0#12|0
9|61,0,0,0,0,0,0,0,0,0,0,0,0,0,0,0,0,,,,
36|136,0,0,0,0,0,0,0,0,0,0,0,0,0,0,0,0,,,,
147|43,0,0,0,0,0,0,0,0,0,0,0,0,0,0,0,0,,,,0|0#1|0#2|0#3|0#4|0#5|0#6|0#7|0#8|0#9|0#10|0#11|0#12|0
93|37,1,1,0,0,0,0,0,2,0,0,0,1,0,0,0,0,,0|0#1|0#2|0#3|0#4|0#5|0#6|0#7|0#8|0#9|0#10|0#11|0#12|0,,0|0#1|0#2|0#3|0#4|0#5|0#6|0#7|0#8|0#9|0#10|0#11|0#12|0
128|32,0,0,0,0,0,0,0,0,0,0,0,0,0,0,0,0,,,,
0|142,0,0,0,0,0,0,0,0,0,0,0,0,0,0,0,0,,,,
22|132,0,0,0,0,0,0,0,0,0,0,0,0,0,0,0,0,,,,
76|51,0,0,0,0,0,0,0,0,1,0,0,2,0,0,0,0,,,,
145|18,0,0,0,0,0,0,0,0,0,0,0,0,0,0,0,0,,,,
13|6,0,0,0,0,0,0,0,0,0,0,0,0,0,0,0,0,,,,
138|49,0,0,0,0,0,0,0,0,0,0,0,0,0,0,0,0,,,,
139|124,0,0,0,0,0,0,0,0,0,0,0,0,0,0,0,0,,,,
151|145,0,0,0,0,0,0,0,0,0,0,0,0,0,0,0,0,,,,
86|68,4,1,6,1,0,1,2,3,0,0,2,20,0,0,0,0,0|0#1|0#2|0#3|3#4|2#5|1#6|1#7|2#8|1#9|0#10|2#11|2#12|0,0|0#1|0#2|0#3|2#4|1#5|0#6|0#7|0#8|0#9|0#10|1#11|1#12|0,0|0#1|0#2|0#3|2#4|1#5|0#6|2#7|1#8|1#9|1#10|2#11|2#12|0,0|0#1|0#2|0#3|2#4|0#5|0#6|0#7|0#8|0#9|0#10|1#11|1#12|0
95|62,88,44,110,9,20,4,15,23,5,8,73,19,40,0,0,0,0|0#1|0#2|0#3|4#4|4#5|4#6|4#7|4#8|4#9|4#10|4#11|4#12|0,0|0#1|0#2|0#3|3#4|4#5|4#6|4#7|4#8|4#9|4#10|4#11|3#12|0,0|0#1|0#2|0#3|4#4|4#5|4#6|4#7|4#8|4#9|4#10|4#11|4#12|0,0|0#1|0#2|0#3|3#4|4#5|4#6|4#7|4#8|4#9|4#10|4#11|3#12|0
112|133,0,0,0,0,0,0,0,0,0,0,0,0,1,0,0,0,,,,
69|82,0,1,0,0,0,0,0,0,1,0,0,0,0,0,0,0,,,,
55|15,0,0,0,0,0,0,0,0,0,0,0,0,0,0,0,0,,,,
61|144,0,0,0,0,0,0,0,0,0,0,0,0,0,0,0,0,,,,
7|36,0,0,0,0,0,0,0,0,0,0,0,0,0,0,0,0,,,,
119|38,0,0,0,0,0,0,0,0,0,0,0,0,0,0,0,0,,,,
109|21,0,0,0,0,0,0,0,0,0,0,0,0,0,0,0,0,,,,
