62|126,0,0,0,0,0,0,0,0,0,0,0,0,0,0,0,0,,,,
113|115,0,0,0,0,0,0,0,0,0,0,0,0,0,0,0,0,,,,
79|64,6,1,1,0,0,1,0,8,0,0,1,2,0,0,0,0,0|0#1|0#2|0#3|0#4|0#5|1#6|0#7|0#8|0#9|0#10|0#11|1#12|0,0|0#1|0#2|0#3|0#4|0#5|0#6|0#7|0#8|0#9|0#10|0#11|0#12|0,0|0#1|0#2|0#3|0#4|0#5|0#6|1#7|0#8|1#9|0#10|0#11|1#12|0,0|0#1|0#2|0#3|0#4|0#5|0#6|0#7|0#8|0#9|0#10|0#11|0#12|0
36|101,0,0,0,0,0,0,0,0,0,0,0,0,0,0,0,0,,,,
152|127,0,0,0,0,0,0,0,0,1,0,0,0,0,0,0,0,,,,
75|113,0,0,0,0,0,0,0,0,0,0,0,0,0,0,0,0,,,,
151|110,0,0,0,0,0,0,0,0,0,0,0,0,0,0,0,0,,,,
48|11,0,0,0,0,0,0,0,0,1,0,0,2,2,0,0,0,,,,
98|75,55,25,69,14,1,15,6,14,8,2,30,11,9,0,0,0,0|0#1|0#2|0#3|4#4|3#5|2#6|2#7|2#8|2#9|2#10|2#11|3#12|0,0|0#1|0#2|0#3|4#4|2#5|0#6|1#7|1#8|1#9|1#10|2#11|2#12|0,0|0#1|0#2|0#3|4#4|2#5|2#6|2#7|2#8|3#9|2#10|2#11|3#12|0,0|0#1|0#2|0#3|3#4|1#5|1#6|2#7|1#8|2#9|2#10|2#11|2#12|0
78|8,0,0,0,0,0,0,0,0,0,0,0,0,0,0,0,0,,,,
89|117,0,0,0,0,0,0,0,0,0,0,0,0,0,0,0,0,,,,
23|114,0,0,0,0,0,0,0,0,0,0,0,0,0,0,0,0,,,,
86|33,0,0,0,0,0,0,0,0,0,0,0,0,0,0,0,0,,,,
137|3,0,0,0,0,0,0,0,0,0,0,0,0,0,0,0,0,,,,
37|118,0,0,0,0,0,0,0,0,0,0,0,0,0,0,0,0,,,,
88|100,145,52,161,17,24,12,6,10,12,4,50,54,43,0,0,0,0|0#1|0#2|0#3|2#4|0#5|0#6|0#7|0#8|0#9|0#10|0#11|0#12|0,0|0#1|0#2|0#3|1#4|0#5|0#6|0#7|0#8|0#9|0#10|0#11|0#12|0,0|0#1|0#2|0#3|1#4|0#5|0#6|0#7|0#8|0#9|0#10|0#11|0#12|0,0|0#1|0#2|0#3|0#4|0#5|0#6|0#7|0#8|0#9|0#10|0#11|0#12|0
10|127,0,0,0,0,0,0,0,0,0,0,0,0,0,0,0,0,,,,
77|39,0,0,0,0,0,0,0,0,0,0,0,0,0,0,0,0,,,,
100|128,0,0,0,0,0,0,0,0,0,0,0,0,0,0,0,0,,,,
58|28,0,0,0,0,0,0,0,0,0,0,0,0,0,0,0,0,,,,
126|102,0,0,0,0,0,0,0,0,0,0,0,0,0,0,0,0,0|0#1|0#2|0#3|0#4|0#5|0#6|0#7|0#8|0#9|0#10|0#11|0#12|0,0|0#1|0#2|0#3|0#4|0#5|0#6|0#7|0#8|0#9|0#10|0#11|0#12|0,0|0#1|0#2|0#3|0#4|0#5|0#6|0#7|0#8|0#9|0#10|0#11|0#12|0,0|0#1|0#2|0#3|0#4|0#5|0#6|0#7|0#8|0#9|0#10|0#11|0#12|0
39|17,0,0,0,0,0,0,0,0,0,0,0,0,0,0,0,0,,,,
1|124,0,0,0,0,0,0,0,0,0,0,0,0,0,0,0,0,,,,
127|119,0,1,0,0,0,0,0,0,0,0,0,0,1,0,0,0,,,,
67|22,0,0,0,0,0,0,0,0,0,0,0,0,0,0,0,0,,,,
138|14,0,0,2,0,1,2,1,0,0,0,2,0,2,0,0,0,,,,
