73|103,0,0,0,0,0,0,0,0,0,0,0,0,0,0,0,0,,,,
47|12,1,3,16,32,1,0,2,2,0,1,1,6,11,0,0,0,,,,
78|65,10,8,32,5,1,3,4,2,1,2,6,17,2,0,0,0,0|0#1|0#2|0#3|2#4|2#5|2#6|2#7|2#8|2#9|2#10|2#11|2#12|0,0|0#1|0#2|0#3|1#4|1#5|1#6|1#7|1#8|1#9|1#10|2#11|2#12|0,0|0#1|0#2|0#3|2#4|2#5|2#6|2#7|2#8|2#9|2#10|2#11|2#12|0,0|0#1|0#2|0#3|1#4|0#5|1#6|0#7|1#8|2#9|0#10|2#11|1#12|0
87|107,0,0,0,0,0,0,0,0,1,0,0,0,0,0,0,0,,,,
85|34,0,0,0,0,0,0,0,0,0,0,0,0,0,0,0,0,,,,
139|40,0,0,0,0,0,0,0,0,0,0,0,0,0,0,0,0,0|0#1|0#2|0#3|0#4|0#5|0#6|0#7|0#8|0#9|0#10|0#11|0#12|0,0|0#1|0#2|0#3|0#4|0#5|0#6|0#7|0#8|0#9|0#10|0#11|0#12|0,,
149|57,0,0,0,0,2,0,1,0,4,0,0,0,0,0,0,0,,,,
38|18,0,0,0,0,0,0,0,0,0,0,0,0,0,0,0,0,,,,
68|9,0,0,0,0,0,0,0,0,0,0,0,0,0,0,0,0,,,,
21|104,0,0,0,0,0,0,0,0,0,0,0,0,0,0,0,0,,,,
59|54,0,0,0,0,0,0,0,0,0,0,0,0,0,0,0,0,0|0#1|0#2|0#3|0#4|0#5|0#6|0#7|0#8|0#9|0#10|0#11|0#12|0,,0|0#1|0#2|0#3|0#4|0#5|0#6|0#7|0#8|0#9|0#10|0#11|0#12|0,
35|108,0,0,0,0,0,0,0,0,0,0,0,0,0,0,0,0,,,,
94|7,0,0,0,0,0,0,0,0,0,0,0,0,0,0,0,0,,,,
127|4,0,0,0,0,0,0,0,0,0,0,0,0,0,0,0,0,,,,
66|23,0,0,0,0,0,0,0,0,0,0,0,0,0,0,0,0,,,,
137|15,0,0,0,0,0,0,0,0,0,0,0,0,0,0,0,0,,,,
60|116,0,0,0,0,0,0,0,0,0,0,0,0,0,0,0,0,,,,
111|105,0,0,0,0,0,0,0,0,1,0,0,1,0,0,0,0,,,,
57|29,0,0,0,0,0,0,0,0,0,0,0,1,0,0,0,0,,,,
150|117,0,0,0,0,0,0,0,0,0,0,0,0,0,0,0,0,,,,
97|76,0,0,8,1,0,3,1,1,1,0,0,15,7,0,0,0,0|0#1|0#2|0#3|3#4|2#5|2#6|2#7|2#8|2#9|2#10|2#11|2#12|0,0|0#1|0#2|0#3|2#4|2#5|2#6|2#7|1#8|0#9|1#10|1#11|1#12|0,0|0#1|0#2|0#3|3#4|2#5|2#6|2#7|2#8|2#9|2#10|2#11|2#12|0,0|0#1|0#2|0#3|2#4|1#5|2#6|1#7|1#8|2#9|1#10|1#11|1#12|0
125|109,0,0,0,0,0,0,0,0,0,0,0,1,0,0,0,0,,,,
