38|22,0,0,0,0,0,0,0,0,0,0,0,0,0,0,0,0,,,,
88|86,0,0,0,0,0,0,0,0,0,0,0,0,0,0,0,0,,,,
88|128,0,0,0,0,0,0,0,0,0,0,0,0,0,0,0,0,,,,
74|124,0,0,0,0,0,0,0,0,0,0,0,0,0,0,0,0,,,,
97|80,0,0,0,0,0,0,0,0,0,0,1,0,0,0,0,0,0|0#1|0#2|0#3|0#4|0#5|0#6|0#7|0#8|0#9|0#10|0#11|0#12|0,,,
109|14,0,0,0,0,0,0,0,0,0,0,0,0,0,0,0,0,,,,
60|120,0,0,0,0,0,0,0,0,0,0,0,0,0,0,0,0,,,,
48|39,0,0,0,0,0,0,0,0,0,0,0,0,0,0,0,0,,,,
74|19,0,0,0,0,0,0,0,0,0,0,0,0,0,0,0,0,,,,
147|36,0,0,0,0,0,0,0,0,0,0,0,0,0,0,0,0,,,,
19|11,0,0,0,0,0,0,0,0,0,0,0,0,0,0,0,0,,,,
7|29,0,0,0,0,0,0,0,0,0,0,0,0,0,0,0,0,,,,
83|13,0,0,0,0,0,1,0,3,0,0,0,0,0,0,0,0,,,,
29|28,59,80,49,0,4,2,3,16,2,0,12,1,3,0,0,0,,,,
76|44,0,0,0,0,0,0,0,0,0,0,0,0,0,0,0,0,,,,
35|112,0,0,0,0,0,0,0,0,0,0,0,0,0,0,0,0,,,,
69|75,1,0,0,0,0,0,0,0,0,0,0,0,1,0,0,0,0|0#1|0#2|0#3|0#4|0#5|0#6|0#7|0#8|0#9|0#10|0#11|0#12|0,,,
9|54,0,0,0,0,0,0,0,0,0,0,0,0,0,0,0,0,,,,
49|116,0,0,0,0,0,0,0,0,0,0,0,0,0,0,0,0,,,,
61|137,0,0,0,0,0,0,0,0,0,0,0,0,0,0,0,0,,,,
151|138,0,0,0,0,0,0,0,0,0,0,0,0,0,0,0,0,,,,
95|55,7,2,36,25,0,3,2,5,0,0,2,3,6,0,0,0,0|0#1|0#2|0#3|4#4|4#5|4#6|4#7|4#8|4#9|4#10|4#11|4#12|0,0|0#1|0#2|0#3|4#4|4#5|4#6|4#7|4#8|4#9|4#10|4#11|4#12|0,0|0#1|0#2|0#3|4#4|4#5|4#6|4#7|4#8|4#9|4#10|4#11|4#12|0,0|0#1|0#2|0#3|4#4|4#5|4#6|4#7|4#8|4#9|4#10|4#11|4#12|0
22|125,0,0,0,0,0,0,0,0,0,0,0,0,0,0,0,0,,,,
138|100,0,0,0,0,0,0,0,0,0,0,0,0,0,0,0,0,,,,
57|33,0,0,0,0,0,0,0,0,0,0,1,0,0,0,0,0,,,,
112|126,0,0,0,0,0,0,0,0,0,0,0,0,0,0,0,0,,,,
125|113,0,0,0,0,0,0,0,0,0,0,0,4,0,0,0,0,,,,
139|117,0,0,0,0,0,0,0,0,0,0,0,0,0,0,0,0,,,,
128|25,0,0,0,0,0,0,0,0,0,0,0,0,0,0,0,0,0|0#1|0#2|0#3|0#4|0#5|0#6|0#7|0#8|0#9|0#10|0#11|0#12|0,0|0#1|0#2|0#3|0#4|0#5|0#6|0#7|0#8|0#9|0#10|0#11|0#12|0,0|0#1|0#2|0#3|0#4|0#5|0#6|0#7|0#8|0#9|0#10|0#11|0#12|0,0|0#1|0#2|0#3|0#4|0#5|0#6|0#7|0#8|0#9|0#10|0#11|0#12|0
150|121,0,0,0,0,0,0,0,0,0,0,0,0,0,0,0,0,,,,
36|129,0,0,0,0,0,0,0,0,0,0,0,0,0,0,0,0,,,,
109|8,2,1,2,3,0,0,0,1,1,0,1,0,1,0,0,0,,,,
135|6,0,0,0,0,0,0,0,0,0,0,0,0,0,0,0,0,,,,
87|111,0,0,4,0,2,2,2,0,4,0,2,0,1,0,0,0,,,,
0|135,0,0,0,0,0,0,0,0,0,0,0,0,0,0,0,0,,,,
149|61,0,0,0,0,0,0,0,0,0,0,0,0,0,0,0,0,,,,
