99|94,0,0,0,0,0,0,0,0,0,0,0,0,0,0,0,0,,,,
101|141,0,0,0,0,0,0,0,0,0,0,0,0,0,0,0,0,,,,
110|98,0,0,0,0,0,0,0,0,0,0,0,0,0,0,0,0,,,,
11|140,0,0,0,0,0,0,0,0,0,0,0,0,0,0,0,0,,,,
100|81,3,0,7,2,1,0,0,1,1,0,0,3,0,0,0,0,0|0#1|0#2|0#3|0#4|0#5|0#6|0#7|0#8|0#9|0#10|0#11|0#12|0,0|0#1|0#2|0#3|0#4|0#5|0#6|0#7|0#8|0#9|0#10|0#11|0#12|0,0|0#1|0#2|0#3|0#4|0#5|0#6|0#7|0#8|0#9|0#10|0#11|0#12|0,0|0#1|0#2|0#3|0#4|0#5|0#6|0#7|0#8|0#9|0#10|0#11|0#12|0
20|95,0,0,0,0,0,0,0,0,0,0,0,0,0,0,0,0,,,,
97|69,40,29,42,5,15,3,8,10,4,3,21,27,12,0,0,0,0|0#1|0#2|0#3|4#4|4#5|4#6|4#7|4#8|4#9|4#10|4#11|4#12|0,0|0#1|0#2|0#3|4#4|4#5|4#6|4#7|4#8|4#9|4#10|4#11|4#12|0,0|0#1|0#2|0#3|4#4|4#5|4#6|4#7|4#8|4#9|4#10|4#11|4#12|0,0|0#1|0#2|0#3|4#4|4#5|4#6|4#7|4#8|4#9|4#10|4#11|4#12|0
77|143,0,0,0,0,0,0,0,0,0,0,0,0,0,0,0,0,,,,
86|2,0,0,0,0,0,0,0,0,0,0,0,0,0,0,0,0,,,,
85|27,0,0,0,0,0,0,0,0,0,0,0,0,0,0,0,0,,,,
60|109,0,0,0,0,0,0,0,0,0,0,0,0,0,0,0,0,,,,
115|145,0,0,0,0,0,0,0,0,0,0,0,0,0,0,0,0,,,,
68|41,0,0,0,0,0,0,0,0,0,0,0,0,0,0,0,0,,,,
78|58,0,0,0,0,0,0,0,0,0,0,0,0,0,0,0,0,,,,
59|47,0,0,1,0,0,0,0,0,0,0,0,0,0,0,0,0,,,,
25|144,0,0,0,0,0,0,0,0,0,0,0,0,0,0,0,0,,,,
66|16,0,0,0,0,0,0,0,0,0,0,0,0,0,0,0,0,,,,
49|30,0,0,0,0,0,0,0,0,0,0,0,0,0,0,0,0,,,,
75|10,0,0,0,0,0,0,0,0,0,0,0,0,0,0,0,0,,,,
87|52,0,0,0,0,0,1,0,0,0,0,0,0,0,0,0,0,0|0#1|0#2|0#3|0#4|0#5|0#6|1#7|0#8|0#9|0#10|0#11|0#12|0,0|0#1|0#2|0#3|0#4|0#5|0#6|0#7|0#8|0#9|0#10|0#11|0#12|0,0|0#1|0#2|0#3|0#4|0#5|1#6|0#7|0#8|0#9|0#10|0#11|0#12|0,0|0#1|0#2|0#3|0#4|0#5|0#6|0#7|0#8|0#9|0#10|0#11|0#12|0
94|21,0,0,0,0,0,0,0,0,0,0,0,0,0,0,0,0,,,,
128|132,0,0,0,0,0,0,0,0,0,0,0,0,0,0,0,0,,,,
8|20,0,3,0,0,0,0,0,10,0,0,0,0,0,0,0,0,,,,
38|131,0,0,0,0,0,0,0,0,0,0,0,0,0,0,0,0,,,,
139|33,0,0,0,0,0,0,0,0,0,0,0,0,0,0,0,0,,,,
