69|72,0,0,0,0,0,0,1,0,1,0,0,0,0,0,0,0,0|0#1|0#2|0#3|0#4|0#5|0#6|0#7|0#8|0#9|0#10|0#11|0#12|0,,0|0#1|0#2|0#3|0#4|0#5|0#6|0#7|0#8|0#9|0#10|0#11|0#12|0,
0|132,0,0,0,0,0,0,0,0,0,0,0,0,0,0,0,0,,,,
75|138,0,0,0,0,0,0,0,0,0,0,0,0,0,0,0,0,,,,
126|127,0,0,0,0,0,0,0,0,0,0,0,0,0,0,0,0,,,,
49|113,0,0,0,0,0,0,0,0,0,0,0,0,0,0,0,0,,,,
76|8,0,0,0,0,0,0,0,0,0,0,0,0,0,0,0,0,,,,
138|39,0,0,0,0,0,0,0,0,0,0,0,0,0,0,0,0,,,,
83|10,0,0,0,0,0,0,0,0,0,0,0,0,0,0,0,0,,,,
135|3,0,0,0,0,0,0,0,0,0,0,0,0,0,0,0,0,,,,
36|126,0,0,0,0,0,0,0,0,0,0,0,0,0,0,0,0,,,,
128|22,0,0,0,0,0,0,0,0,0,0,0,0,0,0,0,0,,,,
139|114,0,0,0,0,0,0,0,0,0,0,0,0,0,0,0,0,,,,
147|33,0,0,0,0,0,0,0,0,0,0,0,0,0,0,0,0,,,,
7|26,0,0,0,0,0,0,0,0,0,0,0,0,0,0,0,0,,,,
95|52,1,0,6,0,0,0,0,1,0,0,4,4,9,0,0,0,0|0#1|0#2|0#3|3#4|2#5|2#6|2#7|2#8|2#9|2#10|2#11|2#12|0,0|0#1|0#2|0#3|2#4|1#5|2#6|2#7|2#8|2#9|2#10|2#11|2#12|0,0|0#1|0#2|0#3|2#4|2#5|2#6|2#7|2#8|2#9|2#10|2#11|2#12|0,0|0#1|0#2|0#3|1#4|1#5|1#6|2#7|2#8|2#9|2#10|2#11|2#12|0
88|83,0,1,0,0,0,0,0,3,0,0,0,1,1,0,1,0,0|0#1|0#2|0#3|0#4|0#5|0#6|0#7|0#8|0#9|0#10|0#11|0#12|0,0|0#1|0#2|0#3|0#4|0#5|0#6|0#7|0#8|0#9|0#10|0#11|0#12|0,0|0#1|0#2|0#3|0#4|0#5|0#6|0#7|0#8|0#9|0#10|0#11|0#12|0,0|0#1|0#2|0#3|0#4|0#5|0#6|0#7|0#8|0#9|0#10|0#11|0#12|0
109|5,0,0,0,0,0,0,0,0,1,0,0,0,1,0,0,0,,,,
125|110,0,0,0,0,0,0,0,0,0,0,0,0,0,0,0,0,,,,
112|123,0,0,0,0,0,0,0,0,0,0,0,0,0,0,0,0,,,,
9|9,0,0,0,0,0,0,0,0,0,0,0,0,0,0,0,0,,,,
22|122,0,0,0,0,0,0,0,0,0,0,0,0,0,0,0,0,,,,
76|41,0,0,0,0,0,0,0,0,0,0,0,0,0,0,0,0,,,,
109|11,0,0,0,0,0,0,0,0,0,0,0,0,0,0,0,0,,,,
29|25,0,0,0,0,0,0,0,0,0,0,0,0,0,0,0,0,,,,
57|30,0,0,0,0,0,0,0,0,0,0,0,0,0,0,0,0,,,,
79|89,0,0,0,0,0,0,0,0,0,0,0,0,0,0,0,0,,,,
48|36,0,0,0,0,0,0,0,0,0,0,0,0,0,0,0,0,,,,
9|51,0,0,0,0,0,0,0,0,0,0,0,0,0,0,0,0,,,,
93|27,0,0,0,0,0,0,0,0,0,0,0,0,0,0,0,0,0|0#1|0#2|0#3|0#4|0#5|0#6|0#7|0#8|0#9|0#10|0#11|0#12|0,,0|0#1|0#2|0#3|0#4|0#5|0#6|0#7|0#8|0#9|0#10|0#11|0#12|0,
61|134,0,0,0,0,0,0,0,0,0,0,0,0,0,0,0,0,,,,
86|58,0,0,2,0,1,1,0,0,0,0,0,11,0,0,0,0,0|0#1|0#2|0#3|2#4|2#5|0#6|1#7|1#8|1#9|2#10|1#11|1#12|0,0|0#1|0#2|0#3|1#4|1#5|0#6|0#7|0#8|0#9|0#10|1#11|0#12|0,0|0#1|0#2|0#3|2#4|0#5|1#6|1#7|1#8|2#9|2#10|0#11|2#12|0,0|0#1|0#2|0#3|2#4|0#5|0#6|0#7|0#8|0#9|0#10|1#11|1#12|0
151|135,0,0,0,0,0,0,0,0,0,0,0,0,0,0,0,0,,,,
74|121,0,0,0,0,0,0,0,0,0,0,0,0,0,0,0,0,,,,
119|28,0,0,0,0,0,0,0,0,0,0,0,0,0,0,0,0,,,,
23|139,0,0,0,0,0,0,0,0,0,0,0,0,0,0,0,0,,,,
67|47,0,0,0,0,0,2,0,0,0,0,0,7,0,0,0,0,0|0#1|0#2|0#3|0#4|0#5|0#6|0#7|0#8|0#9|0#10|0#11|0#12|0,,0|0#1|0#2|0#3|0#4|0#5|0#6|0#7|0#8|0#9|0#10|0#11|0#12|0,
88|125,0,0,0,0,0,0,0,0,0,0,0,0,0,0,0,0,,,,
74|16,0,0,0,0,0,0,0,0,0,0,0,0,0,0,0,0,,,,
