110|7,0,0,1,0,0,0,1,0,1,0,0,0,6,0,0,0,,,,
78|3,0,0,0,0,0,0,0,0,0,0,0,0,0,0,0,0,,,,
39|12,0,0,0,0,0,0,0,0,0,0,0,0,0,0,0,0,,,,
10|77,0,0,0,0,0,0,0,0,0,0,0,0,0,0,0,0,,,,
11|139,0,0,0,0,0,0,0,0,0,0,0,0,0,0,0,0,,,,
148|26,2,2,1,1,3,3,1,1,5,0,4,13,2,0,0,0,0|0#1|0#2|0#3|0#4|0#5|0#6|0#7|0#8|0#9|0#10|0#11|0#12|0,,0|0#1|0#2|0#3|0#4|0#5|0#6|0#7|0#8|0#9|0#10|0#11|0#12|0,
10|122,0,0,0,0,0,0,0,0,0,0,0,0,0,0,0,0,,,,
113|110,0,0,0,0,0,0,0,0,0,0,0,0,0,0,0,0,,,,
58|23,0,0,0,0,0,0,0,1,0,0,0,0,0,0,0,0,,,,
62|121,0,0,0,0,0,0,0,0,0,0,0,0,0,0,0,0,,,,
49|29,0,0,0,0,0,0,0,0,1,0,0,1,0,0,0,0,,,,
2|136,0,0,0,0,0,0,0,0,0,0,0,0,0,0,0,0,,,,
63|138,0,0,0,0,0,0,0,0,0,0,0,0,0,0,0,0,,,,
127|114,2,4,5,0,1,1,0,1,1,0,0,1,0,0,0,0,,,,
24|126,0,0,0,0,0,0,0,0,0,0,0,0,0,0,0,0,,,,
76|125,0,0,0,0,0,0,0,0,0,0,0,0,0,0,0,0,,,,
129|15,0,0,0,0,0,0,0,0,0,0,0,0,0,0,0,0,,,,
77|34,0,0,0,0,0,0,0,0,0,0,0,0,0,0,0,0,0|0#1|0#2|0#3|0#4|0#5|0#6|0#7|0#8|0#9|0#10|0#11|0#12|0,,0|0#1|0#2|0#3|0#4|0#5|0#6|0#7|0#8|0#9|0#10|0#11|0#12|0,0|0#1|0#2|0#3|0#4|0#5|0#6|0#7|0#8|0#9|0#10|0#11|0#12|0
89|76,0,0,0,0,0,3,0,0,0,0,0,6,0,0,0,0,0|0#1|0#2|0#3|0#4|0#5|0#6|0#7|1#8|0#9|0#10|0#11|1#12|0,0|0#1|0#2|0#3|0#4|0#5|0#6|0#7|0#8|0#9|0#10|0#11|0#12|0,0|0#1|0#2|0#3|0#4|0#5|0#6|1#7|1#8|0#9|1#10|0#11|0#12|0,0|0#1|0#2|0#3|0#4|0#5|0#6|0#7|0#8|0#9|0#10|0#11|0#12|0
8|19,2,2,0,0,0,0,0,10,0,1,1,0,0,0,0,0,,,,
89|112,0,1,0,0,0,0,0,0,0,0,0,0,0,0,0,0,,,,
100|123,0,0,0,0,0,0,0,0,0,0,0,0,0,0,0,0,,,,
37|113,0,0,0,0,0,0,0,0,0,0,0,0,0,0,0,0,,,,
96|45,6,4,3,1,1,3,0,1,0,0,2,5,3,0,0,0,0|0#1|0#2|0#3|2#4|1#5|1#6|1#7|1#8|0#9|2#10|1#11|1#12|0,0|0#1|0#2|0#3|1#4|0#5|0#6|0#7|0#8|0#9|0#10|0#11|0#12|0,0|0#1|0#2|0#3|1#4|1#5|1#6|1#7|1#8|1#9|1#10|1#11|1#12|0,0|0#1|0#2|0#3|0#4|0#5|0#6|0#7|0#8|0#9|0#10|0#11|0#12|0
98|70,15,19,87,9,5,5,13,8,0,1,33,5,17,0,0,0,0|0#1|0#2|0#3|4#4|4#5|4#6|4#7|4#8|4#9|4#10|4#11|4#12|0,0|0#1|0#2|0#3|4#4|4#5|4#6|4#7|4#8|4#9|4#10|4#11|4#12|0,0|0#1|0#2|0#3|4#4|4#5|4#6|4#7|4#8|4#9|4#10|4#11|4#12|0,0|0#1|0#2|0#3|4#4|4#5|4#6|4#7|4#8|4#9|4#10|4#11|4#12|0
114|127,0,0,0,0,0,1,0,0,0,0,0,1,1,0,0,0,,,,
152|122,0,0,0,0,0,0,0,0,0,0,0,0,0,0,0,0,,,,
