61|94,0,0,0,2,0,2,0,2,0,0,0,0,0,0,0,0,0|0#1|0#2|0#3|0#4|0#5|0#6|0#7|0#8|0#9|0#10|0#11|0#12|0,,0|0#1|0#2|0#3|0#4|0#5|0#6|0#7|0#8|0#9|0#10|0#11|0#12|0,
4|100,0,0,0,0,0,0,0,0,0,0,0,0,0,0,0,0,,,,
79|106,0,0,0,0,0,0,0,0,0,0,0,0,0,0,0,0,,,,
42|83,0,0,0,0,0,0,0,0,0,0,0,0,0,0,0,0,,,,
91|127,0,0,0,0,0,0,0,0,0,0,0,0,0,0,0,0,,,,
117|108,0,0,0,0,0,0,0,0,0,0,0,0,0,0,0,0,,,,
5|117,0,0,0,0,0,0,0,0,0,0,0,0,0,0,0,0,,,,
103|104,1,1,1,1,2,0,0,1,2,0,0,0,1,0,0,0,,,,
150|8,0,0,0,0,0,1,0,0,0,0,0,0,0,0,0,0,,,,
21|47,0,0,0,0,0,0,0,0,0,0,0,0,0,0,0,0,,,,
27|107,0,0,0,0,0,0,0,0,0,0,0,0,0,0,0,0,,,,
20|3,0,0,0,0,0,0,0,0,0,0,0,0,0,0,0,0,,,,
90|110,0,0,0,0,0,0,0,0,0,0,0,0,0,0,0,0,,,,
113|75,0,0,0,0,0,0,0,0,0,0,0,0,0,0,0,0,0|0#1|0#2|0#3|0#4|0#5|0#6|0#7|0#8|0#9|0#10|0#11|0#12|0,0|0#1|0#2|0#3|0#4|0#5|0#6|0#7|0#8|0#9|0#10|0#11|0#12|0,0|0#1|0#2|0#3|0#4|0#5|0#6|0#7|0#8|0#9|0#10|0#11|0#12|0,0|0#1|0#2|0#3|0#4|0#5|0#6|0#7|0#8|0#9|0#10|0#11|0#12|0
120|44,0,0,0,0,0,0,0,0,0,0,0,0,0,0,0,0,,,,
40|58,24,0,52,2,6,2,7,3,14,0,11,1,4,0,1,0,,,,0|0#1|0#2|0#3|0#4|0#5|0#6|0#7|0#8|0#9|0#10|0#11|0#12|0
1|73,0,0,0,0,0,0,0,0,0,0,0,0,0,0,0,0,,,,
30|41,0,0,0,0,0,0,0,0,0,0,0,0,0,0,0,0,,,,
142|116,0,0,0,0,0,0,0,0,0,0,0,0,0,0,0,0,,,,
14|78,0,0,0,0,0,0,0,0,0,0,0,0,0,0,0,0,,,,
11|30,0,0,0,0,0,0,0,0,0,0,0,0,0,0,0,0,,,,
33|89,0,0,0,0,0,0,0,0,0,0,0,0,0,0,0,0,,,,
65|102,0,0,0,0,0,0,0,0,0,0,0,0,0,0,0,0,,,0|0#1|0#2|0#3|0#4|0#5|0#6|0#7|0#8|0#9|0#10|0#11|0#12|0,
101|33,0,0,0,0,0,0,0,0,0,0,0,0,0,0,0,0,,,,
66|119,0,0,0,0,0,0,0,0,0,0,0,0,0,0,0,0,,,,
132|86,1,5,2,0,0,3,0,2,0,0,0,2,0,0,0,0,,,,0|0#1|0#2|0#3|0#4|0#5|0#6|0#7|0#8|0#9|0#10|0#11|0#12|0
13|103,0,0,0,0,0,0,0,0,0,0,0,0,0,0,0,0,,,,
141|80,0,0,0,0,0,0,0,0,1,0,0,0,0,0,0,0,,,,
23|72,0,0,0,0,0,0,0,0,0,0,0,0,0,0,0,0,,,,
52|115,0,0,0,0,0,0,0,0,0,0,0,0,0,0,0,0,,,,
151|97,0,0,0,0,0,0,0,0,0,0,0,0,0,0,0,0,,,,
