71|103,0,0,0,0,0,0,0,0,0,0,0,0,0,0,0,0,,,,
123|109,0,0,0,0,0,0,0,0,0,0,0,0,0,0,0,0,,,,
33|108,0,0,0,0,0,0,0,0,0,0,0,0,0,0,0,0,,,,
37|29,0,0,0,0,0,0,0,0,0,0,0,1,0,0,0,0,,,,
58|65,0,0,0,0,0,0,0,0,0,0,0,0,0,0,0,0,,,,
21|6,0,0,0,0,0,0,0,0,0,0,0,0,0,0,0,0,,,,
129|57,0,0,0,0,0,0,0,0,0,0,0,0,0,0,0,0,,,,
145|20,0,0,0,0,0,0,0,0,0,0,0,0,0,0,0,0,,,,
86|70,1,1,1,0,0,2,0,0,0,0,2,0,2,0,0,0,0|0#1|0#2|0#3|1#4|2#5|2#6|1#7|1#8|2#9|1#10|0#11|0#12|0,0|0#1|0#2|0#3|0#4|0#5|0#6|0#7|0#8|0#9|0#10|0#11|0#12|0,0|0#1|0#2|0#3|0#4|2#5|2#6|1#7|2#8|2#9|1#10|0#11|0#12|0,0|0#1|0#2|0#3|0#4|0#5|0#6|0#7|0#8|0#9|0#10|0#11|0#12|0
119|40,0,0,0,0,0,0,0,0,0,0,0,0,0,0,0,0,,,,
117|15,0,0,0,0,0,0,0,0,0,0,0,0,0,0,0,0,,,,
148|68,0,0,0,0,0,0,0,0,0,0,0,0,0,0,0,0,,0|0#1|0#2|0#3|0#4|0#5|0#6|0#7|0#8|0#9|0#10|0#11|0#12|0,0|0#1|0#2|0#3|0#4|0#5|0#6|0#7|0#8|0#9|0#10|0#11|0#12|0,0|0#1|0#2|0#3|0#4|0#5|0#6|0#7|0#8|0#9|0#10|0#11|0#12|0
136|26,0,0,0,0,0,0,1,0,0,0,1,0,1,0,0,0,0|0#1|0#2|0#3|0#4|0#5|0#6|0#7|0#8|0#9|0#10|0#11|0#12|0,0|0#1|0#2|0#3|0#4|0#5|0#6|0#7|0#8|0#9|0#10|0#11|0#12|0,0|0#1|0#2|0#3|0#4|0#5|0#6|0#7|0#8|0#9|0#10|0#11|0#12|0,0|0#1|0#2|0#3|0#4|0#5|0#6|0#7|0#8|0#9|0#10|0#11|0#12|0
46|23,19,14,32,0,2,0,2,6,0,0,2,3,2,0,0,0,,,,
91|14,0,0,0,0,0,0,0,0,0,0,0,0,0,0,0,0,,,,
39|54,0,0,0,0,0,0,0,0,0,0,0,0,0,0,0,0,,,,
85|107,0,0,0,0,0,0,0,0,1,0,0,1,0,0,0,0,,,,
138|51,0,0,0,0,0,0,0,0,0,0,0,0,0,0,0,0,,,,
5|13,0,0,0,0,0,0,0,0,0,0,0,0,0,0,0,0,,,,
27|12,0,0,0,0,0,0,0,0,0,0,0,1,0,0,0,0,,,,
77|76,0,0,0,0,0,0,0,0,0,0,0,0,1,0,0,0,,,,
96|87,0,0,0,0,0,0,1,0,1,0,0,2,1,0,0,0,,,,0|0#1|0#2|0#3|0#4|0#5|0#6|0#7|0#8|0#9|0#10|0#11|0#12|0
18|18,1,4,6,0,4,3,1,1,6,0,4,0,1,0,0,0,,,,
84|45,7,3,7,1,2,3,4,5,9,0,5,3,0,0,0,0,0|0#1|0#2|0#3|0#4|0#5|0#6|0#7|0#8|0#9|0#10|0#11|0#12|0,0|0#1|0#2|0#3|0#4|0#5|0#6|0#7|0#8|0#9|0#10|0#11|0#12|0,0|0#1|0#2|0#3|0#4|0#5|0#6|0#7|0#8|0#9|0#10|0#11|0#12|0,0|0#1|0#2|0#3|0#4|0#5|0#6|0#7|0#8|0#9|0#10|0#11|0#12|0
65|34,4,1,0,1,0,1,0,2,0,1,0,2,1,0,0,0,,,,
