22|47,0,0,0,0,0,0,0,0,0,0,0,0,0,0,0,0,,,,
0|48,0,0,0,0,0,0,0,0,0,0,0,0,0,0,0,0,,,,
67|113,0,0,0,0,0,0,0,0,0,0,0,0,0,0,0,0,,,,
41|58,1,0,1,0,0,0,0,0,0,0,0,2,2,0,0,0,,0|0#1|0#2|0#3|0#4|0#5|0#6|0#7|0#8|0#9|0#10|0#11|0#12|0,,
43|83,0,0,0,0,0,0,0,0,0,0,0,0,0,0,0,0,,,,
41|139,0,0,0,0,0,0,0,0,0,0,0,0,0,0,0,0,,,,
92|121,0,0,0,0,0,0,0,0,0,0,0,0,0,0,0,0,,,,
15|78,0,0,0,0,0,0,0,0,0,0,0,0,0,0,0,0,,,,
102|33,0,0,0,0,0,0,0,0,0,0,0,0,0,0,0,0,,,,
118|102,1,0,2,0,0,1,0,0,0,0,0,9,0,0,0,0,0|0#1|0#2|0#3|0#4|0#5|0#6|0#7|0#8|0#9|0#10|0#11|0#12|0,,0|0#1|0#2|0#3|0#4|0#5|0#6|0#7|0#8|0#9|0#10|0#11|0#12|0,
62|94,16,4,41,0,0,3,1,2,1,1,7,1,0,0,0,0,0|0#1|0#2|0#3|0#4|0#5|0#6|1#7|0#8|0#9|0#10|0#11|0#12|0,0|0#1|0#2|0#3|0#4|0#5|0#6|0#7|0#8|0#9|0#10|0#11|0#12|0,0|0#1|0#2|0#3|0#4|0#5|1#6|0#7|0#8|0#9|0#10|0#11|0#12|0,0|0#1|0#2|0#3|0#4|0#5|0#6|0#7|0#8|0#9|0#10|0#11|0#12|0
133|86,11,3,1,2,0,1,0,6,0,0,0,5,0,0,0,0,0|0#1|0#2|0#3|0#4|0#5|0#6|0#7|0#8|0#9|0#10|0#11|0#12|0,,,
7|128,0,0,0,0,0,0,0,0,0,0,0,0,0,0,0,0,,,,
24|72,0,0,0,0,0,0,0,0,0,0,0,0,0,0,0,0,,,,
31|41,0,0,0,0,0,0,0,0,0,0,0,0,0,0,0,0,,,,
15|114,0,0,0,0,0,0,0,0,0,0,0,0,0,0,0,0,,,,
152|97,0,0,0,0,0,0,0,0,0,0,0,0,0,0,0,0,,,,
29|118,0,0,0,0,0,0,0,0,0,0,0,0,0,0,0,0,,,,
142|80,0,0,0,0,0,0,0,0,0,0,0,0,0,0,0,0,,,,
93|138,0,0,0,0,0,0,0,0,0,0,0,0,0,0,0,0,,,,
34|89,0,0,0,0,0,1,0,0,0,0,0,0,0,0,0,0,,,,
30|3,0,0,4,0,1,2,0,0,4,0,0,0,1,0,0,0,,,,
54|126,0,0,0,0,0,0,0,0,0,0,0,0,0,0,0,0,,,,
144|127,0,0,0,0,0,0,0,0,0,0,0,0,0,0,0,0,,,,
28|101,0,0,0,0,0,0,0,0,0,0,0,0,0,0,0,0,,,,
140|55,0,0,0,0,0,0,0,0,0,0,0,0,0,0,0,0,,,,
60|69,0,0,0,0,0,0,0,0,0,0,0,0,0,0,0,0,,,,
105|115,0,0,0,0,0,0,0,0,0,0,0,0,0,0,0,0,,,,
121|44,0,0,0,0,0,0,0,0,0,0,0,0,0,0,0,0,,,,
2|73,0,0,0,0,0,0,0,0,0,0,0,0,0,0,0,0,,,,
143|110,0,0,0,0,0,0,0,0,0,0,0,0,0,0,0,0,,,,
12|30,0,0,0,0,0,0,0,0,0,0,0,0,0,0,0,0,,,,
119|119,0,0,0,0,0,0,0,0,0,0,0,0,0,0,0,0,,,,
114|75,0,0,0,0,0,1,0,0,0,0,0,0,1,0,0,0,0|0#1|0#2|0#3|0#4|0#5|0#6|0#7|0#8|0#9|0#10|0#11|0#12|0,,0|0#1|0#2|0#3|0#4|0#5|0#6|0#7|0#8|0#9|0#10|0#11|0#12|0,0|0#1|0#2|0#3|0#4|0#5|0#6|0#7|0#8|0#9|0#10|0#11|0#12|0
50|52,0,1,0,0,0,0,0,0,0,0,0,16,0,0,0,0,0|0#1|0#2|0#3|0#4|0#5|0#6|0#7|0#8|0#9|0#10|0#11|0#12|0,,0|0#1|0#2|0#3|0#4|0#5|0#6|0#7|0#8|0#9|0#10|0#11|0#12|0,
40|122,0,0,0,0,0,0,0,0,0,0,0,0,0,0,0,0,,,,
6|111,0,0,0,0,0,0,0,0,0,0,0,0,0,0,0,0,,,,
130|123,0,0,0,0,0,0,0,0,0,0,0,0,0,0,0,0,,,,
