73|75,0,0,0,0,0,0,0,0,0,0,0,0,0,0,0,0,,,,
151|36,0,0,0,0,0,0,0,0,0,0,0,0,0,0,0,0,,,,
33|28,0,0,0,0,0,0,0,0,0,0,0,0,0,0,0,0,,,,
127|81,0,0,0,0,0,0,0,1,5,0,0,0,1,0,0,0,,,,
28|84,0,0,0,0,0,0,0,0,0,0,0,0,0,0,0,0,,,,
52|39,0,0,0,0,0,0,0,0,0,0,0,0,0,0,0,0,,,,
133|115,18,7,8,4,0,4,1,13,4,0,5,4,8,0,0,0,,,,
134|50,0,0,0,0,0,0,0,0,0,0,0,0,0,0,0,0,,,,
108|70,1,0,0,0,0,0,0,0,0,0,0,0,1,0,0,0,0|0#1|0#2|0#3|0#4|0#5|1#6|0#7|0#8|1#9|0#10|0#11|0#12|0,0|0#1|0#2|0#3|0#4|0#5|0#6|0#7|0#8|0#9|0#10|0#11|0#12|0,0|0#1|0#2|0#3|0#4|2#5|1#6|0#7|0#8|0#9|0#10|0#11|0#12|0,0|0#1|0#2|0#3|0#4|0#5|1#6|0#7|0#8|0#9|0#10|0#11|0#12|0
42|22,0,0,0,0,0,0,0,0,0,0,0,0,0,0,0,0,,,,
14|17,0,0,0,0,0,0,0,0,0,0,0,0,0,0,0,0,,,,
146|92,0,0,0,0,0,0,0,0,0,0,0,0,0,0,0,0,,,,
23|11,0,0,0,0,0,0,0,0,0,0,0,0,0,0,0,0,,,,
26|59,0,0,0,0,0,0,0,0,0,0,0,0,0,0,0,0,,,,
147|119,0,0,0,0,0,0,0,0,0,0,0,0,0,0,0,0,,,,
82|126,0,0,0,0,0,0,0,0,0,0,0,0,0,0,0,0,,,,
95|113,0,0,0,0,0,0,0,0,0,0,0,0,0,0,0,0,,,,
108|107,0,0,0,0,0,0,0,0,0,0,0,0,0,0,0,0,,,,
146|102,0,0,1,0,0,0,0,1,8,0,3,0,1,0,0,0,0|0#1|0#2|0#3|0#4|0#5|0#6|0#7|0#8|0#9|0#10|0#11|0#12|0,,0|0#1|0#2|0#3|0#4|0#5|0#6|0#7|0#8|0#9|0#10|0#11|0#12|0,
47|95,0,0,0,0,0,0,0,0,0,0,0,0,0,0,0,0,,,,
79|6,1,0,0,0,0,0,0,1,0,0,0,0,0,0,0,0,,,,
106|45,0,0,0,0,0,0,0,0,0,0,0,0,0,0,0,0,0|0#1|0#2|0#3|0#4|0#5|0#6|0#7|0#8|0#9|0#10|0#11|0#12|0,,0|0#1|0#2|0#3|0#4|0#5|0#6|0#7|0#8|0#9|0#10|0#11|0#12|0,
6|85,0,0,0,0,0,0,0,0,0,0,0,0,0,0,0,0,,,,
118|87,97,21,329,7,18,19,13,28,4,7,77,12,29,0,1,0,0|0#1|0#2|0#3|0#4|0#5|0#6|0#7|0#8|0#9|0#10|0#11|0#12|0,0|0#1|0#2|0#3|0#4|0#5|0#6|0#7|0#8|0#9|0#10|0#11|0#12|0,0|0#1|0#2|0#3|0#4|0#5|0#6|0#7|0#8|0#9|0#10|1#11|0#12|0,0|0#1|0#2|0#3|0#4|0#5|0#6|0#7|0#8|0#9|0#10|0#11|0#12|0
18|106,0,0,0,0,0,0,0,0,0,0,0,0,0,0,0,0,,,,
9|103,0,0,0,0,0,0,0,0,0,0,0,0,0,0,0,0,,,,
35|53,0,0,0,0,0,0,0,0,0,0,0,0,0,0,0,0,,,,
1|12,0,0,0,0,0,0,0,0,0,0,0,0,0,0,0,0,,,,
54|64,0,0,0,0,0,0,1,1,1,0,1,0,0,0,0,0,,,,
92|86,0,0,0,0,0,1,0,0,0,0,0,0,0,0,0,0,0|0#1|0#2|0#3|2#4|0#5|0#6|0#7|0#8|0#9|0#10|1#11|0#12|0,0|0#1|0#2|0#3|0#4|0#5|0#6|0#7|0#8|0#9|0#10|0#11|0#12|0,0|0#1|0#2|0#3|0#4|0#5|0#6|0#7|0#8|0#9|1#10|0#11|0#12|0,0|0#1|0#2|0#3|0#4|0#5|0#6|0#7|0#8|0#9|0#10|0#11|0#12|0
56|101,95,23,156,0,5,17,8,42,18,4,37,4,9,1,0,0,0|0#1|0#2|0#3|0#4|0#5|0#6|0#7|0#8|0#9|0#10|0#11|0#12|0,0|0#1|0#2|0#3|0#4|0#5|0#6|0#7|0#8|0#9|0#10|0#11|0#12|0,0|0#1|0#2|0#3|0#4|0#5|0#6|0#7|0#8|0#9|0#10|0#11|0#12|0,0|0#1|0#2|0#3|0#4|0#5|0#6|0#7|0#8|0#9|0#10|0#11|0#12|0
125|56,0,0,0,0,0,0,0,0,0,0,0,0,0,0,0,0,,,,
80|44,0,0,0,0,0,0,0,0,1,0,0,0,0,0,0,0,,0|0#1|0#2|0#3|0#4|0#5|0#6|0#7|0#8|0#9|0#10|0#11|0#12|0,,
113|14,0,0,0,0,0,0,0,0,0,0,0,0,0,0,0,0,,,,
16|42,0,0,0,0,0,0,0,0,0,0,0,0,0,0,0,0,,,,
138|1,0,0,0,0,0,0,0,0,0,0,0,0,0,0,0,0,,,,
132|25,0,0,0,0,0,0,0,0,0,0,0,0,1,0,0,0,0|0#1|0#2|0#3|0#4|0#5|0#6|0#7|0#8|0#9|0#10|0#11|0#12|0,,0|0#1|0#2|0#3|0#4|0#5|0#6|0#7|0#8|0#9|0#10|0#11|0#12|0,
137|98,0,0,0,0,0,0,0,0,0,0,0,0,0,0,0,0,,,,
57|118,0,0,0,0,0,0,0,0,0,0,0,0,0,0,0,0,,,,
30|127,0,0,0,0,0,0,0,0,0,0,0,0,0,0,0,0,,,,
43|114,0,0,0,0,0,0,0,0,0,0,0,0,0,0,0,0,,,,
120|128,2,1,4,0,0,0,0,0,2,0,3,10,0,0,0,0,,,,
61|33,0,0,0,0,0,0,0,0,0,0,0,0,0,0,0,0,,,,
144|67,0,1,3,0,0,0,0,1,0,0,0,8,2,1,0,0,0|0#1|0#2|0#3|0#4|0#5|0#6|0#7|0#8|0#9|0#10|0#11|0#12|0,,0|0#1|0#2|0#3|0#4|0#5|0#6|0#7|0#8|0#9|0#10|0#11|0#12|0,0|0#1|0#2|0#3|0#4|0#5|0#6|0#7|0#8|0#9|0#10|0#11|0#12|0
