138|93,0,0,0,0,0,0,0,0,0,0,0,0,0,0,0,0,,,,
126|51,3,0,0,1,0,0,0,0,0,0,0,0,1,0,0,0,,,,
89|1,0,0,0,0,0,0,0,0,0,0,0,0,0,0,0,0,,,,
117|57,0,0,0,0,0,0,0,0,0,0,0,0,0,0,0,0,,0|0#1|0#2|0#3|0#4|0#5|0#6|0#7|0#8|0#9|0#10|0#11|0#12|0,,
5|55,0,0,0,0,0,0,0,0,0,0,0,0,0,0,0,0,,,,
107|40,0,0,0,0,0,0,0,0,0,0,0,1,0,0,0,0,,,,
149|125,0,0,0,0,0,0,0,0,0,0,0,0,0,0,0,0,,,,
72|45,0,0,0,0,0,0,0,0,0,0,0,0,0,0,0,0,0|0#1|0#2|0#3|0#4|0#5|0#6|0#7|0#8|0#9|0#10|0#11|0#12|0,,0|0#1|0#2|0#3|0#4|0#5|0#6|0#7|0#8|0#9|0#10|0#11|0#12|0,
98|136,0,0,0,0,0,0,0,0,0,0,0,0,0,0,0,0,,,,
136|68,0,0,0,0,0,0,0,0,0,0,0,0,0,0,0,0,,,,
7|80,0,0,0,0,0,0,0,0,0,0,0,0,0,0,0,0,,,,
65|76,0,0,0,0,0,0,0,1,0,0,0,0,0,0,0,0,,,,
136|138,0,0,0,0,0,0,0,0,0,0,0,0,0,0,0,0,,,,
59|124,0,0,0,0,0,0,0,0,0,0,0,0,0,0,0,0,,,,
129|99,0,0,0,0,0,0,0,0,0,0,0,0,0,0,0,0,0|0#1|0#2|0#3|0#4|0#5|0#6|0#7|0#8|0#9|0#10|0#11|0#12|0,,0|0#1|0#2|0#3|0#4|0#5|0#6|0#7|0#8|0#9|0#10|0#11|0#12|0,
15|12,0,0,0,0,0,0,0,0,0,0,0,0,0,0,0,0,,,,
46|65,0,0,0,0,0,0,0,0,0,0,0,0,0,0,0,0,,,,
121|5,0,0,0,0,0,0,0,0,0,0,0,0,0,0,0,0,,,,
145|62,0,0,0,0,0,0,0,0,0,0,0,0,0,0,0,0,,,,
71|145,0,0,0,0,0,0,0,0,0,0,0,0,0,0,0,0,,,,
143|37,0,0,0,0,0,0,0,0,0,0,0,0,1,0,0,0,0|0#1|0#2|0#3|0#4|0#5|0#6|0#7|0#8|0#9|0#10|0#11|0#12|0,,0|0#1|0#2|0#3|0#4|0#5|0#6|0#7|0#8|0#9|0#10|0#11|0#12|0,
133|20,0,0,0,0,0,0,0,0,0,0,0,0,0,0,0,0,,,,
124|26,0,0,0,0,0,0,0,0,0,0,0,0,0,0,0,0,,,,
34|23,0,0,0,0,0,0,0,0,0,0,0,1,1,0,0,0,,,,
84|132,0,0,0,0,0,0,0,0,0,0,0,0,0,0,0,0,,,,
32|133,0,0,0,0,0,0,0,0,0,0,0,0,0,0,0,0,,,,
27|54,0,0,0,0,0,0,0,0,0,0,0,0,0,0,0,0,,,0|0#1|0#2|0#3|0#4|0#5|0#6|0#7|0#8|0#9|0#10|0#11|0#12|0,
45|120,0,0,0,0,0,0,0,0,0,0,0,0,0,0,0,0,,,,
53|34,0,0,0,0,0,0,0,0,0,0,0,0,0,0,0,0,,,,
91|56,67,19,275,22,14,8,4,19,2,30,19,166,24,1,0,0,0|0#1|0#2|0#3|4#4|4#5|4#6|4#7|4#8|4#9|4#10|4#11|4#12|0,0|0#1|0#2|0#3|4#4|4#5|4#6|4#7|4#8|4#9|4#10|4#11|4#12|0,0|0#1|0#2|0#3|4#4|4#5|4#6|4#7|4#8|4#9|4#10|4#11|4#12|0,0|0#1|0#2|0#3|4#4|4#5|4#6|4#7|4#8|4#9|4#10|4#11|4#12|0
152|31,0,0,0,0,0,0,0,0,0,0,0,0,0,0,0,0,,,,
105|15,0,0,0,0,0,0,0,0,0,0,0,0,0,0,0,0,,,,
135|121,0,0,0,0,0,0,0,0,0,0,0,0,0,0,0,0,,,,
48|90,0,1,0,0,0,0,0,1,0,0,0,0,0,0,0,0,,,,
74|70,3,0,1,0,0,0,0,0,0,0,0,2,0,0,0,0,0|0#1|0#2|0#3|0#4|0#5|0#6|0#7|0#8|0#9|0#10|0#11|0#12|0,,0|0#1|0#2|0#3|0#4|0#5|0#6|0#7|0#8|0#9|0#10|0#11|0#12|0,0|0#1|0#2|0#3|0#4|0#5|0#6|0#7|0#8|0#9|0#10|0#11|0#12|0
122|134,0,0,0,0,0,0,0,0,0,0,0,0,0,0,0,0,,,,
93|81,0,0,0,0,0,0,0,1,0,0,1,0,0,0,0,0,0|0#1|0#2|0#3|2#4|0#5|1#6|0#7|0#8|0#9|1#10|1#11|0#12|0,0|0#1|0#2|0#3|0#4|0#5|0#6|0#7|0#8|0#9|0#10|0#11|0#12|0,0|0#1|0#2|0#3|1#4|1#5|1#6|0#7|0#8|0#9|0#10|0#11|1#12|0,0|0#1|0#2|0#3|0#4|0#5|0#6|0#7|0#8|0#9|0#10|0#11|0#12|0
25|29,0,0,0,0,0,0,0,0,0,0,0,0,0,0,0,0,,,,
84|87,0,1,1,0,0,0,0,0,0,0,0,0,2,0,0,0,0|0#1|0#2|0#3|0#4|0#5|0#6|0#7|0#8|0#9|0#10|0#11|0#12|0,0|0#1|0#2|0#3|0#4|0#5|0#6|0#7|0#8|0#9|0#10|0#11|0#12|0,0|0#1|0#2|0#3|0#4|0#5|0#6|0#7|0#8|0#9|0#10|0#11|0#12|0,0|0#1|0#2|0#3|0#4|0#5|0#6|0#7|0#8|0#9|0#10|0#11|0#12|0
119|82,12,1,7,0,1,1,1,0,0,0,1,4,3,0,0,0,0|0#1|0#2|0#3|0#4|0#5|0#6|0#7|0#8|0#9|0#10|0#11|0#12|0,0|0#1|0#2|0#3|0#4|0#5|0#6|0#7|0#8|0#9|0#10|0#11|0#12|0,0|0#1|0#2|0#3|0#4|1#5|0#6|0#7|0#8|0#9|0#10|0#11|0#12|0,0|0#1|0#2|0#3|0#4|0#5|0#6|0#7|0#8|0#9|0#10|0#11|0#12|0
46|137,0,0,0,0,0,0,0,0,0,0,0,0,0,0,0,0,,,,
39|96,0,0,0,0,0,0,0,0,0,0,0,0,0,0,0,0,,,,
